Replication, Day, Queue Amount
0, 365, 5000
0, 366, 4943
0, 367, 4883
0, 368, 4829
0, 369, 4771
0, 370, 4724
0, 371, 4752
0, 372, 4786
0, 373, 4730
0, 374, 4653
0, 375, 4606
0, 376, 4560
0, 377, 4502
0, 378, 4545
0, 379, 4574
0, 380, 4513
0, 381, 4437
0, 382, 4356
0, 383, 4279
0, 384, 4201
0, 385, 4242
0, 386, 4280
0, 387, 4210
0, 388, 4159
0, 389, 4104
0, 390, 4013
0, 391, 3949
0, 392, 3977
0, 393, 4011
0, 394, 3950
0, 395, 3904
0, 396, 3846
0, 397, 3786
0, 398, 3725
0, 399, 3758
0, 400, 3792
0, 401, 3743
0, 402, 3677
0, 403, 3595
0, 404, 3530
0, 405, 3443
0, 406, 3482
0, 407, 3510
0, 408, 3450
0, 409, 3381
0, 410, 3306
0, 411, 3252
0, 412, 3185
0, 413, 3220
0, 414, 3254
0, 415, 3186
0, 416, 3126
0, 417, 3073
0, 418, 3001
0, 419, 2934
0, 420, 2965
0, 421, 3005
0, 422, 2947
0, 423, 2888
0, 424, 2806
0, 425, 2768
0, 426, 2697
0, 427, 2729
0, 428, 2764
0, 429, 2698
0, 430, 2649
0, 431, 2571
0, 432, 2484
0, 433, 2408
0, 434, 2436
0, 435, 2478
0, 436, 2409
0, 437, 2331
0, 438, 2255
0, 439, 2189
0, 440, 2147
0, 441, 2177
0, 442, 2217
0, 443, 2152
0, 444, 2102
0, 445, 2048
0, 446, 1976
0, 447, 1904
0, 448, 1934
0, 449, 1976
0, 450, 1915
0, 451, 1863
0, 452, 1813
0, 453, 1734
0, 454, 1678
0, 455, 1719
0, 456, 1760
0, 457, 1735
0, 458, 1686
0, 459, 1630
0, 460, 1564
0, 461, 1502
0, 462, 1548
0, 463, 1585
0, 464, 1538
0, 465, 1473
0, 466, 1425
0, 467, 1347
0, 468, 1303
0, 469, 1341
0, 470, 1377
0, 471, 1296
0, 472, 1250
0, 473, 1186
0, 474, 1129
0, 475, 1059
0, 476, 1089
0, 477, 1124
0, 478, 1071
0, 479, 1004
0, 480, 946
0, 481, 892
0, 482, 835
0, 483, 855
0, 484, 881
0, 485, 814
0, 486, 728
0, 487, 670
0, 488, 617
0, 489, 534
0, 490, 562
0, 491, 598
0, 492, 517
0, 493, 455
0, 494, 390
0, 495, 326
0, 496, 255
0, 497, 289
0, 498, 321
0, 499, 287
0, 500, 218
0, 501, 173
0, 502, 115
0, 503, 49
0, 504, 84
0, 505, 113
0, 506, 31
0, 507, 0
0, 508, 0
0, 509, 0
0, 510, 0
0, 511, 32
0, 512, 63
0, 513, 10
0, 514, 0
0, 515, 0
0, 516, 0
0, 517, 0
0, 518, 27
0, 519, 58
0, 520, 2
0, 521, 0
0, 522, 0
0, 523, 0
0, 524, 0
0, 525, 42
0, 526, 69
0, 527, 9
0, 528, 0
0, 529, 0
0, 530, 0
0, 531, 0
0, 532, 36
0, 533, 64
0, 534, 1
0, 535, 0
0, 536, 0
0, 537, 1
0, 538, 0
0, 539, 27
0, 540, 63
0, 541, 6
0, 542, 0
0, 543, 0
0, 544, 0
0, 545, 0
0, 546, 31
0, 547, 67
0, 548, 7
0, 549, 0
0, 550, 0
0, 551, 0
0, 552, 1
0, 553, 34
0, 554, 72
0, 555, 31
0, 556, 0
0, 557, 0
0, 558, 1
0, 559, 0
0, 560, 45
0, 561, 77
0, 562, 7
0, 563, 0
0, 564, 0
0, 565, 1
0, 566, 1
0, 567, 30
0, 568, 71
0, 569, 12
0, 570, 0
0, 571, 0
0, 572, 0
0, 573, 1
0, 574, 42
0, 575, 80
0, 576, 38
0, 577, 2
0, 578, 2
0, 579, 0
0, 580, 2
0, 581, 33
0, 582, 68
0, 583, 14
0, 584, 0
0, 585, 0
0, 586, 0
0, 587, 0
0, 588, 32
0, 589, 66
0, 590, 13
0, 591, 0
0, 592, 0
0, 593, 0
0, 594, 0
0, 595, 40
0, 596, 80
0, 597, 49
0, 598, 7
0, 599, 0
0, 600, 0
0, 601, 0
0, 602, 35
0, 603, 80
0, 604, 29
0, 605, 1
0, 606, 1
0, 607, 0
0, 608, 0
0, 609, 27
0, 610, 62
0, 611, 6
0, 612, 0
0, 613, 0
0, 614, 2
0, 615, 0
0, 616, 37
0, 617, 70
0, 618, 24
0, 619, 0
0, 620, 0
0, 621, 0
0, 622, 0
0, 623, 29
0, 624, 70
0, 625, 29
0, 626, 0
0, 627, 0
0, 628, 0
0, 629, 0
0, 630, 42
0, 631, 75
0, 632, 32
0, 633, 1
0, 634, 0
0, 635, 0
0, 636, 0
0, 637, 27
0, 638, 62
0, 639, 23
0, 640, 0
0, 641, 0
0, 642, 0
0, 643, 1
0, 644, 30
0, 645, 77
0, 646, 30
0, 647, 0
0, 648, 0
0, 649, 0
0, 650, 0
0, 651, 33
0, 652, 56
0, 653, 0
0, 654, 1
0, 655, 1
0, 656, 1
0, 657, 0
0, 658, 35
0, 659, 68
0, 660, 15
0, 661, 0
0, 662, 0
0, 663, 1
0, 664, 0
0, 665, 34
0, 666, 71
0, 667, 10
0, 668, 0
0, 669, 0
0, 670, 0
0, 671, 0
0, 672, 27
0, 673, 55
0, 674, 0
0, 675, 0
0, 676, 0
0, 677, 0
0, 678, 0
0, 679, 36
0, 680, 71
0, 681, 1
0, 682, 0
0, 683, 0
0, 684, 0
0, 685, 0
0, 686, 39
0, 687, 69
0, 688, 22
0, 689, 0
0, 690, 0
0, 691, 0
0, 692, 0
0, 693, 30
0, 694, 75
0, 695, 32
0, 696, 0
0, 697, 0
0, 698, 0
0, 699, 0
0, 700, 35
0, 701, 75
0, 702, 23
0, 703, 0
0, 704, 0
0, 705, 0
0, 706, 0
0, 707, 37
0, 708, 64
0, 709, 33
0, 710, 0
0, 711, 0
0, 712, 0
0, 713, 0
0, 714, 36
0, 715, 71
0, 716, 6
0, 717, 0
0, 718, 0
0, 719, 0
0, 720, 0
0, 721, 32
0, 722, 61
0, 723, 0
0, 724, 0
0, 725, 0
0, 726, 0
0, 727, 0
0, 728, 41
0, 729, 79
0, 730, 43
0, 731, 65
0, 732, 88
0, 733, 102
0, 734, 133
0, 735, 230
0, 736, 257
0, 737, 204
0, 738, 226
0, 739, 235
0, 740, 246
0, 741, 262
0, 742, 385
0, 743, 428
0, 744, 356
0, 745, 368
0, 746, 386
0, 747, 422
0, 748, 470
0, 749, 594
0, 750, 628
0, 751, 592
0, 752, 605
0, 753, 614
0, 754, 616
0, 755, 647
0, 756, 764
0, 757, 804
0, 758, 754
0, 759, 770
0, 760, 789
0, 761, 800
0, 762, 797
0, 763, 912
0, 764, 939
0, 765, 896
0, 766, 940
0, 767, 964
0, 768, 970
0, 769, 981
0, 770, 1110
0, 771, 1152
0, 772, 1075
0, 773, 1111
0, 774, 1144
0, 775, 1149
0, 776, 1164
0, 777, 1269
0, 778, 1298
0, 779, 1221
0, 780, 1242
0, 781, 1270
0, 782, 1274
0, 783, 1307
0, 784, 1405
0, 785, 1442
0, 786, 1375
0, 787, 1393
0, 788, 1417
0, 789, 1442
0, 790, 1455
0, 791, 1576
0, 792, 1609
0, 793, 1532
0, 794, 1560
0, 795, 1550
0, 796, 1580
0, 797, 1601
0, 798, 1716
0, 799, 1752
0, 800, 1674
0, 801, 1667
0, 802, 1697
0, 803, 1710
0, 804, 1714
0, 805, 1810
0, 806, 1840
0, 807, 1783
0, 808, 1808
0, 809, 1822
0, 810, 1792
0, 811, 1825
0, 812, 1932
0, 813, 1969
0, 814, 1904
0, 815, 1923
0, 816, 1928
0, 817, 1927
0, 818, 1968
0, 819, 2052
0, 820, 2079
0, 821, 2017
0, 822, 2003
0, 823, 2016
0, 824, 2026
0, 825, 2046
0, 826, 2148
0, 827, 2185
0, 828, 2149
0, 829, 2171
0, 830, 2176
0, 831, 2195
0, 832, 2227
0, 833, 2317
0, 834, 2353
0, 835, 2309
0, 836, 2338
0, 837, 2347
0, 838, 2386
0, 839, 2387
0, 840, 2511
0, 841, 2546
0, 842, 2494
0, 843, 2505
0, 844, 2523
0, 845, 2540
0, 846, 2568
0, 847, 2678
0, 848, 2712
0, 849, 2655
0, 850, 2704
0, 851, 2730
0, 852, 2768
0, 853, 2779
0, 854, 2917
0, 855, 2949
0, 856, 2887
0, 857, 2908
0, 858, 2912
0, 859, 2939
0, 860, 2960
0, 861, 3075
0, 862, 3110
0, 863, 3032
0, 864, 3037
0, 865, 3042
0, 866, 3049
0, 867, 3086
0, 868, 3193
0, 869, 3225
0, 870, 3184
0, 871, 3234
0, 872, 3220
0, 873, 3193
0, 874, 3176
0, 875, 3232
0, 876, 3258
0, 877, 3209
0, 878, 3235
0, 879, 3234
0, 880, 3233
0, 881, 3194
0, 882, 3256
0, 883, 3279
0, 884, 3216
0, 885, 3230
0, 886, 3194
0, 887, 3177
0, 888, 3153
0, 889, 3224
0, 890, 3251
0, 891, 3197
0, 892, 3210
0, 893, 3162
0, 894, 3140
0, 895, 3133
0, 896, 3202
0, 897, 3243
0, 898, 3196
0, 899, 3226
0, 900, 3192
0, 901, 3180
0, 902, 3159
0, 903, 3227
0, 904, 3254
0, 905, 3194
0, 906, 3206
0, 907, 3203
0, 908, 3189
0, 909, 3155
0, 910, 3226
0, 911, 3262
0, 912, 3222
0, 913, 3238
0, 914, 3237
0, 915, 3244
0, 916, 3209
0, 917, 3291
0, 918, 3318
0, 919, 3255
0, 920, 3249
0, 921, 3258
0, 922, 3241
0, 923, 3211
0, 924, 3270
0, 925, 3309
0, 926, 3261
0, 927, 3274
0, 928, 3274
0, 929, 3237
0, 930, 3227
0, 931, 3285
0, 932, 3331
0, 933, 3278
0, 934, 3276
0, 935, 3271
0, 936, 3233
0, 937, 3215
0, 938, 3281
0, 939, 3308
0, 940, 3256
0, 941, 3275
0, 942, 3298
0, 943, 3288
0, 944, 3282
0, 945, 3365
0, 946, 3405
0, 947, 3360
0, 948, 3392
0, 949, 3375
0, 950, 3359
0, 951, 3320
0, 952, 3390
0, 953, 3416
0, 954, 3349
0, 955, 3383
0, 956, 3362
0, 957, 3357
0, 958, 3355
0, 959, 3422
0, 960, 3450
0, 961, 3387
0, 962, 3404
0, 963, 3426
0, 964, 3390
0, 965, 3360
0, 966, 3429
0, 967, 3456
0, 968, 3390
0, 969, 3407
0, 970, 3443
0, 971, 3421
0, 972, 3403
0, 973, 3475
0, 974, 3511
0, 975, 3452
0, 976, 3494
0, 977, 3470
0, 978, 3442
0, 979, 3422
0, 980, 3504
0, 981, 3530
0, 982, 3469
0, 983, 3491
0, 984, 3487
0, 985, 3477
0, 986, 3461
0, 987, 3531
0, 988, 3568
0, 989, 3527
0, 990, 3550
0, 991, 3571
0, 992, 3542
0, 993, 3508
0, 994, 3584
0, 995, 3618
0, 996, 3565
0, 997, 3570
0, 998, 3572
0, 999, 3536
0, 1000, 3510
0, 1001, 3578
0, 1002, 3612
0, 1003, 3556
0, 1004, 3568
0, 1005, 3564
0, 1006, 3533
0, 1007, 3511
0, 1008, 3577
0, 1009, 3619
0, 1010, 3574
0, 1011, 3598
0, 1012, 3612
0, 1013, 3607
0, 1014, 3555
0, 1015, 3623
0, 1016, 3667
0, 1017, 3644
0, 1018, 3671
0, 1019, 3661
0, 1020, 3643
0, 1021, 3622
0, 1022, 3696
0, 1023, 3722
0, 1024, 3665
0, 1025, 3684
0, 1026, 3686
0, 1027, 3664
0, 1028, 3645
0, 1029, 3722
0, 1030, 3761
0, 1031, 3713
0, 1032, 3762
0, 1033, 3756
0, 1034, 3748
0, 1035, 3718
0, 1036, 3787
0, 1037, 3819
0, 1038, 3766
0, 1039, 3794
0, 1040, 3758
0, 1041, 3743
0, 1042, 3711
0, 1043, 3789
0, 1044, 3826
0, 1045, 3771
0, 1046, 3811
0, 1047, 3784
0, 1048, 3776
0, 1049, 3747
0, 1050, 3824
0, 1051, 3863
0, 1052, 3812
0, 1053, 3816
0, 1054, 3820
0, 1055, 3780
0, 1056, 3759
0, 1057, 3830
0, 1058, 3863
0, 1059, 3804
0, 1060, 3834
0, 1061, 3831
0, 1062, 3808
0, 1063, 3781
0, 1064, 3844
0, 1065, 3877
0, 1066, 3826
0, 1067, 3854
0, 1068, 3854
0, 1069, 3847
0, 1070, 3830
0, 1071, 3901
0, 1072, 3946
0, 1073, 3894
0, 1074, 3926
0, 1075, 3934
0, 1076, 3911
0, 1077, 3880
0, 1078, 3955
0, 1079, 3990
0, 1080, 3946
0, 1081, 3980
0, 1082, 3974
0, 1083, 3959
0, 1084, 3942
0, 1085, 3999
0, 1086, 4024
0, 1087, 3972
0, 1088, 4005
0, 1089, 3972
0, 1090, 3953
0, 1091, 3914
0, 1092, 3971
0, 1093, 4006
0, 1094, 3968
1, 365, 5000
1, 366, 4924
1, 367, 4861
1, 368, 4793
1, 369, 4724
1, 370, 4655
1, 371, 4685
1, 372, 4724
1, 373, 4647
1, 374, 4588
1, 375, 4496
1, 376, 4448
1, 377, 4392
1, 378, 4430
1, 379, 4471
1, 380, 4391
1, 381, 4340
1, 382, 4270
1, 383, 4193
1, 384, 4131
1, 385, 4161
1, 386, 4201
1, 387, 4136
1, 388, 4096
1, 389, 4039
1, 390, 3988
1, 391, 3909
1, 392, 3943
1, 393, 3973
1, 394, 3883
1, 395, 3827
1, 396, 3767
1, 397, 3698
1, 398, 3644
1, 399, 3681
1, 400, 3716
1, 401, 3651
1, 402, 3578
1, 403, 3526
1, 404, 3460
1, 405, 3386
1, 406, 3424
1, 407, 3453
1, 408, 3406
1, 409, 3351
1, 410, 3279
1, 411, 3224
1, 412, 3161
1, 413, 3209
1, 414, 3248
1, 415, 3187
1, 416, 3138
1, 417, 3087
1, 418, 3021
1, 419, 2957
1, 420, 2999
1, 421, 3034
1, 422, 2964
1, 423, 2900
1, 424, 2834
1, 425, 2784
1, 426, 2721
1, 427, 2751
1, 428, 2784
1, 429, 2739
1, 430, 2664
1, 431, 2607
1, 432, 2556
1, 433, 2484
1, 434, 2506
1, 435, 2538
1, 436, 2470
1, 437, 2407
1, 438, 2332
1, 439, 2258
1, 440, 2194
1, 441, 2219
1, 442, 2247
1, 443, 2175
1, 444, 2116
1, 445, 2046
1, 446, 1983
1, 447, 1913
1, 448, 1948
1, 449, 1981
1, 450, 1937
1, 451, 1865
1, 452, 1797
1, 453, 1743
1, 454, 1685
1, 455, 1719
1, 456, 1752
1, 457, 1713
1, 458, 1652
1, 459, 1582
1, 460, 1538
1, 461, 1461
1, 462, 1499
1, 463, 1531
1, 464, 1461
1, 465, 1413
1, 466, 1363
1, 467, 1294
1, 468, 1250
1, 469, 1284
1, 470, 1313
1, 471, 1252
1, 472, 1193
1, 473, 1117
1, 474, 1062
1, 475, 1015
1, 476, 1044
1, 477, 1076
1, 478, 1001
1, 479, 922
1, 480, 861
1, 481, 794
1, 482, 731
1, 483, 773
1, 484, 810
1, 485, 750
1, 486, 691
1, 487, 621
1, 488, 571
1, 489, 520
1, 490, 564
1, 491, 596
1, 492, 548
1, 493, 464
1, 494, 415
1, 495, 359
1, 496, 318
1, 497, 368
1, 498, 403
1, 499, 333
1, 500, 264
1, 501, 205
1, 502, 162
1, 503, 103
1, 504, 142
1, 505, 171
1, 506, 134
1, 507, 71
1, 508, 1
1, 509, 0
1, 510, 0
1, 511, 36
1, 512, 67
1, 513, 0
1, 514, 0
1, 515, 0
1, 516, 1
1, 517, 0
1, 518, 30
1, 519, 57
1, 520, 0
1, 521, 0
1, 522, 0
1, 523, 0
1, 524, 0
1, 525, 28
1, 526, 61
1, 527, 11
1, 528, 0
1, 529, 0
1, 530, 0
1, 531, 0
1, 532, 37
1, 533, 73
1, 534, 8
1, 535, 1
1, 536, 0
1, 537, 0
1, 538, 1
1, 539, 37
1, 540, 64
1, 541, 0
1, 542, 0
1, 543, 1
1, 544, 0
1, 545, 0
1, 546, 37
1, 547, 71
1, 548, 15
1, 549, 0
1, 550, 0
1, 551, 0
1, 552, 0
1, 553, 37
1, 554, 79
1, 555, 60
1, 556, 10
1, 557, 1
1, 558, 0
1, 559, 0
1, 560, 36
1, 561, 66
1, 562, 32
1, 563, 1
1, 564, 1
1, 565, 0
1, 566, 0
1, 567, 41
1, 568, 77
1, 569, 8
1, 570, 0
1, 571, 0
1, 572, 0
1, 573, 0
1, 574, 37
1, 575, 78
1, 576, 16
1, 577, 0
1, 578, 1
1, 579, 0
1, 580, 1
1, 581, 32
1, 582, 68
1, 583, 18
1, 584, 0
1, 585, 0
1, 586, 0
1, 587, 1
1, 588, 30
1, 589, 67
1, 590, 5
1, 591, 0
1, 592, 1
1, 593, 0
1, 594, 0
1, 595, 25
1, 596, 65
1, 597, 0
1, 598, 0
1, 599, 0
1, 600, 0
1, 601, 1
1, 602, 35
1, 603, 60
1, 604, 0
1, 605, 0
1, 606, 1
1, 607, 0
1, 608, 0
1, 609, 46
1, 610, 73
1, 611, 31
1, 612, 0
1, 613, 0
1, 614, 0
1, 615, 0
1, 616, 27
1, 617, 67
1, 618, 25
1, 619, 0
1, 620, 0
1, 621, 0
1, 622, 0
1, 623, 31
1, 624, 74
1, 625, 8
1, 626, 1
1, 627, 0
1, 628, 0
1, 629, 0
1, 630, 40
1, 631, 80
1, 632, 4
1, 633, 1
1, 634, 1
1, 635, 0
1, 636, 0
1, 637, 42
1, 638, 85
1, 639, 5
1, 640, 0
1, 641, 0
1, 642, 0
1, 643, 0
1, 644, 36
1, 645, 83
1, 646, 50
1, 647, 5
1, 648, 0
1, 649, 1
1, 650, 0
1, 651, 36
1, 652, 78
1, 653, 30
1, 654, 1
1, 655, 0
1, 656, 0
1, 657, 0
1, 658, 35
1, 659, 72
1, 660, 6
1, 661, 1
1, 662, 0
1, 663, 0
1, 664, 0
1, 665, 22
1, 666, 50
1, 667, 2
1, 668, 0
1, 669, 0
1, 670, 0
1, 671, 0
1, 672, 31
1, 673, 68
1, 674, 21
1, 675, 0
1, 676, 0
1, 677, 0
1, 678, 0
1, 679, 29
1, 680, 66
1, 681, 13
1, 682, 0
1, 683, 0
1, 684, 0
1, 685, 0
1, 686, 30
1, 687, 65
1, 688, 3
1, 689, 0
1, 690, 0
1, 691, 0
1, 692, 0
1, 693, 30
1, 694, 66
1, 695, 20
1, 696, 0
1, 697, 0
1, 698, 0
1, 699, 0
1, 700, 37
1, 701, 75
1, 702, 1
1, 703, 0
1, 704, 0
1, 705, 0
1, 706, 1
1, 707, 38
1, 708, 71
1, 709, 9
1, 710, 0
1, 711, 0
1, 712, 0
1, 713, 0
1, 714, 46
1, 715, 91
1, 716, 38
1, 717, 0
1, 718, 0
1, 719, 0
1, 720, 0
1, 721, 45
1, 722, 79
1, 723, 34
1, 724, 0
1, 725, 0
1, 726, 0
1, 727, 0
1, 728, 48
1, 729, 85
1, 730, 40
1, 731, 46
1, 732, 62
1, 733, 73
1, 734, 92
1, 735, 196
1, 736, 234
1, 737, 193
1, 738, 213
1, 739, 234
1, 740, 274
1, 741, 290
1, 742, 403
1, 743, 436
1, 744, 371
1, 745, 384
1, 746, 387
1, 747, 401
1, 748, 423
1, 749, 525
1, 750, 556
1, 751, 518
1, 752, 548
1, 753, 560
1, 754, 573
1, 755, 582
1, 756, 695
1, 757, 730
1, 758, 662
1, 759, 695
1, 760, 709
1, 761, 719
1, 762, 747
1, 763, 854
1, 764, 891
1, 765, 840
1, 766, 855
1, 767, 858
1, 768, 869
1, 769, 902
1, 770, 1027
1, 771, 1060
1, 772, 1004
1, 773, 1016
1, 774, 1041
1, 775, 1064
1, 776, 1095
1, 777, 1215
1, 778, 1256
1, 779, 1198
1, 780, 1188
1, 781, 1168
1, 782, 1175
1, 783, 1198
1, 784, 1304
1, 785, 1349
1, 786, 1296
1, 787, 1308
1, 788, 1311
1, 789, 1342
1, 790, 1344
1, 791, 1453
1, 792, 1489
1, 793, 1422
1, 794, 1428
1, 795, 1427
1, 796, 1436
1, 797, 1436
1, 798, 1550
1, 799, 1583
1, 800, 1527
1, 801, 1568
1, 802, 1583
1, 803, 1587
1, 804, 1606
1, 805, 1735
1, 806, 1765
1, 807, 1707
1, 808, 1723
1, 809, 1741
1, 810, 1762
1, 811, 1770
1, 812, 1889
1, 813, 1930
1, 814, 1882
1, 815, 1880
1, 816, 1894
1, 817, 1920
1, 818, 1947
1, 819, 2049
1, 820, 2085
1, 821, 2039
1, 822, 2035
1, 823, 2061
1, 824, 2097
1, 825, 2122
1, 826, 2247
1, 827, 2278
1, 828, 2232
1, 829, 2238
1, 830, 2252
1, 831, 2255
1, 832, 2279
1, 833, 2365
1, 834, 2399
1, 835, 2351
1, 836, 2372
1, 837, 2378
1, 838, 2381
1, 839, 2402
1, 840, 2504
1, 841, 2536
1, 842, 2482
1, 843, 2469
1, 844, 2501
1, 845, 2510
1, 846, 2565
1, 847, 2683
1, 848, 2727
1, 849, 2682
1, 850, 2690
1, 851, 2707
1, 852, 2723
1, 853, 2743
1, 854, 2860
1, 855, 2889
1, 856, 2826
1, 857, 2845
1, 858, 2911
1, 859, 2909
1, 860, 2940
1, 861, 3035
1, 862, 3079
1, 863, 3006
1, 864, 3029
1, 865, 3043
1, 866, 3082
1, 867, 3114
1, 868, 3227
1, 869, 3267
1, 870, 3217
1, 871, 3216
1, 872, 3264
1, 873, 3295
1, 874, 3268
1, 875, 3349
1, 876, 3384
1, 877, 3343
1, 878, 3383
1, 879, 3374
1, 880, 3339
1, 881, 3308
1, 882, 3364
1, 883, 3389
1, 884, 3320
1, 885, 3353
1, 886, 3327
1, 887, 3278
1, 888, 3235
1, 889, 3301
1, 890, 3351
1, 891, 3297
1, 892, 3324
1, 893, 3284
1, 894, 3258
1, 895, 3243
1, 896, 3311
1, 897, 3349
1, 898, 3316
1, 899, 3358
1, 900, 3338
1, 901, 3340
1, 902, 3306
1, 903, 3384
1, 904, 3409
1, 905, 3357
1, 906, 3391
1, 907, 3365
1, 908, 3341
1, 909, 3333
1, 910, 3397
1, 911, 3433
1, 912, 3373
1, 913, 3389
1, 914, 3383
1, 915, 3374
1, 916, 3338
1, 917, 3401
1, 918, 3435
1, 919, 3392
1, 920, 3417
1, 921, 3415
1, 922, 3409
1, 923, 3403
1, 924, 3449
1, 925, 3486
1, 926, 3420
1, 927, 3415
1, 928, 3426
1, 929, 3381
1, 930, 3348
1, 931, 3421
1, 932, 3462
1, 933, 3397
1, 934, 3411
1, 935, 3376
1, 936, 3368
1, 937, 3371
1, 938, 3420
1, 939, 3456
1, 940, 3394
1, 941, 3420
1, 942, 3385
1, 943, 3378
1, 944, 3397
1, 945, 3455
1, 946, 3487
1, 947, 3447
1, 948, 3476
1, 949, 3470
1, 950, 3440
1, 951, 3426
1, 952, 3475
1, 953, 3521
1, 954, 3459
1, 955, 3494
1, 956, 3485
1, 957, 3449
1, 958, 3445
1, 959, 3508
1, 960, 3538
1, 961, 3479
1, 962, 3510
1, 963, 3497
1, 964, 3498
1, 965, 3467
1, 966, 3528
1, 967, 3561
1, 968, 3491
1, 969, 3513
1, 970, 3492
1, 971, 3469
1, 972, 3449
1, 973, 3512
1, 974, 3554
1, 975, 3491
1, 976, 3500
1, 977, 3502
1, 978, 3473
1, 979, 3442
1, 980, 3512
1, 981, 3548
1, 982, 3504
1, 983, 3514
1, 984, 3486
1, 985, 3450
1, 986, 3441
1, 987, 3516
1, 988, 3553
1, 989, 3504
1, 990, 3540
1, 991, 3496
1, 992, 3452
1, 993, 3444
1, 994, 3502
1, 995, 3525
1, 996, 3457
1, 997, 3495
1, 998, 3467
1, 999, 3464
1, 1000, 3467
1, 1001, 3534
1, 1002, 3577
1, 1003, 3506
1, 1004, 3547
1, 1005, 3510
1, 1006, 3470
1, 1007, 3446
1, 1008, 3508
1, 1009, 3547
1, 1010, 3492
1, 1011, 3507
1, 1012, 3529
1, 1013, 3535
1, 1014, 3524
1, 1015, 3595
1, 1016, 3631
1, 1017, 3599
1, 1018, 3607
1, 1019, 3611
1, 1020, 3597
1, 1021, 3567
1, 1022, 3651
1, 1023, 3687
1, 1024, 3656
1, 1025, 3695
1, 1026, 3681
1, 1027, 3649
1, 1028, 3625
1, 1029, 3691
1, 1030, 3732
1, 1031, 3669
1, 1032, 3683
1, 1033, 3638
1, 1034, 3629
1, 1035, 3599
1, 1036, 3673
1, 1037, 3715
1, 1038, 3679
1, 1039, 3697
1, 1040, 3670
1, 1041, 3636
1, 1042, 3608
1, 1043, 3661
1, 1044, 3691
1, 1045, 3618
1, 1046, 3644
1, 1047, 3606
1, 1048, 3588
1, 1049, 3557
1, 1050, 3631
1, 1051, 3668
1, 1052, 3614
1, 1053, 3632
1, 1054, 3603
1, 1055, 3581
1, 1056, 3581
1, 1057, 3651
1, 1058, 3686
1, 1059, 3621
1, 1060, 3647
1, 1061, 3650
1, 1062, 3637
1, 1063, 3604
1, 1064, 3669
1, 1065, 3697
1, 1066, 3629
1, 1067, 3667
1, 1068, 3667
1, 1069, 3643
1, 1070, 3607
1, 1071, 3677
1, 1072, 3705
1, 1073, 3665
1, 1074, 3667
1, 1075, 3653
1, 1076, 3622
1, 1077, 3591
1, 1078, 3659
1, 1079, 3694
1, 1080, 3636
1, 1081, 3661
1, 1082, 3662
1, 1083, 3642
1, 1084, 3616
1, 1085, 3682
1, 1086, 3710
1, 1087, 3646
1, 1088, 3659
1, 1089, 3700
1, 1090, 3673
1, 1091, 3639
1, 1092, 3702
1, 1093, 3724
1, 1094, 3673
2, 365, 5000
2, 366, 4934
2, 367, 4860
2, 368, 4799
2, 369, 4743
2, 370, 4662
2, 371, 4702
2, 372, 4744
2, 373, 4674
2, 374, 4616
2, 375, 4566
2, 376, 4500
2, 377, 4434
2, 378, 4463
2, 379, 4508
2, 380, 4457
2, 381, 4386
2, 382, 4308
2, 383, 4240
2, 384, 4168
2, 385, 4197
2, 386, 4231
2, 387, 4179
2, 388, 4123
2, 389, 4050
2, 390, 3980
2, 391, 3929
2, 392, 3966
2, 393, 4009
2, 394, 3959
2, 395, 3915
2, 396, 3847
2, 397, 3778
2, 398, 3714
2, 399, 3748
2, 400, 3788
2, 401, 3730
2, 402, 3689
2, 403, 3651
2, 404, 3567
2, 405, 3489
2, 406, 3505
2, 407, 3539
2, 408, 3465
2, 409, 3407
2, 410, 3342
2, 411, 3267
2, 412, 3214
2, 413, 3257
2, 414, 3289
2, 415, 3236
2, 416, 3171
2, 417, 3089
2, 418, 3028
2, 419, 2972
2, 420, 3009
2, 421, 3052
2, 422, 2983
2, 423, 2928
2, 424, 2866
2, 425, 2778
2, 426, 2709
2, 427, 2753
2, 428, 2784
2, 429, 2736
2, 430, 2668
2, 431, 2606
2, 432, 2530
2, 433, 2467
2, 434, 2502
2, 435, 2537
2, 436, 2484
2, 437, 2427
2, 438, 2373
2, 439, 2310
2, 440, 2251
2, 441, 2281
2, 442, 2306
2, 443, 2246
2, 444, 2194
2, 445, 2140
2, 446, 2103
2, 447, 2050
2, 448, 2077
2, 449, 2135
2, 450, 2069
2, 451, 2015
2, 452, 1954
2, 453, 1892
2, 454, 1830
2, 455, 1859
2, 456, 1897
2, 457, 1826
2, 458, 1779
2, 459, 1712
2, 460, 1652
2, 461, 1594
2, 462, 1633
2, 463, 1666
2, 464, 1597
2, 465, 1537
2, 466, 1470
2, 467, 1404
2, 468, 1340
2, 469, 1373
2, 470, 1401
2, 471, 1354
2, 472, 1294
2, 473, 1232
2, 474, 1178
2, 475, 1120
2, 476, 1152
2, 477, 1181
2, 478, 1125
2, 479, 1085
2, 480, 1026
2, 481, 967
2, 482, 904
2, 483, 943
2, 484, 976
2, 485, 910
2, 486, 851
2, 487, 785
2, 488, 746
2, 489, 672
2, 490, 702
2, 491, 733
2, 492, 682
2, 493, 647
2, 494, 575
2, 495, 516
2, 496, 459
2, 497, 492
2, 498, 528
2, 499, 464
2, 500, 429
2, 501, 375
2, 502, 319
2, 503, 245
2, 504, 277
2, 505, 310
2, 506, 255
2, 507, 197
2, 508, 127
2, 509, 80
2, 510, 6
2, 511, 47
2, 512, 88
2, 513, 64
2, 514, 0
2, 515, 0
2, 516, 1
2, 517, 0
2, 518, 31
2, 519, 62
2, 520, 0
2, 521, 0
2, 522, 0
2, 523, 0
2, 524, 0
2, 525, 43
2, 526, 82
2, 527, 18
2, 528, 0
2, 529, 0
2, 530, 0
2, 531, 0
2, 532, 37
2, 533, 65
2, 534, 23
2, 535, 0
2, 536, 0
2, 537, 0
2, 538, 0
2, 539, 45
2, 540, 77
2, 541, 37
2, 542, 1
2, 543, 0
2, 544, 0
2, 545, 0
2, 546, 36
2, 547, 73
2, 548, 1
2, 549, 1
2, 550, 1
2, 551, 0
2, 552, 2
2, 553, 48
2, 554, 76
2, 555, 30
2, 556, 0
2, 557, 0
2, 558, 0
2, 559, 0
2, 560, 39
2, 561, 74
2, 562, 22
2, 563, 1
2, 564, 1
2, 565, 1
2, 566, 1
2, 567, 50
2, 568, 80
2, 569, 35
2, 570, 0
2, 571, 0
2, 572, 0
2, 573, 0
2, 574, 31
2, 575, 68
2, 576, 32
2, 577, 0
2, 578, 1
2, 579, 0
2, 580, 1
2, 581, 46
2, 582, 86
2, 583, 24
2, 584, 0
2, 585, 0
2, 586, 0
2, 587, 0
2, 588, 35
2, 589, 71
2, 590, 39
2, 591, 0
2, 592, 0
2, 593, 0
2, 594, 1
2, 595, 35
2, 596, 68
2, 597, 21
2, 598, 0
2, 599, 0
2, 600, 0
2, 601, 0
2, 602, 34
2, 603, 65
2, 604, 22
2, 605, 1
2, 606, 0
2, 607, 0
2, 608, 0
2, 609, 33
2, 610, 65
2, 611, 8
2, 612, 0
2, 613, 0
2, 614, 0
2, 615, 0
2, 616, 30
2, 617, 58
2, 618, 5
2, 619, 0
2, 620, 1
2, 621, 0
2, 622, 0
2, 623, 35
2, 624, 72
2, 625, 17
2, 626, 0
2, 627, 0
2, 628, 0
2, 629, 0
2, 630, 31
2, 631, 63
2, 632, 15
2, 633, 0
2, 634, 0
2, 635, 0
2, 636, 0
2, 637, 39
2, 638, 73
2, 639, 32
2, 640, 1
2, 641, 1
2, 642, 0
2, 643, 1
2, 644, 41
2, 645, 82
2, 646, 49
2, 647, 2
2, 648, 0
2, 649, 0
2, 650, 0
2, 651, 33
2, 652, 70
2, 653, 13
2, 654, 0
2, 655, 0
2, 656, 0
2, 657, 0
2, 658, 46
2, 659, 72
2, 660, 14
2, 661, 0
2, 662, 0
2, 663, 1
2, 664, 0
2, 665, 35
2, 666, 81
2, 667, 23
2, 668, 0
2, 669, 0
2, 670, 0
2, 671, 1
2, 672, 47
2, 673, 79
2, 674, 53
2, 675, 0
2, 676, 0
2, 677, 0
2, 678, 0
2, 679, 33
2, 680, 69
2, 681, 19
2, 682, 0
2, 683, 0
2, 684, 0
2, 685, 0
2, 686, 31
2, 687, 71
2, 688, 0
2, 689, 0
2, 690, 0
2, 691, 0
2, 692, 1
2, 693, 29
2, 694, 69
2, 695, 20
2, 696, 0
2, 697, 0
2, 698, 0
2, 699, 0
2, 700, 32
2, 701, 65
2, 702, 16
2, 703, 0
2, 704, 0
2, 705, 0
2, 706, 0
2, 707, 34
2, 708, 71
2, 709, 25
2, 710, 0
2, 711, 0
2, 712, 0
2, 713, 0
2, 714, 35
2, 715, 71
2, 716, 8
2, 717, 0
2, 718, 0
2, 719, 0
2, 720, 0
2, 721, 34
2, 722, 68
2, 723, 27
2, 724, 0
2, 725, 0
2, 726, 0
2, 727, 0
2, 728, 26
2, 729, 65
2, 730, 21
2, 731, 36
2, 732, 68
2, 733, 58
2, 734, 53
2, 735, 171
2, 736, 208
2, 737, 140
2, 738, 187
2, 739, 203
2, 740, 225
2, 741, 246
2, 742, 353
2, 743, 389
2, 744, 322
2, 745, 332
2, 746, 394
2, 747, 403
2, 748, 414
2, 749, 525
2, 750, 560
2, 751, 511
2, 752, 518
2, 753, 528
2, 754, 531
2, 755, 538
2, 756, 639
2, 757, 670
2, 758, 603
2, 759, 620
2, 760, 621
2, 761, 634
2, 762, 677
2, 763, 794
2, 764, 832
2, 765, 754
2, 766, 792
2, 767, 765
2, 768, 774
2, 769, 793
2, 770, 932
2, 771, 965
2, 772, 918
2, 773, 953
2, 774, 969
2, 775, 968
2, 776, 969
2, 777, 1068
2, 778, 1108
2, 779, 1067
2, 780, 1090
2, 781, 1097
2, 782, 1123
2, 783, 1160
2, 784, 1269
2, 785, 1309
2, 786, 1260
2, 787, 1273
2, 788, 1301
2, 789, 1312
2, 790, 1317
2, 791, 1420
2, 792, 1455
2, 793, 1411
2, 794, 1396
2, 795, 1425
2, 796, 1432
2, 797, 1440
2, 798, 1544
2, 799, 1586
2, 800, 1535
2, 801, 1531
2, 802, 1549
2, 803, 1578
2, 804, 1589
2, 805, 1701
2, 806, 1731
2, 807, 1674
2, 808, 1681
2, 809, 1685
2, 810, 1705
2, 811, 1711
2, 812, 1828
2, 813, 1856
2, 814, 1786
2, 815, 1824
2, 816, 1841
2, 817, 1859
2, 818, 1885
2, 819, 2010
2, 820, 2046
2, 821, 2019
2, 822, 2037
2, 823, 2031
2, 824, 2052
2, 825, 2059
2, 826, 2170
2, 827, 2206
2, 828, 2149
2, 829, 2142
2, 830, 2166
2, 831, 2201
2, 832, 2206
2, 833, 2319
2, 834, 2353
2, 835, 2293
2, 836, 2298
2, 837, 2299
2, 838, 2316
2, 839, 2337
2, 840, 2437
2, 841, 2479
2, 842, 2404
2, 843, 2406
2, 844, 2412
2, 845, 2423
2, 846, 2416
2, 847, 2525
2, 848, 2564
2, 849, 2512
2, 850, 2519
2, 851, 2521
2, 852, 2548
2, 853, 2550
2, 854, 2649
2, 855, 2676
2, 856, 2626
2, 857, 2646
2, 858, 2665
2, 859, 2683
2, 860, 2686
2, 861, 2811
2, 862, 2847
2, 863, 2765
2, 864, 2804
2, 865, 2791
2, 866, 2814
2, 867, 2814
2, 868, 2936
2, 869, 2965
2, 870, 2926
2, 871, 2939
2, 872, 2962
2, 873, 2990
2, 874, 2984
2, 875, 3097
2, 876, 3123
2, 877, 3042
2, 878, 3052
2, 879, 3078
2, 880, 2998
2, 881, 2962
2, 882, 3024
2, 883, 3060
2, 884, 3010
2, 885, 3017
2, 886, 2984
2, 887, 2958
2, 888, 2926
2, 889, 2983
2, 890, 3020
2, 891, 2980
2, 892, 2994
2, 893, 2992
2, 894, 2942
2, 895, 2890
2, 896, 2964
2, 897, 2993
2, 898, 2932
2, 899, 2950
2, 900, 2924
2, 901, 2878
2, 902, 2869
2, 903, 2936
2, 904, 2965
2, 905, 2913
2, 906, 2932
2, 907, 2944
2, 908, 2925
2, 909, 2916
2, 910, 2980
2, 911, 3015
2, 912, 2971
2, 913, 2995
2, 914, 2964
2, 915, 2939
2, 916, 2927
2, 917, 3002
2, 918, 3045
2, 919, 2974
2, 920, 2989
2, 921, 2980
2, 922, 2956
2, 923, 2924
2, 924, 2994
2, 925, 3037
2, 926, 2978
2, 927, 2994
2, 928, 2988
2, 929, 2978
2, 930, 2949
2, 931, 3023
2, 932, 3062
2, 933, 3007
2, 934, 3028
2, 935, 3043
2, 936, 3030
2, 937, 2991
2, 938, 3062
2, 939, 3098
2, 940, 3035
2, 941, 3028
2, 942, 3034
2, 943, 2998
2, 944, 2972
2, 945, 3038
2, 946, 3077
2, 947, 3035
2, 948, 3063
2, 949, 3085
2, 950, 3062
2, 951, 3041
2, 952, 3116
2, 953, 3145
2, 954, 3081
2, 955, 3083
2, 956, 3082
2, 957, 3055
2, 958, 3039
2, 959, 3114
2, 960, 3154
2, 961, 3082
2, 962, 3111
2, 963, 3101
2, 964, 3072
2, 965, 3062
2, 966, 3120
2, 967, 3152
2, 968, 3105
2, 969, 3142
2, 970, 3154
2, 971, 3138
2, 972, 3108
2, 973, 3171
2, 974, 3209
2, 975, 3147
2, 976, 3175
2, 977, 3171
2, 978, 3151
2, 979, 3102
2, 980, 3173
2, 981, 3216
2, 982, 3165
2, 983, 3184
2, 984, 3159
2, 985, 3144
2, 986, 3127
2, 987, 3185
2, 988, 3213
2, 989, 3146
2, 990, 3132
2, 991, 3117
2, 992, 3091
2, 993, 3055
2, 994, 3120
2, 995, 3144
2, 996, 3076
2, 997, 3069
2, 998, 3069
2, 999, 3060
2, 1000, 3058
2, 1001, 3122
2, 1002, 3170
2, 1003, 3113
2, 1004, 3129
2, 1005, 3139
2, 1006, 3115
2, 1007, 3091
2, 1008, 3156
2, 1009, 3197
2, 1010, 3145
2, 1011, 3156
2, 1012, 3164
2, 1013, 3143
2, 1014, 3118
2, 1015, 3180
2, 1016, 3210
2, 1017, 3164
2, 1018, 3195
2, 1019, 3168
2, 1020, 3142
2, 1021, 3132
2, 1022, 3201
2, 1023, 3235
2, 1024, 3170
2, 1025, 3194
2, 1026, 3193
2, 1027, 3176
2, 1028, 3148
2, 1029, 3222
2, 1030, 3265
2, 1031, 3217
2, 1032, 3234
2, 1033, 3248
2, 1034, 3232
2, 1035, 3219
2, 1036, 3284
2, 1037, 3321
2, 1038, 3262
2, 1039, 3285
2, 1040, 3295
2, 1041, 3274
2, 1042, 3259
2, 1043, 3320
2, 1044, 3358
2, 1045, 3279
2, 1046, 3281
2, 1047, 3310
2, 1048, 3286
2, 1049, 3243
2, 1050, 3291
2, 1051, 3324
2, 1052, 3269
2, 1053, 3288
2, 1054, 3254
2, 1055, 3249
2, 1056, 3220
2, 1057, 3282
2, 1058, 3304
2, 1059, 3228
2, 1060, 3228
2, 1061, 3201
2, 1062, 3153
2, 1063, 3125
2, 1064, 3178
2, 1065, 3210
2, 1066, 3154
2, 1067, 3188
2, 1068, 3183
2, 1069, 3156
2, 1070, 3123
2, 1071, 3188
2, 1072, 3217
2, 1073, 3155
2, 1074, 3168
2, 1075, 3199
2, 1076, 3172
2, 1077, 3147
2, 1078, 3211
2, 1079, 3246
2, 1080, 3199
2, 1081, 3228
2, 1082, 3212
2, 1083, 3188
2, 1084, 3155
2, 1085, 3240
2, 1086, 3259
2, 1087, 3198
2, 1088, 3207
2, 1089, 3207
2, 1090, 3164
2, 1091, 3152
2, 1092, 3203
2, 1093, 3237
2, 1094, 3172
3, 365, 5000
3, 366, 4937
3, 367, 4865
3, 368, 4800
3, 369, 4740
3, 370, 4670
3, 371, 4707
3, 372, 4740
3, 373, 4668
3, 374, 4593
3, 375, 4520
3, 376, 4446
3, 377, 4399
3, 378, 4439
3, 379, 4478
3, 380, 4423
3, 381, 4360
3, 382, 4299
3, 383, 4252
3, 384, 4191
3, 385, 4230
3, 386, 4264
3, 387, 4195
3, 388, 4118
3, 389, 4056
3, 390, 4010
3, 391, 3959
3, 392, 4002
3, 393, 4032
3, 394, 3962
3, 395, 3887
3, 396, 3823
3, 397, 3770
3, 398, 3694
3, 399, 3732
3, 400, 3776
3, 401, 3702
3, 402, 3656
3, 403, 3594
3, 404, 3534
3, 405, 3480
3, 406, 3508
3, 407, 3550
3, 408, 3476
3, 409, 3403
3, 410, 3331
3, 411, 3254
3, 412, 3207
3, 413, 3231
3, 414, 3263
3, 415, 3207
3, 416, 3135
3, 417, 3060
3, 418, 3001
3, 419, 2922
3, 420, 2948
3, 421, 2989
3, 422, 2926
3, 423, 2871
3, 424, 2827
3, 425, 2754
3, 426, 2686
3, 427, 2724
3, 428, 2764
3, 429, 2709
3, 430, 2645
3, 431, 2609
3, 432, 2535
3, 433, 2467
3, 434, 2497
3, 435, 2530
3, 436, 2457
3, 437, 2429
3, 438, 2375
3, 439, 2302
3, 440, 2242
3, 441, 2280
3, 442, 2325
3, 443, 2265
3, 444, 2207
3, 445, 2123
3, 446, 2060
3, 447, 1981
3, 448, 2019
3, 449, 2046
3, 450, 1978
3, 451, 1894
3, 452, 1834
3, 453, 1764
3, 454, 1709
3, 455, 1741
3, 456, 1769
3, 457, 1698
3, 458, 1632
3, 459, 1577
3, 460, 1500
3, 461, 1447
3, 462, 1486
3, 463, 1520
3, 464, 1472
3, 465, 1406
3, 466, 1339
3, 467, 1254
3, 468, 1210
3, 469, 1252
3, 470, 1287
3, 471, 1224
3, 472, 1134
3, 473, 1086
3, 474, 1030
3, 475, 972
3, 476, 1008
3, 477, 1037
3, 478, 975
3, 479, 922
3, 480, 867
3, 481, 796
3, 482, 738
3, 483, 776
3, 484, 808
3, 485, 739
3, 486, 689
3, 487, 632
3, 488, 581
3, 489, 546
3, 490, 594
3, 491, 619
3, 492, 565
3, 493, 526
3, 494, 451
3, 495, 407
3, 496, 340
3, 497, 374
3, 498, 397
3, 499, 378
3, 500, 326
3, 501, 271
3, 502, 204
3, 503, 160
3, 504, 189
3, 505, 230
3, 506, 168
3, 507, 93
3, 508, 18
3, 509, 0
3, 510, 0
3, 511, 35
3, 512, 79
3, 513, 26
3, 514, 0
3, 515, 0
3, 516, 0
3, 517, 0
3, 518, 30
3, 519, 59
3, 520, 0
3, 521, 0
3, 522, 1
3, 523, 0
3, 524, 0
3, 525, 35
3, 526, 71
3, 527, 24
3, 528, 0
3, 529, 0
3, 530, 0
3, 531, 0
3, 532, 30
3, 533, 60
3, 534, 1
3, 535, 0
3, 536, 0
3, 537, 0
3, 538, 2
3, 539, 33
3, 540, 68
3, 541, 23
3, 542, 0
3, 543, 0
3, 544, 0
3, 545, 0
3, 546, 43
3, 547, 78
3, 548, 32
3, 549, 1
3, 550, 0
3, 551, 0
3, 552, 0
3, 553, 44
3, 554, 83
3, 555, 43
3, 556, 2
3, 557, 0
3, 558, 0
3, 559, 0
3, 560, 38
3, 561, 79
3, 562, 27
3, 563, 0
3, 564, 1
3, 565, 0
3, 566, 0
3, 567, 43
3, 568, 73
3, 569, 12
3, 570, 0
3, 571, 0
3, 572, 0
3, 573, 0
3, 574, 44
3, 575, 73
3, 576, 14
3, 577, 1
3, 578, 0
3, 579, 0
3, 580, 0
3, 581, 34
3, 582, 71
3, 583, 9
3, 584, 0
3, 585, 1
3, 586, 0
3, 587, 0
3, 588, 37
3, 589, 76
3, 590, 26
3, 591, 2
3, 592, 0
3, 593, 0
3, 594, 0
3, 595, 30
3, 596, 66
3, 597, 6
3, 598, 0
3, 599, 1
3, 600, 0
3, 601, 0
3, 602, 27
3, 603, 59
3, 604, 16
3, 605, 1
3, 606, 0
3, 607, 0
3, 608, 0
3, 609, 23
3, 610, 58
3, 611, 8
3, 612, 0
3, 613, 0
3, 614, 1
3, 615, 0
3, 616, 33
3, 617, 63
3, 618, 13
3, 619, 0
3, 620, 0
3, 621, 0
3, 622, 0
3, 623, 39
3, 624, 71
3, 625, 12
3, 626, 0
3, 627, 0
3, 628, 0
3, 629, 0
3, 630, 30
3, 631, 64
3, 632, 13
3, 633, 1
3, 634, 0
3, 635, 1
3, 636, 0
3, 637, 33
3, 638, 64
3, 639, 13
3, 640, 1
3, 641, 0
3, 642, 0
3, 643, 0
3, 644, 41
3, 645, 79
3, 646, 55
3, 647, 0
3, 648, 0
3, 649, 0
3, 650, 1
3, 651, 39
3, 652, 73
3, 653, 31
3, 654, 0
3, 655, 2
3, 656, 0
3, 657, 0
3, 658, 31
3, 659, 70
3, 660, 18
3, 661, 0
3, 662, 0
3, 663, 0
3, 664, 1
3, 665, 26
3, 666, 72
3, 667, 2
3, 668, 0
3, 669, 1
3, 670, 0
3, 671, 0
3, 672, 42
3, 673, 76
3, 674, 12
3, 675, 0
3, 676, 1
3, 677, 0
3, 678, 0
3, 679, 34
3, 680, 77
3, 681, 39
3, 682, 0
3, 683, 0
3, 684, 0
3, 685, 0
3, 686, 35
3, 687, 72
3, 688, 11
3, 689, 0
3, 690, 0
3, 691, 0
3, 692, 0
3, 693, 46
3, 694, 81
3, 695, 18
3, 696, 0
3, 697, 0
3, 698, 0
3, 699, 0
3, 700, 34
3, 701, 65
3, 702, 20
3, 703, 0
3, 704, 0
3, 705, 0
3, 706, 0
3, 707, 35
3, 708, 64
3, 709, 38
3, 710, 0
3, 711, 0
3, 712, 0
3, 713, 0
3, 714, 49
3, 715, 79
3, 716, 32
3, 717, 0
3, 718, 0
3, 719, 0
3, 720, 0
3, 721, 33
3, 722, 66
3, 723, 18
3, 724, 0
3, 725, 0
3, 726, 0
3, 727, 0
3, 728, 39
3, 729, 64
3, 730, 19
3, 731, 42
3, 732, 71
3, 733, 70
3, 734, 69
3, 735, 178
3, 736, 211
3, 737, 151
3, 738, 177
3, 739, 201
3, 740, 219
3, 741, 239
3, 742, 347
3, 743, 387
3, 744, 334
3, 745, 354
3, 746, 371
3, 747, 389
3, 748, 390
3, 749, 495
3, 750, 529
3, 751, 484
3, 752, 503
3, 753, 529
3, 754, 554
3, 755, 551
3, 756, 659
3, 757, 690
3, 758, 642
3, 759, 673
3, 760, 725
3, 761, 730
3, 762, 756
3, 763, 876
3, 764, 911
3, 765, 876
3, 766, 933
3, 767, 934
3, 768, 958
3, 769, 975
3, 770, 1097
3, 771, 1128
3, 772, 1060
3, 773, 1074
3, 774, 1108
3, 775, 1114
3, 776, 1121
3, 777, 1222
3, 778, 1261
3, 779, 1189
3, 780, 1190
3, 781, 1205
3, 782, 1249
3, 783, 1281
3, 784, 1402
3, 785, 1442
3, 786, 1383
3, 787, 1396
3, 788, 1407
3, 789, 1408
3, 790, 1447
3, 791, 1554
3, 792, 1591
3, 793, 1532
3, 794, 1547
3, 795, 1575
3, 796, 1561
3, 797, 1562
3, 798, 1672
3, 799, 1718
3, 800, 1675
3, 801, 1704
3, 802, 1710
3, 803, 1700
3, 804, 1717
3, 805, 1822
3, 806, 1862
3, 807, 1813
3, 808, 1836
3, 809, 1850
3, 810, 1881
3, 811, 1902
3, 812, 2031
3, 813, 2064
3, 814, 2016
3, 815, 2014
3, 816, 2054
3, 817, 2077
3, 818, 2113
3, 819, 2218
3, 820, 2255
3, 821, 2202
3, 822, 2213
3, 823, 2245
3, 824, 2243
3, 825, 2277
3, 826, 2372
3, 827, 2409
3, 828, 2356
3, 829, 2366
3, 830, 2394
3, 831, 2406
3, 832, 2433
3, 833, 2542
3, 834, 2575
3, 835, 2525
3, 836, 2533
3, 837, 2568
3, 838, 2559
3, 839, 2577
3, 840, 2680
3, 841, 2712
3, 842, 2661
3, 843, 2680
3, 844, 2692
3, 845, 2723
3, 846, 2756
3, 847, 2873
3, 848, 2911
3, 849, 2856
3, 850, 2850
3, 851, 2852
3, 852, 2869
3, 853, 2908
3, 854, 3004
3, 855, 3041
3, 856, 3003
3, 857, 3028
3, 858, 3024
3, 859, 3059
3, 860, 3079
3, 861, 3208
3, 862, 3249
3, 863, 3200
3, 864, 3198
3, 865, 3222
3, 866, 3235
3, 867, 3256
3, 868, 3356
3, 869, 3389
3, 870, 3335
3, 871, 3368
3, 872, 3413
3, 873, 3434
3, 874, 3415
3, 875, 3490
3, 876, 3517
3, 877, 3474
3, 878, 3476
3, 879, 3466
3, 880, 3439
3, 881, 3404
3, 882, 3463
3, 883, 3501
3, 884, 3443
3, 885, 3473
3, 886, 3452
3, 887, 3444
3, 888, 3402
3, 889, 3476
3, 890, 3502
3, 891, 3442
3, 892, 3462
3, 893, 3441
3, 894, 3412
3, 895, 3366
3, 896, 3429
3, 897, 3467
3, 898, 3388
3, 899, 3416
3, 900, 3405
3, 901, 3394
3, 902, 3380
3, 903, 3463
3, 904, 3497
3, 905, 3467
3, 906, 3479
3, 907, 3483
3, 908, 3472
3, 909, 3444
3, 910, 3514
3, 911, 3540
3, 912, 3469
3, 913, 3491
3, 914, 3501
3, 915, 3475
3, 916, 3486
3, 917, 3564
3, 918, 3599
3, 919, 3557
3, 920, 3586
3, 921, 3615
3, 922, 3580
3, 923, 3549
3, 924, 3623
3, 925, 3654
3, 926, 3598
3, 927, 3586
3, 928, 3593
3, 929, 3600
3, 930, 3561
3, 931, 3639
3, 932, 3683
3, 933, 3619
3, 934, 3612
3, 935, 3585
3, 936, 3577
3, 937, 3563
3, 938, 3626
3, 939, 3662
3, 940, 3619
3, 941, 3639
3, 942, 3663
3, 943, 3637
3, 944, 3623
3, 945, 3694
3, 946, 3735
3, 947, 3702
3, 948, 3712
3, 949, 3708
3, 950, 3707
3, 951, 3696
3, 952, 3753
3, 953, 3786
3, 954, 3741
3, 955, 3760
3, 956, 3775
3, 957, 3744
3, 958, 3738
3, 959, 3822
3, 960, 3860
3, 961, 3815
3, 962, 3855
3, 963, 3823
3, 964, 3789
3, 965, 3780
3, 966, 3842
3, 967, 3883
3, 968, 3849
3, 969, 3854
3, 970, 3824
3, 971, 3802
3, 972, 3755
3, 973, 3832
3, 974, 3867
3, 975, 3823
3, 976, 3846
3, 977, 3825
3, 978, 3791
3, 979, 3768
3, 980, 3850
3, 981, 3876
3, 982, 3809
3, 983, 3838
3, 984, 3833
3, 985, 3796
3, 986, 3740
3, 987, 3805
3, 988, 3839
3, 989, 3777
3, 990, 3796
3, 991, 3775
3, 992, 3753
3, 993, 3716
3, 994, 3775
3, 995, 3822
3, 996, 3752
3, 997, 3786
3, 998, 3740
3, 999, 3706
3, 1000, 3676
3, 1001, 3762
3, 1002, 3793
3, 1003, 3738
3, 1004, 3772
3, 1005, 3753
3, 1006, 3752
3, 1007, 3721
3, 1008, 3788
3, 1009, 3817
3, 1010, 3760
3, 1011, 3772
3, 1012, 3782
3, 1013, 3755
3, 1014, 3738
3, 1015, 3811
3, 1016, 3839
3, 1017, 3803
3, 1018, 3816
3, 1019, 3830
3, 1020, 3805
3, 1021, 3787
3, 1022, 3853
3, 1023, 3884
3, 1024, 3844
3, 1025, 3854
3, 1026, 3863
3, 1027, 3839
3, 1028, 3818
3, 1029, 3868
3, 1030, 3906
3, 1031, 3858
3, 1032, 3894
3, 1033, 3862
3, 1034, 3826
3, 1035, 3802
3, 1036, 3862
3, 1037, 3894
3, 1038, 3847
3, 1039, 3866
3, 1040, 3840
3, 1041, 3818
3, 1042, 3802
3, 1043, 3861
3, 1044, 3882
3, 1045, 3833
3, 1046, 3836
3, 1047, 3836
3, 1048, 3814
3, 1049, 3787
3, 1050, 3857
3, 1051, 3884
3, 1052, 3821
3, 1053, 3845
3, 1054, 3801
3, 1055, 3763
3, 1056, 3746
3, 1057, 3813
3, 1058, 3852
3, 1059, 3793
3, 1060, 3794
3, 1061, 3812
3, 1062, 3787
3, 1063, 3768
3, 1064, 3846
3, 1065, 3887
3, 1066, 3849
3, 1067, 3872
3, 1068, 3851
3, 1069, 3842
3, 1070, 3800
3, 1071, 3860
3, 1072, 3898
3, 1073, 3845
3, 1074, 3846
3, 1075, 3861
3, 1076, 3840
3, 1077, 3801
3, 1078, 3860
3, 1079, 3896
3, 1080, 3857
3, 1081, 3886
3, 1082, 3890
3, 1083, 3859
3, 1084, 3831
3, 1085, 3890
3, 1086, 3913
3, 1087, 3876
3, 1088, 3877
3, 1089, 3851
3, 1090, 3828
3, 1091, 3800
3, 1092, 3872
3, 1093, 3907
3, 1094, 3833
4, 365, 5000
4, 366, 4940
4, 367, 4885
4, 368, 4813
4, 369, 4762
4, 370, 4692
4, 371, 4716
4, 372, 4748
4, 373, 4696
4, 374, 4644
4, 375, 4567
4, 376, 4516
4, 377, 4434
4, 378, 4472
4, 379, 4504
4, 380, 4452
4, 381, 4392
4, 382, 4296
4, 383, 4223
4, 384, 4148
4, 385, 4181
4, 386, 4216
4, 387, 4158
4, 388, 4090
4, 389, 4040
4, 390, 3965
4, 391, 3903
4, 392, 3932
4, 393, 3969
4, 394, 3906
4, 395, 3841
4, 396, 3768
4, 397, 3692
4, 398, 3630
4, 399, 3668
4, 400, 3699
4, 401, 3626
4, 402, 3559
4, 403, 3479
4, 404, 3425
4, 405, 3385
4, 406, 3416
4, 407, 3455
4, 408, 3376
4, 409, 3310
4, 410, 3253
4, 411, 3182
4, 412, 3120
4, 413, 3151
4, 414, 3181
4, 415, 3112
4, 416, 3043
4, 417, 2988
4, 418, 2952
4, 419, 2893
4, 420, 2933
4, 421, 2978
4, 422, 2932
4, 423, 2872
4, 424, 2820
4, 425, 2760
4, 426, 2691
4, 427, 2735
4, 428, 2769
4, 429, 2705
4, 430, 2631
4, 431, 2549
4, 432, 2488
4, 433, 2418
4, 434, 2453
4, 435, 2492
4, 436, 2435
4, 437, 2360
4, 438, 2295
4, 439, 2223
4, 440, 2175
4, 441, 2206
4, 442, 2241
4, 443, 2179
4, 444, 2130
4, 445, 2082
4, 446, 2015
4, 447, 1970
4, 448, 2012
4, 449, 2042
4, 450, 1985
4, 451, 1942
4, 452, 1884
4, 453, 1822
4, 454, 1750
4, 455, 1787
4, 456, 1828
4, 457, 1777
4, 458, 1736
4, 459, 1680
4, 460, 1617
4, 461, 1570
4, 462, 1610
4, 463, 1637
4, 464, 1570
4, 465, 1503
4, 466, 1447
4, 467, 1390
4, 468, 1340
4, 469, 1380
4, 470, 1418
4, 471, 1376
4, 472, 1324
4, 473, 1282
4, 474, 1214
4, 475, 1128
4, 476, 1179
4, 477, 1209
4, 478, 1135
4, 479, 1072
4, 480, 1005
4, 481, 942
4, 482, 896
4, 483, 932
4, 484, 977
4, 485, 930
4, 486, 846
4, 487, 796
4, 488, 713
4, 489, 666
4, 490, 703
4, 491, 730
4, 492, 671
4, 493, 627
4, 494, 579
4, 495, 512
4, 496, 462
4, 497, 500
4, 498, 544
4, 499, 498
4, 500, 420
4, 501, 365
4, 502, 313
4, 503, 268
4, 504, 314
4, 505, 358
4, 506, 307
4, 507, 261
4, 508, 181
4, 509, 128
4, 510, 66
4, 511, 94
4, 512, 125
4, 513, 76
4, 514, 26
4, 515, 1
4, 516, 1
4, 517, 0
4, 518, 31
4, 519, 72
4, 520, 5
4, 521, 0
4, 522, 0
4, 523, 0
4, 524, 0
4, 525, 33
4, 526, 77
4, 527, 22
4, 528, 0
4, 529, 0
4, 530, 1
4, 531, 0
4, 532, 32
4, 533, 74
4, 534, 23
4, 535, 0
4, 536, 2
4, 537, 1
4, 538, 1
4, 539, 32
4, 540, 60
4, 541, 4
4, 542, 0
4, 543, 1
4, 544, 0
4, 545, 0
4, 546, 50
4, 547, 96
4, 548, 46
4, 549, 0
4, 550, 1
4, 551, 0
4, 552, 1
4, 553, 51
4, 554, 87
4, 555, 42
4, 556, 1
4, 557, 1
4, 558, 0
4, 559, 0
4, 560, 24
4, 561, 58
4, 562, 0
4, 563, 0
4, 564, 0
4, 565, 1
4, 566, 0
4, 567, 31
4, 568, 66
4, 569, 35
4, 570, 0
4, 571, 0
4, 572, 0
4, 573, 0
4, 574, 36
4, 575, 72
4, 576, 22
4, 577, 0
4, 578, 0
4, 579, 0
4, 580, 0
4, 581, 26
4, 582, 60
4, 583, 0
4, 584, 0
4, 585, 0
4, 586, 0
4, 587, 0
4, 588, 37
4, 589, 78
4, 590, 9
4, 591, 1
4, 592, 0
4, 593, 0
4, 594, 1
4, 595, 30
4, 596, 61
4, 597, 3
4, 598, 1
4, 599, 0
4, 600, 0
4, 601, 0
4, 602, 29
4, 603, 58
4, 604, 5
4, 605, 0
4, 606, 0
4, 607, 0
4, 608, 0
4, 609, 37
4, 610, 69
4, 611, 16
4, 612, 0
4, 613, 0
4, 614, 0
4, 615, 1
4, 616, 38
4, 617, 76
4, 618, 29
4, 619, 0
4, 620, 0
4, 621, 0
4, 622, 0
4, 623, 40
4, 624, 67
4, 625, 17
4, 626, 1
4, 627, 0
4, 628, 0
4, 629, 0
4, 630, 39
4, 631, 68
4, 632, 32
4, 633, 0
4, 634, 0
4, 635, 0
4, 636, 0
4, 637, 36
4, 638, 74
4, 639, 30
4, 640, 0
4, 641, 0
4, 642, 1
4, 643, 0
4, 644, 36
4, 645, 78
4, 646, 9
4, 647, 0
4, 648, 0
4, 649, 0
4, 650, 0
4, 651, 46
4, 652, 70
4, 653, 12
4, 654, 0
4, 655, 0
4, 656, 0
4, 657, 0
4, 658, 40
4, 659, 71
4, 660, 3
4, 661, 0
4, 662, 0
4, 663, 1
4, 664, 1
4, 665, 45
4, 666, 78
4, 667, 15
4, 668, 0
4, 669, 0
4, 670, 0
4, 671, 0
4, 672, 25
4, 673, 51
4, 674, 0
4, 675, 0
4, 676, 0
4, 677, 0
4, 678, 0
4, 679, 25
4, 680, 63
4, 681, 30
4, 682, 1
4, 683, 0
4, 684, 0
4, 685, 0
4, 686, 25
4, 687, 55
4, 688, 2
4, 689, 0
4, 690, 0
4, 691, 0
4, 692, 0
4, 693, 27
4, 694, 63
4, 695, 0
4, 696, 0
4, 697, 0
4, 698, 0
4, 699, 0
4, 700, 33
4, 701, 64
4, 702, 25
4, 703, 0
4, 704, 0
4, 705, 0
4, 706, 0
4, 707, 32
4, 708, 64
4, 709, 10
4, 710, 0
4, 711, 0
4, 712, 0
4, 713, 0
4, 714, 38
4, 715, 75
4, 716, 47
4, 717, 0
4, 718, 0
4, 719, 0
4, 720, 0
4, 721, 40
4, 722, 86
4, 723, 47
4, 724, 0
4, 725, 0
4, 726, 0
4, 727, 0
4, 728, 29
4, 729, 64
4, 730, 0
4, 731, 9
4, 732, 5
4, 733, 6
4, 734, 14
4, 735, 148
4, 736, 181
4, 737, 135
4, 738, 155
4, 739, 164
4, 740, 166
4, 741, 177
4, 742, 297
4, 743, 338
4, 744, 298
4, 745, 323
4, 746, 323
4, 747, 363
4, 748, 396
4, 749, 502
4, 750, 539
4, 751, 480
4, 752, 486
4, 753, 494
4, 754, 483
4, 755, 494
4, 756, 593
4, 757, 629
4, 758, 557
4, 759, 576
4, 760, 595
4, 761, 613
4, 762, 635
4, 763, 745
4, 764, 776
4, 765, 722
4, 766, 732
4, 767, 756
4, 768, 784
4, 769, 811
4, 770, 912
4, 771, 946
4, 772, 899
4, 773, 923
4, 774, 965
4, 775, 978
4, 776, 1001
4, 777, 1108
4, 778, 1146
4, 779, 1080
4, 780, 1110
4, 781, 1128
4, 782, 1166
4, 783, 1158
4, 784, 1262
4, 785, 1301
4, 786, 1238
4, 787, 1260
4, 788, 1269
4, 789, 1282
4, 790, 1311
4, 791, 1427
4, 792, 1472
4, 793, 1413
4, 794, 1438
4, 795, 1443
4, 796, 1457
4, 797, 1473
4, 798, 1588
4, 799, 1621
4, 800, 1557
4, 801, 1571
4, 802, 1590
4, 803, 1619
4, 804, 1670
4, 805, 1785
4, 806, 1813
4, 807, 1761
4, 808, 1770
4, 809, 1790
4, 810, 1801
4, 811, 1819
4, 812, 1908
4, 813, 1947
4, 814, 1900
4, 815, 1910
4, 816, 1908
4, 817, 1938
4, 818, 1921
4, 819, 2027
4, 820, 2071
4, 821, 2043
4, 822, 2054
4, 823, 2065
4, 824, 2062
4, 825, 2085
4, 826, 2192
4, 827, 2224
4, 828, 2166
4, 829, 2194
4, 830, 2199
4, 831, 2229
4, 832, 2237
4, 833, 2342
4, 834, 2367
4, 835, 2311
4, 836, 2325
4, 837, 2352
4, 838, 2351
4, 839, 2392
4, 840, 2530
4, 841, 2575
4, 842, 2520
4, 843, 2561
4, 844, 2572
4, 845, 2608
4, 846, 2648
4, 847, 2770
4, 848, 2810
4, 849, 2734
4, 850, 2746
4, 851, 2778
4, 852, 2806
4, 853, 2838
4, 854, 2943
4, 855, 2974
4, 856, 2916
4, 857, 2949
4, 858, 2953
4, 859, 2973
4, 860, 2992
4, 861, 3092
4, 862, 3116
4, 863, 3058
4, 864, 3053
4, 865, 3065
4, 866, 3067
4, 867, 3079
4, 868, 3191
4, 869, 3232
4, 870, 3166
4, 871, 3169
4, 872, 3165
4, 873, 3202
4, 874, 3225
4, 875, 3333
4, 876, 3369
4, 877, 3319
4, 878, 3317
4, 879, 3321
4, 880, 3304
4, 881, 3255
4, 882, 3319
4, 883, 3351
4, 884, 3313
4, 885, 3342
4, 886, 3317
4, 887, 3285
4, 888, 3256
4, 889, 3313
4, 890, 3347
4, 891, 3287
4, 892, 3288
4, 893, 3267
4, 894, 3222
4, 895, 3205
4, 896, 3257
4, 897, 3288
4, 898, 3240
4, 899, 3248
4, 900, 3257
4, 901, 3214
4, 902, 3163
4, 903, 3222
4, 904, 3259
4, 905, 3196
4, 906, 3225
4, 907, 3198
4, 908, 3177
4, 909, 3161
4, 910, 3229
4, 911, 3269
4, 912, 3234
4, 913, 3236
4, 914, 3275
4, 915, 3256
4, 916, 3232
4, 917, 3300
4, 918, 3331
4, 919, 3285
4, 920, 3312
4, 921, 3322
4, 922, 3309
4, 923, 3316
4, 924, 3385
4, 925, 3420
4, 926, 3362
4, 927, 3379
4, 928, 3341
4, 929, 3325
4, 930, 3296
4, 931, 3365
4, 932, 3401
4, 933, 3345
4, 934, 3357
4, 935, 3389
4, 936, 3368
4, 937, 3358
4, 938, 3417
4, 939, 3440
4, 940, 3376
4, 941, 3394
4, 942, 3398
4, 943, 3351
4, 944, 3332
4, 945, 3410
4, 946, 3448
4, 947, 3380
4, 948, 3397
4, 949, 3365
4, 950, 3334
4, 951, 3300
4, 952, 3365
4, 953, 3407
4, 954, 3365
4, 955, 3399
4, 956, 3368
4, 957, 3374
4, 958, 3358
4, 959, 3412
4, 960, 3443
4, 961, 3376
4, 962, 3413
4, 963, 3397
4, 964, 3397
4, 965, 3384
4, 966, 3450
4, 967, 3480
4, 968, 3408
4, 969, 3447
4, 970, 3425
4, 971, 3401
4, 972, 3380
4, 973, 3447
4, 974, 3486
4, 975, 3431
4, 976, 3466
4, 977, 3449
4, 978, 3433
4, 979, 3420
4, 980, 3495
4, 981, 3533
4, 982, 3487
4, 983, 3506
4, 984, 3520
4, 985, 3509
4, 986, 3510
4, 987, 3582
4, 988, 3617
4, 989, 3548
4, 990, 3548
4, 991, 3508
4, 992, 3479
4, 993, 3446
4, 994, 3515
4, 995, 3553
4, 996, 3493
4, 997, 3491
4, 998, 3480
4, 999, 3468
4, 1000, 3433
4, 1001, 3505
4, 1002, 3545
4, 1003, 3493
4, 1004, 3507
4, 1005, 3510
4, 1006, 3495
4, 1007, 3449
4, 1008, 3529
4, 1009, 3570
4, 1010, 3529
4, 1011, 3573
4, 1012, 3560
4, 1013, 3541
4, 1014, 3515
4, 1015, 3585
4, 1016, 3613
4, 1017, 3560
4, 1018, 3623
4, 1019, 3574
4, 1020, 3558
4, 1021, 3535
4, 1022, 3608
4, 1023, 3637
4, 1024, 3590
4, 1025, 3616
4, 1026, 3580
4, 1027, 3566
4, 1028, 3538
4, 1029, 3611
4, 1030, 3643
4, 1031, 3586
4, 1032, 3623
4, 1033, 3594
4, 1034, 3583
4, 1035, 3587
4, 1036, 3659
4, 1037, 3695
4, 1038, 3645
4, 1039, 3662
4, 1040, 3609
4, 1041, 3583
4, 1042, 3555
4, 1043, 3610
4, 1044, 3639
4, 1045, 3579
4, 1046, 3582
4, 1047, 3575
4, 1048, 3550
4, 1049, 3526
4, 1050, 3595
4, 1051, 3626
4, 1052, 3564
4, 1053, 3564
4, 1054, 3537
4, 1055, 3530
4, 1056, 3487
4, 1057, 3548
4, 1058, 3581
4, 1059, 3533
4, 1060, 3564
4, 1061, 3548
4, 1062, 3550
4, 1063, 3512
4, 1064, 3570
4, 1065, 3599
4, 1066, 3558
4, 1067, 3563
4, 1068, 3559
4, 1069, 3532
4, 1070, 3507
4, 1071, 3567
4, 1072, 3600
4, 1073, 3549
4, 1074, 3580
4, 1075, 3552
4, 1076, 3526
4, 1077, 3502
4, 1078, 3560
4, 1079, 3594
4, 1080, 3541
4, 1081, 3551
4, 1082, 3577
4, 1083, 3556
4, 1084, 3520
4, 1085, 3586
4, 1086, 3627
4, 1087, 3572
4, 1088, 3562
4, 1089, 3584
4, 1090, 3558
4, 1091, 3517
4, 1092, 3584
4, 1093, 3615
4, 1094, 3562
5, 365, 5000
5, 366, 4927
5, 367, 4860
5, 368, 4781
5, 369, 4709
5, 370, 4655
5, 371, 4685
5, 372, 4711
5, 373, 4666
5, 374, 4585
5, 375, 4520
5, 376, 4452
5, 377, 4386
5, 378, 4423
5, 379, 4460
5, 380, 4391
5, 381, 4332
5, 382, 4270
5, 383, 4222
5, 384, 4166
5, 385, 4203
5, 386, 4241
5, 387, 4187
5, 388, 4136
5, 389, 4069
5, 390, 3999
5, 391, 3931
5, 392, 3973
5, 393, 4012
5, 394, 3942
5, 395, 3892
5, 396, 3844
5, 397, 3800
5, 398, 3738
5, 399, 3772
5, 400, 3815
5, 401, 3747
5, 402, 3658
5, 403, 3580
5, 404, 3522
5, 405, 3460
5, 406, 3499
5, 407, 3532
5, 408, 3463
5, 409, 3391
5, 410, 3344
5, 411, 3296
5, 412, 3208
5, 413, 3257
5, 414, 3296
5, 415, 3222
5, 416, 3167
5, 417, 3121
5, 418, 3053
5, 419, 2989
5, 420, 3026
5, 421, 3052
5, 422, 3006
5, 423, 2958
5, 424, 2891
5, 425, 2844
5, 426, 2795
5, 427, 2835
5, 428, 2868
5, 429, 2799
5, 430, 2741
5, 431, 2698
5, 432, 2651
5, 433, 2594
5, 434, 2622
5, 435, 2671
5, 436, 2637
5, 437, 2588
5, 438, 2531
5, 439, 2441
5, 440, 2372
5, 441, 2407
5, 442, 2445
5, 443, 2392
5, 444, 2334
5, 445, 2262
5, 446, 2209
5, 447, 2154
5, 448, 2191
5, 449, 2221
5, 450, 2156
5, 451, 2108
5, 452, 2038
5, 453, 2009
5, 454, 1931
5, 455, 1962
5, 456, 2009
5, 457, 1940
5, 458, 1870
5, 459, 1807
5, 460, 1743
5, 461, 1678
5, 462, 1715
5, 463, 1751
5, 464, 1694
5, 465, 1618
5, 466, 1560
5, 467, 1517
5, 468, 1478
5, 469, 1517
5, 470, 1553
5, 471, 1495
5, 472, 1452
5, 473, 1382
5, 474, 1329
5, 475, 1252
5, 476, 1294
5, 477, 1328
5, 478, 1260
5, 479, 1200
5, 480, 1127
5, 481, 1093
5, 482, 1021
5, 483, 1048
5, 484, 1074
5, 485, 997
5, 486, 928
5, 487, 877
5, 488, 820
5, 489, 763
5, 490, 800
5, 491, 832
5, 492, 773
5, 493, 715
5, 494, 652
5, 495, 608
5, 496, 577
5, 497, 609
5, 498, 648
5, 499, 580
5, 500, 509
5, 501, 460
5, 502, 419
5, 503, 351
5, 504, 389
5, 505, 426
5, 506, 382
5, 507, 313
5, 508, 268
5, 509, 207
5, 510, 158
5, 511, 188
5, 512, 219
5, 513, 177
5, 514, 114
5, 515, 56
5, 516, 0
5, 517, 0
5, 518, 28
5, 519, 56
5, 520, 4
5, 521, 1
5, 522, 0
5, 523, 0
5, 524, 0
5, 525, 35
5, 526, 68
5, 527, 12
5, 528, 0
5, 529, 0
5, 530, 0
5, 531, 0
5, 532, 33
5, 533, 59
5, 534, 1
5, 535, 0
5, 536, 0
5, 537, 0
5, 538, 0
5, 539, 35
5, 540, 70
5, 541, 14
5, 542, 0
5, 543, 0
5, 544, 0
5, 545, 0
5, 546, 47
5, 547, 84
5, 548, 37
5, 549, 0
5, 550, 0
5, 551, 1
5, 552, 0
5, 553, 28
5, 554, 60
5, 555, 14
5, 556, 0
5, 557, 2
5, 558, 0
5, 559, 0
5, 560, 39
5, 561, 75
5, 562, 6
5, 563, 0
5, 564, 1
5, 565, 0
5, 566, 0
5, 567, 40
5, 568, 75
5, 569, 9
5, 570, 1
5, 571, 0
5, 572, 0
5, 573, 0
5, 574, 22
5, 575, 60
5, 576, 15
5, 577, 0
5, 578, 0
5, 579, 1
5, 580, 1
5, 581, 47
5, 582, 70
5, 583, 19
5, 584, 0
5, 585, 0
5, 586, 1
5, 587, 0
5, 588, 38
5, 589, 83
5, 590, 4
5, 591, 0
5, 592, 0
5, 593, 0
5, 594, 2
5, 595, 33
5, 596, 72
5, 597, 9
5, 598, 0
5, 599, 0
5, 600, 0
5, 601, 0
5, 602, 34
5, 603, 78
5, 604, 20
5, 605, 0
5, 606, 0
5, 607, 0
5, 608, 0
5, 609, 35
5, 610, 71
5, 611, 5
5, 612, 1
5, 613, 1
5, 614, 0
5, 615, 0
5, 616, 34
5, 617, 78
5, 618, 29
5, 619, 1
5, 620, 0
5, 621, 0
5, 622, 0
5, 623, 34
5, 624, 79
5, 625, 36
5, 626, 0
5, 627, 0
5, 628, 0
5, 629, 0
5, 630, 33
5, 631, 62
5, 632, 1
5, 633, 1
5, 634, 0
5, 635, 0
5, 636, 1
5, 637, 48
5, 638, 88
5, 639, 41
5, 640, 0
5, 641, 0
5, 642, 0
5, 643, 0
5, 644, 37
5, 645, 69
5, 646, 27
5, 647, 0
5, 648, 0
5, 649, 0
5, 650, 0
5, 651, 34
5, 652, 74
5, 653, 14
5, 654, 0
5, 655, 0
5, 656, 0
5, 657, 0
5, 658, 30
5, 659, 64
5, 660, 13
5, 661, 0
5, 662, 0
5, 663, 0
5, 664, 0
5, 665, 38
5, 666, 64
5, 667, 5
5, 668, 0
5, 669, 0
5, 670, 0
5, 671, 0
5, 672, 39
5, 673, 69
5, 674, 0
5, 675, 0
5, 676, 0
5, 677, 0
5, 678, 0
5, 679, 38
5, 680, 67
5, 681, 15
5, 682, 0
5, 683, 0
5, 684, 0
5, 685, 1
5, 686, 37
5, 687, 77
5, 688, 19
5, 689, 0
5, 690, 0
5, 691, 0
5, 692, 0
5, 693, 39
5, 694, 77
5, 695, 24
5, 696, 0
5, 697, 0
5, 698, 0
5, 699, 0
5, 700, 35
5, 701, 66
5, 702, 33
5, 703, 0
5, 704, 0
5, 705, 0
5, 706, 0
5, 707, 31
5, 708, 63
5, 709, 22
5, 710, 0
5, 711, 0
5, 712, 0
5, 713, 0
5, 714, 30
5, 715, 73
5, 716, 12
5, 717, 0
5, 718, 0
5, 719, 0
5, 720, 0
5, 721, 23
5, 722, 53
5, 723, 4
5, 724, 0
5, 725, 0
5, 726, 0
5, 727, 0
5, 728, 34
5, 729, 73
5, 730, 16
5, 731, 31
5, 732, 45
5, 733, 77
5, 734, 96
5, 735, 195
5, 736, 232
5, 737, 176
5, 738, 182
5, 739, 245
5, 740, 263
5, 741, 280
5, 742, 392
5, 743, 423
5, 744, 383
5, 745, 396
5, 746, 424
5, 747, 420
5, 748, 417
5, 749, 516
5, 750, 553
5, 751, 492
5, 752, 494
5, 753, 495
5, 754, 509
5, 755, 546
5, 756, 657
5, 757, 698
5, 758, 654
5, 759, 676
5, 760, 684
5, 761, 696
5, 762, 703
5, 763, 801
5, 764, 832
5, 765, 781
5, 766, 804
5, 767, 869
5, 768, 899
5, 769, 893
5, 770, 991
5, 771, 1025
5, 772, 966
5, 773, 978
5, 774, 989
5, 775, 1015
5, 776, 1011
5, 777, 1131
5, 778, 1177
5, 779, 1124
5, 780, 1157
5, 781, 1154
5, 782, 1153
5, 783, 1180
5, 784, 1303
5, 785, 1335
5, 786, 1299
5, 787, 1306
5, 788, 1322
5, 789, 1335
5, 790, 1347
5, 791, 1447
5, 792, 1501
5, 793, 1455
5, 794, 1491
5, 795, 1510
5, 796, 1517
5, 797, 1531
5, 798, 1638
5, 799, 1669
5, 800, 1609
5, 801, 1623
5, 802, 1638
5, 803, 1626
5, 804, 1650
5, 805, 1766
5, 806, 1804
5, 807, 1763
5, 808, 1777
5, 809, 1802
5, 810, 1812
5, 811, 1824
5, 812, 1924
5, 813, 1963
5, 814, 1903
5, 815, 1907
5, 816, 1911
5, 817, 1921
5, 818, 1914
5, 819, 2031
5, 820, 2062
5, 821, 2021
5, 822, 2040
5, 823, 2045
5, 824, 2054
5, 825, 2082
5, 826, 2182
5, 827, 2215
5, 828, 2150
5, 829, 2154
5, 830, 2169
5, 831, 2173
5, 832, 2193
5, 833, 2288
5, 834, 2325
5, 835, 2289
5, 836, 2307
5, 837, 2316
5, 838, 2350
5, 839, 2363
5, 840, 2482
5, 841, 2523
5, 842, 2472
5, 843, 2512
5, 844, 2521
5, 845, 2520
5, 846, 2526
5, 847, 2644
5, 848, 2671
5, 849, 2613
5, 850, 2639
5, 851, 2691
5, 852, 2710
5, 853, 2732
5, 854, 2847
5, 855, 2885
5, 856, 2804
5, 857, 2818
5, 858, 2806
5, 859, 2830
5, 860, 2850
5, 861, 2947
5, 862, 2980
5, 863, 2930
5, 864, 2947
5, 865, 2978
5, 866, 3007
5, 867, 3026
5, 868, 3136
5, 869, 3178
5, 870, 3124
5, 871, 3130
5, 872, 3157
5, 873, 3151
5, 874, 3174
5, 875, 3284
5, 876, 3317
5, 877, 3256
5, 878, 3267
5, 879, 3279
5, 880, 3311
5, 881, 3315
5, 882, 3387
5, 883, 3416
5, 884, 3358
5, 885, 3354
5, 886, 3325
5, 887, 3288
5, 888, 3266
5, 889, 3334
5, 890, 3365
5, 891, 3304
5, 892, 3315
5, 893, 3287
5, 894, 3263
5, 895, 3262
5, 896, 3316
5, 897, 3351
5, 898, 3314
5, 899, 3339
5, 900, 3326
5, 901, 3315
5, 902, 3304
5, 903, 3372
5, 904, 3417
5, 905, 3357
5, 906, 3365
5, 907, 3355
5, 908, 3348
5, 909, 3344
5, 910, 3409
5, 911, 3445
5, 912, 3384
5, 913, 3432
5, 914, 3465
5, 915, 3436
5, 916, 3407
5, 917, 3475
5, 918, 3503
5, 919, 3451
5, 920, 3458
5, 921, 3444
5, 922, 3422
5, 923, 3398
5, 924, 3476
5, 925, 3515
5, 926, 3452
5, 927, 3477
5, 928, 3459
5, 929, 3446
5, 930, 3441
5, 931, 3524
5, 932, 3556
5, 933, 3496
5, 934, 3531
5, 935, 3525
5, 936, 3504
5, 937, 3481
5, 938, 3548
5, 939, 3579
5, 940, 3525
5, 941, 3534
5, 942, 3535
5, 943, 3532
5, 944, 3530
5, 945, 3592
5, 946, 3623
5, 947, 3554
5, 948, 3583
5, 949, 3591
5, 950, 3565
5, 951, 3547
5, 952, 3616
5, 953, 3645
5, 954, 3603
5, 955, 3624
5, 956, 3615
5, 957, 3580
5, 958, 3564
5, 959, 3625
5, 960, 3664
5, 961, 3602
5, 962, 3614
5, 963, 3587
5, 964, 3564
5, 965, 3540
5, 966, 3598
5, 967, 3626
5, 968, 3581
5, 969, 3606
5, 970, 3594
5, 971, 3571
5, 972, 3547
5, 973, 3624
5, 974, 3665
5, 975, 3603
5, 976, 3644
5, 977, 3634
5, 978, 3628
5, 979, 3611
5, 980, 3683
5, 981, 3720
5, 982, 3678
5, 983, 3699
5, 984, 3692
5, 985, 3670
5, 986, 3650
5, 987, 3700
5, 988, 3729
5, 989, 3676
5, 990, 3692
5, 991, 3683
5, 992, 3669
5, 993, 3652
5, 994, 3716
5, 995, 3747
5, 996, 3683
5, 997, 3724
5, 998, 3707
5, 999, 3691
5, 1000, 3651
5, 1001, 3722
5, 1002, 3770
5, 1003, 3734
5, 1004, 3757
5, 1005, 3762
5, 1006, 3748
5, 1007, 3724
5, 1008, 3797
5, 1009, 3834
5, 1010, 3794
5, 1011, 3798
5, 1012, 3788
5, 1013, 3772
5, 1014, 3751
5, 1015, 3810
5, 1016, 3845
5, 1017, 3793
5, 1018, 3811
5, 1019, 3805
5, 1020, 3772
5, 1021, 3742
5, 1022, 3818
5, 1023, 3857
5, 1024, 3788
5, 1025, 3801
5, 1026, 3790
5, 1027, 3758
5, 1028, 3733
5, 1029, 3798
5, 1030, 3837
5, 1031, 3788
5, 1032, 3804
5, 1033, 3762
5, 1034, 3741
5, 1035, 3707
5, 1036, 3777
5, 1037, 3817
5, 1038, 3762
5, 1039, 3785
5, 1040, 3757
5, 1041, 3732
5, 1042, 3706
5, 1043, 3775
5, 1044, 3818
5, 1045, 3777
5, 1046, 3805
5, 1047, 3802
5, 1048, 3765
5, 1049, 3752
5, 1050, 3816
5, 1051, 3839
5, 1052, 3768
5, 1053, 3794
5, 1054, 3783
5, 1055, 3747
5, 1056, 3711
5, 1057, 3767
5, 1058, 3797
5, 1059, 3719
5, 1060, 3748
5, 1061, 3720
5, 1062, 3692
5, 1063, 3638
5, 1064, 3717
5, 1065, 3754
5, 1066, 3701
5, 1067, 3714
5, 1068, 3722
5, 1069, 3696
5, 1070, 3667
5, 1071, 3725
5, 1072, 3750
5, 1073, 3695
5, 1074, 3706
5, 1075, 3733
5, 1076, 3732
5, 1077, 3723
5, 1078, 3776
5, 1079, 3802
5, 1080, 3763
5, 1081, 3773
5, 1082, 3769
5, 1083, 3739
5, 1084, 3710
5, 1085, 3789
5, 1086, 3826
5, 1087, 3761
5, 1088, 3771
5, 1089, 3758
5, 1090, 3736
5, 1091, 3723
5, 1092, 3781
5, 1093, 3816
5, 1094, 3762
6, 365, 5000
6, 366, 4947
6, 367, 4884
6, 368, 4818
6, 369, 4737
6, 370, 4686
6, 371, 4717
6, 372, 4758
6, 373, 4705
6, 374, 4644
6, 375, 4593
6, 376, 4539
6, 377, 4480
6, 378, 4515
6, 379, 4555
6, 380, 4488
6, 381, 4412
6, 382, 4353
6, 383, 4299
6, 384, 4236
6, 385, 4273
6, 386, 4308
6, 387, 4254
6, 388, 4212
6, 389, 4151
6, 390, 4077
6, 391, 4018
6, 392, 4055
6, 393, 4087
6, 394, 4017
6, 395, 3948
6, 396, 3865
6, 397, 3792
6, 398, 3735
6, 399, 3779
6, 400, 3813
6, 401, 3740
6, 402, 3684
6, 403, 3617
6, 404, 3551
6, 405, 3479
6, 406, 3520
6, 407, 3557
6, 408, 3501
6, 409, 3436
6, 410, 3375
6, 411, 3307
6, 412, 3245
6, 413, 3293
6, 414, 3332
6, 415, 3261
6, 416, 3204
6, 417, 3116
6, 418, 3059
6, 419, 2987
6, 420, 3025
6, 421, 3056
6, 422, 2973
6, 423, 2897
6, 424, 2838
6, 425, 2766
6, 426, 2691
6, 427, 2726
6, 428, 2767
6, 429, 2712
6, 430, 2663
6, 431, 2606
6, 432, 2537
6, 433, 2474
6, 434, 2509
6, 435, 2539
6, 436, 2457
6, 437, 2385
6, 438, 2300
6, 439, 2238
6, 440, 2153
6, 441, 2188
6, 442, 2214
6, 443, 2121
6, 444, 2045
6, 445, 1988
6, 446, 1923
6, 447, 1843
6, 448, 1875
6, 449, 1911
6, 450, 1842
6, 451, 1770
6, 452, 1717
6, 453, 1641
6, 454, 1569
6, 455, 1597
6, 456, 1636
6, 457, 1556
6, 458, 1492
6, 459, 1433
6, 460, 1388
6, 461, 1338
6, 462, 1379
6, 463, 1413
6, 464, 1362
6, 465, 1277
6, 466, 1226
6, 467, 1149
6, 468, 1102
6, 469, 1137
6, 470, 1167
6, 471, 1103
6, 472, 1048
6, 473, 991
6, 474, 936
6, 475, 868
6, 476, 903
6, 477, 933
6, 478, 868
6, 479, 828
6, 480, 771
6, 481, 700
6, 482, 653
6, 483, 685
6, 484, 722
6, 485, 665
6, 486, 616
6, 487, 548
6, 488, 488
6, 489, 425
6, 490, 461
6, 491, 493
6, 492, 440
6, 493, 372
6, 494, 303
6, 495, 247
6, 496, 177
6, 497, 213
6, 498, 245
6, 499, 192
6, 500, 153
6, 501, 111
6, 502, 66
6, 503, 0
6, 504, 39
6, 505, 78
6, 506, 35
6, 507, 0
6, 508, 0
6, 509, 0
6, 510, 0
6, 511, 32
6, 512, 70
6, 513, 18
6, 514, 0
6, 515, 0
6, 516, 0
6, 517, 0
6, 518, 26
6, 519, 64
6, 520, 5
6, 521, 1
6, 522, 0
6, 523, 0
6, 524, 0
6, 525, 28
6, 526, 65
6, 527, 0
6, 528, 0
6, 529, 0
6, 530, 0
6, 531, 0
6, 532, 34
6, 533, 71
6, 534, 34
6, 535, 1
6, 536, 0
6, 537, 0
6, 538, 0
6, 539, 35
6, 540, 69
6, 541, 23
6, 542, 0
6, 543, 0
6, 544, 0
6, 545, 0
6, 546, 30
6, 547, 66
6, 548, 13
6, 549, 1
6, 550, 0
6, 551, 1
6, 552, 0
6, 553, 34
6, 554, 57
6, 555, 13
6, 556, 0
6, 557, 0
6, 558, 0
6, 559, 1
6, 560, 36
6, 561, 76
6, 562, 35
6, 563, 0
6, 564, 0
6, 565, 0
6, 566, 0
6, 567, 38
6, 568, 76
6, 569, 2
6, 570, 1
6, 571, 1
6, 572, 0
6, 573, 0
6, 574, 38
6, 575, 71
6, 576, 30
6, 577, 0
6, 578, 0
6, 579, 0
6, 580, 0
6, 581, 48
6, 582, 85
6, 583, 14
6, 584, 0
6, 585, 0
6, 586, 0
6, 587, 1
6, 588, 40
6, 589, 73
6, 590, 22
6, 591, 1
6, 592, 0
6, 593, 0
6, 594, 0
6, 595, 41
6, 596, 78
6, 597, 28
6, 598, 0
6, 599, 1
6, 600, 0
6, 601, 0
6, 602, 44
6, 603, 70
6, 604, 16
6, 605, 0
6, 606, 0
6, 607, 0
6, 608, 0
6, 609, 36
6, 610, 73
6, 611, 17
6, 612, 0
6, 613, 0
6, 614, 0
6, 615, 1
6, 616, 31
6, 617, 60
6, 618, 0
6, 619, 1
6, 620, 1
6, 621, 0
6, 622, 0
6, 623, 37
6, 624, 81
6, 625, 25
6, 626, 0
6, 627, 1
6, 628, 1
6, 629, 0
6, 630, 33
6, 631, 70
6, 632, 1
6, 633, 0
6, 634, 0
6, 635, 1
6, 636, 0
6, 637, 31
6, 638, 66
6, 639, 12
6, 640, 1
6, 641, 0
6, 642, 1
6, 643, 0
6, 644, 39
6, 645, 73
6, 646, 18
6, 647, 0
6, 648, 0
6, 649, 0
6, 650, 1
6, 651, 50
6, 652, 78
6, 653, 44
6, 654, 0
6, 655, 0
6, 656, 0
6, 657, 0
6, 658, 35
6, 659, 71
6, 660, 10
6, 661, 0
6, 662, 0
6, 663, 1
6, 664, 0
6, 665, 37
6, 666, 68
6, 667, 14
6, 668, 0
6, 669, 0
6, 670, 0
6, 671, 0
6, 672, 31
6, 673, 71
6, 674, 15
6, 675, 0
6, 676, 0
6, 677, 0
6, 678, 0
6, 679, 38
6, 680, 78
6, 681, 24
6, 682, 0
6, 683, 0
6, 684, 0
6, 685, 0
6, 686, 35
6, 687, 74
6, 688, 39
6, 689, 0
6, 690, 0
6, 691, 0
6, 692, 0
6, 693, 42
6, 694, 83
6, 695, 22
6, 696, 0
6, 697, 0
6, 698, 0
6, 699, 0
6, 700, 35
6, 701, 65
6, 702, 15
6, 703, 0
6, 704, 0
6, 705, 0
6, 706, 1
6, 707, 44
6, 708, 82
6, 709, 35
6, 710, 0
6, 711, 0
6, 712, 0
6, 713, 0
6, 714, 33
6, 715, 66
6, 716, 20
6, 717, 0
6, 718, 0
6, 719, 0
6, 720, 0
6, 721, 32
6, 722, 69
6, 723, 0
6, 724, 0
6, 725, 0
6, 726, 0
6, 727, 0
6, 728, 31
6, 729, 67
6, 730, 23
6, 731, 42
6, 732, 43
6, 733, 52
6, 734, 60
6, 735, 161
6, 736, 198
6, 737, 155
6, 738, 133
6, 739, 130
6, 740, 156
6, 741, 174
6, 742, 275
6, 743, 301
6, 744, 234
6, 745, 249
6, 746, 267
6, 747, 295
6, 748, 313
6, 749, 422
6, 750, 456
6, 751, 386
6, 752, 391
6, 753, 407
6, 754, 410
6, 755, 452
6, 756, 558
6, 757, 592
6, 758, 534
6, 759, 546
6, 760, 560
6, 761, 561
6, 762, 551
6, 763, 649
6, 764, 688
6, 765, 634
6, 766, 662
6, 767, 671
6, 768, 687
6, 769, 711
6, 770, 837
6, 771, 867
6, 772, 819
6, 773, 856
6, 774, 887
6, 775, 905
6, 776, 911
6, 777, 1028
6, 778, 1064
6, 779, 998
6, 780, 1003
6, 781, 1015
6, 782, 1051
6, 783, 1064
6, 784, 1176
6, 785, 1215
6, 786, 1132
6, 787, 1169
6, 788, 1186
6, 789, 1194
6, 790, 1227
6, 791, 1353
6, 792, 1386
6, 793, 1322
6, 794, 1358
6, 795, 1359
6, 796, 1367
6, 797, 1381
6, 798, 1491
6, 799, 1527
6, 800, 1448
6, 801, 1487
6, 802, 1513
6, 803, 1525
6, 804, 1528
6, 805, 1646
6, 806, 1679
6, 807, 1630
6, 808, 1669
6, 809, 1688
6, 810, 1708
6, 811, 1722
6, 812, 1865
6, 813, 1904
6, 814, 1827
6, 815, 1846
6, 816, 1879
6, 817, 1885
6, 818, 1913
6, 819, 2019
6, 820, 2057
6, 821, 2019
6, 822, 2065
6, 823, 2071
6, 824, 2091
6, 825, 2114
6, 826, 2213
6, 827, 2254
6, 828, 2201
6, 829, 2211
6, 830, 2253
6, 831, 2246
6, 832, 2276
6, 833, 2371
6, 834, 2407
6, 835, 2354
6, 836, 2392
6, 837, 2404
6, 838, 2405
6, 839, 2408
6, 840, 2528
6, 841, 2572
6, 842, 2523
6, 843, 2529
6, 844, 2527
6, 845, 2564
6, 846, 2597
6, 847, 2700
6, 848, 2736
6, 849, 2682
6, 850, 2683
6, 851, 2685
6, 852, 2704
6, 853, 2728
6, 854, 2833
6, 855, 2864
6, 856, 2799
6, 857, 2842
6, 858, 2860
6, 859, 2869
6, 860, 2862
6, 861, 2970
6, 862, 2999
6, 863, 2966
6, 864, 2998
6, 865, 3019
6, 866, 3020
6, 867, 3037
6, 868, 3145
6, 869, 3183
6, 870, 3125
6, 871, 3128
6, 872, 3105
6, 873, 3081
6, 874, 3054
6, 875, 3106
6, 876, 3143
6, 877, 3082
6, 878, 3113
6, 879, 3070
6, 880, 3016
6, 881, 2994
6, 882, 3055
6, 883, 3088
6, 884, 3038
6, 885, 3069
6, 886, 3064
6, 887, 3027
6, 888, 2983
6, 889, 3046
6, 890, 3080
6, 891, 3022
6, 892, 3059
6, 893, 3038
6, 894, 2988
6, 895, 2960
6, 896, 3022
6, 897, 3066
6, 898, 3002
6, 899, 2995
6, 900, 2999
6, 901, 2975
6, 902, 2965
6, 903, 3040
6, 904, 3071
6, 905, 3021
6, 906, 3044
6, 907, 3022
6, 908, 2992
6, 909, 2989
6, 910, 3070
6, 911, 3099
6, 912, 3044
6, 913, 3068
6, 914, 3049
6, 915, 3061
6, 916, 3038
6, 917, 3123
6, 918, 3151
6, 919, 3109
6, 920, 3112
6, 921, 3097
6, 922, 3071
6, 923, 3054
6, 924, 3119
6, 925, 3157
6, 926, 3115
6, 927, 3147
6, 928, 3149
6, 929, 3119
6, 930, 3095
6, 931, 3163
6, 932, 3194
6, 933, 3117
6, 934, 3147
6, 935, 3127
6, 936, 3125
6, 937, 3104
6, 938, 3168
6, 939, 3195
6, 940, 3141
6, 941, 3157
6, 942, 3172
6, 943, 3144
6, 944, 3114
6, 945, 3185
6, 946, 3214
6, 947, 3157
6, 948, 3178
6, 949, 3177
6, 950, 3143
6, 951, 3126
6, 952, 3194
6, 953, 3233
6, 954, 3183
6, 955, 3194
6, 956, 3189
6, 957, 3165
6, 958, 3151
6, 959, 3225
6, 960, 3266
6, 961, 3206
6, 962, 3216
6, 963, 3217
6, 964, 3205
6, 965, 3202
6, 966, 3260
6, 967, 3296
6, 968, 3216
6, 969, 3237
6, 970, 3197
6, 971, 3170
6, 972, 3148
6, 973, 3228
6, 974, 3267
6, 975, 3222
6, 976, 3229
6, 977, 3212
6, 978, 3179
6, 979, 3135
6, 980, 3188
6, 981, 3219
6, 982, 3165
6, 983, 3216
6, 984, 3169
6, 985, 3130
6, 986, 3118
6, 987, 3181
6, 988, 3212
6, 989, 3154
6, 990, 3155
6, 991, 3170
6, 992, 3153
6, 993, 3150
6, 994, 3222
6, 995, 3260
6, 996, 3224
6, 997, 3247
6, 998, 3224
6, 999, 3213
6, 1000, 3199
6, 1001, 3265
6, 1002, 3298
6, 1003, 3255
6, 1004, 3289
6, 1005, 3300
6, 1006, 3293
6, 1007, 3292
6, 1008, 3360
6, 1009, 3401
6, 1010, 3326
6, 1011, 3340
6, 1012, 3308
6, 1013, 3290
6, 1014, 3281
6, 1015, 3340
6, 1016, 3371
6, 1017, 3319
6, 1018, 3334
6, 1019, 3348
6, 1020, 3347
6, 1021, 3320
6, 1022, 3380
6, 1023, 3415
6, 1024, 3354
6, 1025, 3388
6, 1026, 3357
6, 1027, 3331
6, 1028, 3313
6, 1029, 3374
6, 1030, 3407
6, 1031, 3361
6, 1032, 3395
6, 1033, 3358
6, 1034, 3354
6, 1035, 3339
6, 1036, 3422
6, 1037, 3454
6, 1038, 3414
6, 1039, 3435
6, 1040, 3415
6, 1041, 3394
6, 1042, 3365
6, 1043, 3434
6, 1044, 3472
6, 1045, 3439
6, 1046, 3488
6, 1047, 3462
6, 1048, 3434
6, 1049, 3435
6, 1050, 3494
6, 1051, 3518
6, 1052, 3471
6, 1053, 3493
6, 1054, 3500
6, 1055, 3475
6, 1056, 3456
6, 1057, 3523
6, 1058, 3563
6, 1059, 3506
6, 1060, 3543
6, 1061, 3562
6, 1062, 3541
6, 1063, 3516
6, 1064, 3595
6, 1065, 3623
6, 1066, 3555
6, 1067, 3587
6, 1068, 3576
6, 1069, 3574
6, 1070, 3547
6, 1071, 3606
6, 1072, 3648
6, 1073, 3604
6, 1074, 3636
6, 1075, 3631
6, 1076, 3625
6, 1077, 3568
6, 1078, 3639
6, 1079, 3671
6, 1080, 3607
6, 1081, 3612
6, 1082, 3589
6, 1083, 3556
6, 1084, 3536
6, 1085, 3597
6, 1086, 3635
6, 1087, 3590
6, 1088, 3619
6, 1089, 3597
6, 1090, 3571
6, 1091, 3566
6, 1092, 3625
6, 1093, 3656
6, 1094, 3575
7, 365, 5000
7, 366, 4948
7, 367, 4891
7, 368, 4831
7, 369, 4776
7, 370, 4712
7, 371, 4739
7, 372, 4762
7, 373, 4700
7, 374, 4634
7, 375, 4568
7, 376, 4514
7, 377, 4460
7, 378, 4490
7, 379, 4519
7, 380, 4474
7, 381, 4418
7, 382, 4340
7, 383, 4285
7, 384, 4211
7, 385, 4257
7, 386, 4290
7, 387, 4219
7, 388, 4153
7, 389, 4106
7, 390, 4039
7, 391, 3967
7, 392, 3996
7, 393, 4038
7, 394, 3980
7, 395, 3932
7, 396, 3868
7, 397, 3801
7, 398, 3722
7, 399, 3761
7, 400, 3806
7, 401, 3756
7, 402, 3701
7, 403, 3633
7, 404, 3571
7, 405, 3503
7, 406, 3537
7, 407, 3572
7, 408, 3510
7, 409, 3445
7, 410, 3378
7, 411, 3322
7, 412, 3253
7, 413, 3285
7, 414, 3331
7, 415, 3268
7, 416, 3197
7, 417, 3132
7, 418, 3059
7, 419, 2988
7, 420, 3019
7, 421, 3056
7, 422, 3010
7, 423, 2955
7, 424, 2880
7, 425, 2795
7, 426, 2741
7, 427, 2779
7, 428, 2805
7, 429, 2750
7, 430, 2685
7, 431, 2617
7, 432, 2540
7, 433, 2471
7, 434, 2504
7, 435, 2532
7, 436, 2470
7, 437, 2401
7, 438, 2336
7, 439, 2262
7, 440, 2207
7, 441, 2248
7, 442, 2289
7, 443, 2224
7, 444, 2135
7, 445, 2072
7, 446, 1998
7, 447, 1945
7, 448, 1985
7, 449, 2027
7, 450, 1967
7, 451, 1897
7, 452, 1834
7, 453, 1761
7, 454, 1714
7, 455, 1745
7, 456, 1786
7, 457, 1736
7, 458, 1681
7, 459, 1626
7, 460, 1548
7, 461, 1472
7, 462, 1505
7, 463, 1543
7, 464, 1469
7, 465, 1421
7, 466, 1349
7, 467, 1288
7, 468, 1226
7, 469, 1256
7, 470, 1291
7, 471, 1224
7, 472, 1162
7, 473, 1096
7, 474, 1045
7, 475, 999
7, 476, 1042
7, 477, 1082
7, 478, 1021
7, 479, 960
7, 480, 905
7, 481, 829
7, 482, 758
7, 483, 795
7, 484, 829
7, 485, 763
7, 486, 696
7, 487, 636
7, 488, 591
7, 489, 544
7, 490, 590
7, 491, 625
7, 492, 531
7, 493, 472
7, 494, 419
7, 495, 390
7, 496, 340
7, 497, 369
7, 498, 402
7, 499, 312
7, 500, 267
7, 501, 191
7, 502, 124
7, 503, 86
7, 504, 121
7, 505, 147
7, 506, 77
7, 507, 20
7, 508, 0
7, 509, 0
7, 510, 0
7, 511, 35
7, 512, 66
7, 513, 18
7, 514, 0
7, 515, 0
7, 516, 0
7, 517, 0
7, 518, 37
7, 519, 67
7, 520, 2
7, 521, 0
7, 522, 0
7, 523, 0
7, 524, 0
7, 525, 24
7, 526, 55
7, 527, 1
7, 528, 0
7, 529, 0
7, 530, 0
7, 531, 0
7, 532, 46
7, 533, 73
7, 534, 10
7, 535, 0
7, 536, 0
7, 537, 0
7, 538, 0
7, 539, 33
7, 540, 73
7, 541, 7
7, 542, 0
7, 543, 0
7, 544, 0
7, 545, 0
7, 546, 35
7, 547, 70
7, 548, 25
7, 549, 1
7, 550, 0
7, 551, 0
7, 552, 0
7, 553, 45
7, 554, 79
7, 555, 28
7, 556, 0
7, 557, 0
7, 558, 0
7, 559, 0
7, 560, 37
7, 561, 78
7, 562, 31
7, 563, 0
7, 564, 0
7, 565, 0
7, 566, 0
7, 567, 40
7, 568, 76
7, 569, 42
7, 570, 0
7, 571, 0
7, 572, 0
7, 573, 0
7, 574, 29
7, 575, 60
7, 576, 0
7, 577, 0
7, 578, 0
7, 579, 0
7, 580, 0
7, 581, 32
7, 582, 62
7, 583, 10
7, 584, 0
7, 585, 0
7, 586, 0
7, 587, 2
7, 588, 43
7, 589, 87
7, 590, 26
7, 591, 0
7, 592, 1
7, 593, 1
7, 594, 0
7, 595, 44
7, 596, 85
7, 597, 12
7, 598, 0
7, 599, 0
7, 600, 0
7, 601, 0
7, 602, 35
7, 603, 65
7, 604, 0
7, 605, 0
7, 606, 0
7, 607, 1
7, 608, 0
7, 609, 43
7, 610, 75
7, 611, 27
7, 612, 1
7, 613, 0
7, 614, 0
7, 615, 0
7, 616, 46
7, 617, 86
7, 618, 23
7, 619, 1
7, 620, 0
7, 621, 0
7, 622, 0
7, 623, 32
7, 624, 68
7, 625, 2
7, 626, 0
7, 627, 0
7, 628, 0
7, 629, 0
7, 630, 36
7, 631, 76
7, 632, 28
7, 633, 0
7, 634, 0
7, 635, 0
7, 636, 0
7, 637, 50
7, 638, 88
7, 639, 43
7, 640, 1
7, 641, 0
7, 642, 0
7, 643, 0
7, 644, 46
7, 645, 84
7, 646, 22
7, 647, 0
7, 648, 0
7, 649, 1
7, 650, 0
7, 651, 37
7, 652, 81
7, 653, 35
7, 654, 0
7, 655, 0
7, 656, 1
7, 657, 0
7, 658, 29
7, 659, 65
7, 660, 1
7, 661, 0
7, 662, 0
7, 663, 0
7, 664, 1
7, 665, 37
7, 666, 72
7, 667, 11
7, 668, 1
7, 669, 0
7, 670, 0
7, 671, 0
7, 672, 42
7, 673, 81
7, 674, 38
7, 675, 0
7, 676, 0
7, 677, 0
7, 678, 0
7, 679, 34
7, 680, 72
7, 681, 25
7, 682, 0
7, 683, 0
7, 684, 0
7, 685, 0
7, 686, 38
7, 687, 76
7, 688, 6
7, 689, 0
7, 690, 0
7, 691, 0
7, 692, 0
7, 693, 31
7, 694, 74
7, 695, 9
7, 696, 0
7, 697, 0
7, 698, 0
7, 699, 0
7, 700, 32
7, 701, 64
7, 702, 19
7, 703, 0
7, 704, 0
7, 705, 0
7, 706, 0
7, 707, 35
7, 708, 64
7, 709, 30
7, 710, 0
7, 711, 0
7, 712, 0
7, 713, 0
7, 714, 28
7, 715, 69
7, 716, 8
7, 717, 0
7, 718, 0
7, 719, 0
7, 720, 0
7, 721, 30
7, 722, 68
7, 723, 5
7, 724, 0
7, 725, 0
7, 726, 0
7, 727, 0
7, 728, 34
7, 729, 70
7, 730, 8
7, 731, 30
7, 732, 45
7, 733, 48
7, 734, 73
7, 735, 181
7, 736, 220
7, 737, 155
7, 738, 167
7, 739, 183
7, 740, 182
7, 741, 194
7, 742, 298
7, 743, 331
7, 744, 288
7, 745, 288
7, 746, 311
7, 747, 322
7, 748, 304
7, 749, 420
7, 750, 444
7, 751, 382
7, 752, 409
7, 753, 416
7, 754, 423
7, 755, 443
7, 756, 552
7, 757, 590
7, 758, 541
7, 759, 569
7, 760, 572
7, 761, 575
7, 762, 616
7, 763, 722
7, 764, 752
7, 765, 717
7, 766, 741
7, 767, 735
7, 768, 729
7, 769, 757
7, 770, 869
7, 771, 905
7, 772, 861
7, 773, 889
7, 774, 895
7, 775, 924
7, 776, 926
7, 777, 1022
7, 778, 1058
7, 779, 1007
7, 780, 1018
7, 781, 1022
7, 782, 1059
7, 783, 1057
7, 784, 1163
7, 785, 1187
7, 786, 1114
7, 787, 1114
7, 788, 1145
7, 789, 1163
7, 790, 1174
7, 791, 1290
7, 792, 1317
7, 793, 1267
7, 794, 1269
7, 795, 1313
7, 796, 1317
7, 797, 1363
7, 798, 1475
7, 799, 1506
7, 800, 1447
7, 801, 1455
7, 802, 1482
7, 803, 1497
7, 804, 1510
7, 805, 1621
7, 806, 1658
7, 807, 1613
7, 808, 1651
7, 809, 1697
7, 810, 1704
7, 811, 1731
7, 812, 1837
7, 813, 1877
7, 814, 1818
7, 815, 1849
7, 816, 1860
7, 817, 1873
7, 818, 1890
7, 819, 1990
7, 820, 2038
7, 821, 1988
7, 822, 2032
7, 823, 2049
7, 824, 2076
7, 825, 2114
7, 826, 2221
7, 827, 2258
7, 828, 2189
7, 829, 2211
7, 830, 2241
7, 831, 2264
7, 832, 2276
7, 833, 2377
7, 834, 2406
7, 835, 2343
7, 836, 2360
7, 837, 2377
7, 838, 2406
7, 839, 2418
7, 840, 2523
7, 841, 2549
7, 842, 2483
7, 843, 2497
7, 844, 2516
7, 845, 2542
7, 846, 2573
7, 847, 2695
7, 848, 2729
7, 849, 2664
7, 850, 2678
7, 851, 2723
7, 852, 2749
7, 853, 2740
7, 854, 2847
7, 855, 2883
7, 856, 2833
7, 857, 2875
7, 858, 2900
7, 859, 2917
7, 860, 2898
7, 861, 3003
7, 862, 3029
7, 863, 2963
7, 864, 3011
7, 865, 3008
7, 866, 3024
7, 867, 3058
7, 868, 3153
7, 869, 3189
7, 870, 3145
7, 871, 3181
7, 872, 3187
7, 873, 3146
7, 874, 3086
7, 875, 3149
7, 876, 3172
7, 877, 3103
7, 878, 3116
7, 879, 3116
7, 880, 3088
7, 881, 3075
7, 882, 3144
7, 883, 3180
7, 884, 3118
7, 885, 3145
7, 886, 3106
7, 887, 3089
7, 888, 3063
7, 889, 3128
7, 890, 3161
7, 891, 3095
7, 892, 3114
7, 893, 3082
7, 894, 3063
7, 895, 3049
7, 896, 3119
7, 897, 3153
7, 898, 3094
7, 899, 3110
7, 900, 3113
7, 901, 3100
7, 902, 3058
7, 903, 3123
7, 904, 3156
7, 905, 3100
7, 906, 3129
7, 907, 3127
7, 908, 3097
7, 909, 3095
7, 910, 3150
7, 911, 3181
7, 912, 3137
7, 913, 3168
7, 914, 3182
7, 915, 3179
7, 916, 3185
7, 917, 3257
7, 918, 3290
7, 919, 3229
7, 920, 3254
7, 921, 3264
7, 922, 3260
7, 923, 3235
7, 924, 3317
7, 925, 3355
7, 926, 3324
7, 927, 3334
7, 928, 3315
7, 929, 3299
7, 930, 3273
7, 931, 3338
7, 932, 3377
7, 933, 3322
7, 934, 3347
7, 935, 3357
7, 936, 3347
7, 937, 3329
7, 938, 3399
7, 939, 3434
7, 940, 3371
7, 941, 3389
7, 942, 3365
7, 943, 3345
7, 944, 3338
7, 945, 3404
7, 946, 3432
7, 947, 3391
7, 948, 3429
7, 949, 3424
7, 950, 3399
7, 951, 3383
7, 952, 3459
7, 953, 3493
7, 954, 3442
7, 955, 3466
7, 956, 3471
7, 957, 3448
7, 958, 3420
7, 959, 3483
7, 960, 3524
7, 961, 3467
7, 962, 3504
7, 963, 3489
7, 964, 3460
7, 965, 3439
7, 966, 3504
7, 967, 3545
7, 968, 3495
7, 969, 3515
7, 970, 3505
7, 971, 3487
7, 972, 3486
7, 973, 3557
7, 974, 3596
7, 975, 3549
7, 976, 3565
7, 977, 3546
7, 978, 3525
7, 979, 3514
7, 980, 3582
7, 981, 3614
7, 982, 3557
7, 983, 3586
7, 984, 3594
7, 985, 3577
7, 986, 3548
7, 987, 3619
7, 988, 3664
7, 989, 3598
7, 990, 3622
7, 991, 3619
7, 992, 3613
7, 993, 3579
7, 994, 3652
7, 995, 3685
7, 996, 3642
7, 997, 3666
7, 998, 3672
7, 999, 3644
7, 1000, 3626
7, 1001, 3682
7, 1002, 3724
7, 1003, 3671
7, 1004, 3683
7, 1005, 3706
7, 1006, 3703
7, 1007, 3685
7, 1008, 3762
7, 1009, 3796
7, 1010, 3748
7, 1011, 3785
7, 1012, 3775
7, 1013, 3751
7, 1014, 3727
7, 1015, 3797
7, 1016, 3834
7, 1017, 3762
7, 1018, 3764
7, 1019, 3766
7, 1020, 3733
7, 1021, 3708
7, 1022, 3763
7, 1023, 3798
7, 1024, 3750
7, 1025, 3769
7, 1026, 3735
7, 1027, 3732
7, 1028, 3713
7, 1029, 3798
7, 1030, 3825
7, 1031, 3751
7, 1032, 3791
7, 1033, 3766
7, 1034, 3772
7, 1035, 3743
7, 1036, 3815
7, 1037, 3848
7, 1038, 3794
7, 1039, 3791
7, 1040, 3805
7, 1041, 3786
7, 1042, 3778
7, 1043, 3847
7, 1044, 3880
7, 1045, 3815
7, 1046, 3816
7, 1047, 3812
7, 1048, 3807
7, 1049, 3772
7, 1050, 3829
7, 1051, 3859
7, 1052, 3807
7, 1053, 3842
7, 1054, 3815
7, 1055, 3768
7, 1056, 3728
7, 1057, 3795
7, 1058, 3827
7, 1059, 3776
7, 1060, 3812
7, 1061, 3789
7, 1062, 3774
7, 1063, 3746
7, 1064, 3812
7, 1065, 3840
7, 1066, 3784
7, 1067, 3799
7, 1068, 3795
7, 1069, 3763
7, 1070, 3719
7, 1071, 3781
7, 1072, 3810
7, 1073, 3737
7, 1074, 3759
7, 1075, 3749
7, 1076, 3740
7, 1077, 3708
7, 1078, 3771
7, 1079, 3802
7, 1080, 3733
7, 1081, 3755
7, 1082, 3742
7, 1083, 3705
7, 1084, 3681
7, 1085, 3741
7, 1086, 3777
7, 1087, 3720
7, 1088, 3755
7, 1089, 3759
7, 1090, 3736
7, 1091, 3668
7, 1092, 3728
7, 1093, 3764
7, 1094, 3722
8, 365, 5000
8, 366, 4942
8, 367, 4872
8, 368, 4806
8, 369, 4753
8, 370, 4689
8, 371, 4731
8, 372, 4764
8, 373, 4716
8, 374, 4645
8, 375, 4549
8, 376, 4473
8, 377, 4418
8, 378, 4459
8, 379, 4487
8, 380, 4408
8, 381, 4349
8, 382, 4284
8, 383, 4209
8, 384, 4141
8, 385, 4175
8, 386, 4213
8, 387, 4139
8, 388, 4081
8, 389, 4029
8, 390, 3957
8, 391, 3882
8, 392, 3925
8, 393, 3963
8, 394, 3891
8, 395, 3841
8, 396, 3783
8, 397, 3728
8, 398, 3666
8, 399, 3715
8, 400, 3755
8, 401, 3675
8, 402, 3610
8, 403, 3545
8, 404, 3477
8, 405, 3420
8, 406, 3449
8, 407, 3482
8, 408, 3417
8, 409, 3350
8, 410, 3289
8, 411, 3231
8, 412, 3170
8, 413, 3197
8, 414, 3233
8, 415, 3173
8, 416, 3105
8, 417, 3049
8, 418, 2976
8, 419, 2911
8, 420, 2945
8, 421, 2984
8, 422, 2917
8, 423, 2859
8, 424, 2804
8, 425, 2734
8, 426, 2671
8, 427, 2715
8, 428, 2753
8, 429, 2683
8, 430, 2615
8, 431, 2569
8, 432, 2496
8, 433, 2438
8, 434, 2462
8, 435, 2497
8, 436, 2421
8, 437, 2358
8, 438, 2315
8, 439, 2245
8, 440, 2182
8, 441, 2213
8, 442, 2247
8, 443, 2197
8, 444, 2122
8, 445, 2046
8, 446, 1970
8, 447, 1931
8, 448, 1967
8, 449, 2007
8, 450, 1948
8, 451, 1859
8, 452, 1798
8, 453, 1731
8, 454, 1655
8, 455, 1684
8, 456, 1718
8, 457, 1674
8, 458, 1618
8, 459, 1552
8, 460, 1497
8, 461, 1436
8, 462, 1469
8, 463, 1503
8, 464, 1432
8, 465, 1377
8, 466, 1320
8, 467, 1249
8, 468, 1182
8, 469, 1220
8, 470, 1260
8, 471, 1206
8, 472, 1145
8, 473, 1096
8, 474, 1044
8, 475, 987
8, 476, 1023
8, 477, 1052
8, 478, 1000
8, 479, 950
8, 480, 884
8, 481, 844
8, 482, 760
8, 483, 793
8, 484, 838
8, 485, 747
8, 486, 686
8, 487, 635
8, 488, 561
8, 489, 516
8, 490, 553
8, 491, 577
8, 492, 524
8, 493, 468
8, 494, 399
8, 495, 332
8, 496, 269
8, 497, 299
8, 498, 350
8, 499, 267
8, 500, 205
8, 501, 164
8, 502, 106
8, 503, 56
8, 504, 95
8, 505, 136
8, 506, 55
8, 507, 0
8, 508, 0
8, 509, 0
8, 510, 1
8, 511, 37
8, 512, 63
8, 513, 0
8, 514, 0
8, 515, 0
8, 516, 0
8, 517, 0
8, 518, 41
8, 519, 66
8, 520, 0
8, 521, 0
8, 522, 0
8, 523, 1
8, 524, 0
8, 525, 42
8, 526, 90
8, 527, 40
8, 528, 1
8, 529, 0
8, 530, 0
8, 531, 0
8, 532, 34
8, 533, 67
8, 534, 0
8, 535, 0
8, 536, 2
8, 537, 0
8, 538, 0
8, 539, 28
8, 540, 59
8, 541, 29
8, 542, 0
8, 543, 0
8, 544, 0
8, 545, 0
8, 546, 31
8, 547, 70
8, 548, 33
8, 549, 0
8, 550, 0
8, 551, 0
8, 552, 0
8, 553, 37
8, 554, 73
8, 555, 27
8, 556, 0
8, 557, 1
8, 558, 0
8, 559, 0
8, 560, 41
8, 561, 69
8, 562, 20
8, 563, 0
8, 564, 0
8, 565, 0
8, 566, 0
8, 567, 33
8, 568, 71
8, 569, 17
8, 570, 1
8, 571, 0
8, 572, 0
8, 573, 0
8, 574, 39
8, 575, 68
8, 576, 9
8, 577, 0
8, 578, 2
8, 579, 0
8, 580, 0
8, 581, 35
8, 582, 73
8, 583, 9
8, 584, 0
8, 585, 0
8, 586, 0
8, 587, 0
8, 588, 29
8, 589, 66
8, 590, 8
8, 591, 0
8, 592, 0
8, 593, 0
8, 594, 0
8, 595, 29
8, 596, 63
8, 597, 0
8, 598, 0
8, 599, 0
8, 600, 0
8, 601, 1
8, 602, 33
8, 603, 65
8, 604, 31
8, 605, 1
8, 606, 1
8, 607, 0
8, 608, 1
8, 609, 29
8, 610, 65
8, 611, 25
8, 612, 0
8, 613, 0
8, 614, 1
8, 615, 0
8, 616, 36
8, 617, 61
8, 618, 22
8, 619, 1
8, 620, 0
8, 621, 0
8, 622, 0
8, 623, 36
8, 624, 75
8, 625, 10
8, 626, 0
8, 627, 0
8, 628, 1
8, 629, 0
8, 630, 35
8, 631, 67
8, 632, 14
8, 633, 0
8, 634, 0
8, 635, 0
8, 636, 0
8, 637, 38
8, 638, 65
8, 639, 0
8, 640, 0
8, 641, 0
8, 642, 0
8, 643, 1
8, 644, 30
8, 645, 63
8, 646, 21
8, 647, 0
8, 648, 0
8, 649, 0
8, 650, 0
8, 651, 37
8, 652, 73
8, 653, 25
8, 654, 1
8, 655, 0
8, 656, 0
8, 657, 0
8, 658, 33
8, 659, 67
8, 660, 7
8, 661, 0
8, 662, 0
8, 663, 0
8, 664, 0
8, 665, 32
8, 666, 66
8, 667, 32
8, 668, 0
8, 669, 1
8, 670, 0
8, 671, 0
8, 672, 40
8, 673, 70
8, 674, 30
8, 675, 0
8, 676, 0
8, 677, 0
8, 678, 0
8, 679, 25
8, 680, 66
8, 681, 20
8, 682, 0
8, 683, 0
8, 684, 0
8, 685, 0
8, 686, 41
8, 687, 74
8, 688, 14
8, 689, 0
8, 690, 0
8, 691, 0
8, 692, 0
8, 693, 45
8, 694, 82
8, 695, 29
8, 696, 0
8, 697, 0
8, 698, 0
8, 699, 0
8, 700, 36
8, 701, 70
8, 702, 7
8, 703, 0
8, 704, 0
8, 705, 0
8, 706, 1
8, 707, 32
8, 708, 66
8, 709, 5
8, 710, 0
8, 711, 0
8, 712, 0
8, 713, 0
8, 714, 46
8, 715, 88
8, 716, 28
8, 717, 0
8, 718, 0
8, 719, 0
8, 720, 0
8, 721, 59
8, 722, 84
8, 723, 34
8, 724, 0
8, 725, 0
8, 726, 0
8, 727, 0
8, 728, 34
8, 729, 66
8, 730, 4
8, 731, 18
8, 732, 62
8, 733, 78
8, 734, 97
8, 735, 222
8, 736, 263
8, 737, 212
8, 738, 227
8, 739, 254
8, 740, 278
8, 741, 310
8, 742, 411
8, 743, 450
8, 744, 393
8, 745, 425
8, 746, 441
8, 747, 434
8, 748, 456
8, 749, 586
8, 750, 624
8, 751, 577
8, 752, 609
8, 753, 606
8, 754, 615
8, 755, 631
8, 756, 745
8, 757, 774
8, 758, 721
8, 759, 739
8, 760, 738
8, 761, 754
8, 762, 766
8, 763, 884
8, 764, 918
8, 765, 870
8, 766, 887
8, 767, 893
8, 768, 894
8, 769, 953
8, 770, 1044
8, 771, 1082
8, 772, 1033
8, 773, 1050
8, 774, 1039
8, 775, 1042
8, 776, 1081
8, 777, 1194
8, 778, 1225
8, 779, 1179
8, 780, 1181
8, 781, 1215
8, 782, 1237
8, 783, 1236
8, 784, 1352
8, 785, 1385
8, 786, 1332
8, 787, 1381
8, 788, 1391
8, 789, 1400
8, 790, 1447
8, 791, 1570
8, 792, 1602
8, 793, 1557
8, 794, 1583
8, 795, 1596
8, 796, 1603
8, 797, 1621
8, 798, 1739
8, 799, 1770
8, 800, 1711
8, 801, 1735
8, 802, 1739
8, 803, 1733
8, 804, 1762
8, 805, 1867
8, 806, 1907
8, 807, 1858
8, 808, 1849
8, 809, 1871
8, 810, 1899
8, 811, 1935
8, 812, 2036
8, 813, 2069
8, 814, 2000
8, 815, 2024
8, 816, 2047
8, 817, 2042
8, 818, 2056
8, 819, 2189
8, 820, 2222
8, 821, 2172
8, 822, 2158
8, 823, 2172
8, 824, 2178
8, 825, 2191
8, 826, 2303
8, 827, 2341
8, 828, 2284
8, 829, 2305
8, 830, 2324
8, 831, 2335
8, 832, 2364
8, 833, 2481
8, 834, 2519
8, 835, 2462
8, 836, 2473
8, 837, 2476
8, 838, 2496
8, 839, 2506
8, 840, 2612
8, 841, 2645
8, 842, 2595
8, 843, 2610
8, 844, 2628
8, 845, 2664
8, 846, 2675
8, 847, 2811
8, 848, 2840
8, 849, 2780
8, 850, 2810
8, 851, 2842
8, 852, 2841
8, 853, 2867
8, 854, 2978
8, 855, 3004
8, 856, 2944
8, 857, 2936
8, 858, 2964
8, 859, 2980
8, 860, 3003
8, 861, 3114
8, 862, 3145
8, 863, 3086
8, 864, 3113
8, 865, 3137
8, 866, 3152
8, 867, 3176
8, 868, 3281
8, 869, 3327
8, 870, 3264
8, 871, 3297
8, 872, 3333
8, 873, 3329
8, 874, 3306
8, 875, 3366
8, 876, 3403
8, 877, 3363
8, 878, 3382
8, 879, 3359
8, 880, 3345
8, 881, 3361
8, 882, 3420
8, 883, 3458
8, 884, 3423
8, 885, 3438
8, 886, 3424
8, 887, 3413
8, 888, 3392
8, 889, 3443
8, 890, 3477
8, 891, 3444
8, 892, 3453
8, 893, 3430
8, 894, 3401
8, 895, 3387
8, 896, 3461
8, 897, 3511
8, 898, 3453
8, 899, 3474
8, 900, 3437
8, 901, 3431
8, 902, 3418
8, 903, 3487
8, 904, 3517
8, 905, 3477
8, 906, 3480
8, 907, 3462
8, 908, 3441
8, 909, 3420
8, 910, 3489
8, 911, 3524
8, 912, 3475
8, 913, 3493
8, 914, 3503
8, 915, 3485
8, 916, 3451
8, 917, 3527
8, 918, 3561
8, 919, 3492
8, 920, 3507
8, 921, 3507
8, 922, 3508
8, 923, 3482
8, 924, 3558
8, 925, 3588
8, 926, 3544
8, 927, 3534
8, 928, 3515
8, 929, 3497
8, 930, 3477
8, 931, 3547
8, 932, 3578
8, 933, 3521
8, 934, 3552
8, 935, 3529
8, 936, 3510
8, 937, 3483
8, 938, 3551
8, 939, 3577
8, 940, 3539
8, 941, 3554
8, 942, 3536
8, 943, 3518
8, 944, 3471
8, 945, 3540
8, 946, 3577
8, 947, 3518
8, 948, 3567
8, 949, 3574
8, 950, 3542
8, 951, 3513
8, 952, 3588
8, 953, 3631
8, 954, 3566
8, 955, 3577
8, 956, 3553
8, 957, 3532
8, 958, 3511
8, 959, 3564
8, 960, 3599
8, 961, 3544
8, 962, 3560
8, 963, 3531
8, 964, 3519
8, 965, 3518
8, 966, 3577
8, 967, 3615
8, 968, 3577
8, 969, 3590
8, 970, 3571
8, 971, 3552
8, 972, 3512
8, 973, 3579
8, 974, 3621
8, 975, 3558
8, 976, 3560
8, 977, 3553
8, 978, 3532
8, 979, 3518
8, 980, 3577
8, 981, 3611
8, 982, 3536
8, 983, 3567
8, 984, 3568
8, 985, 3540
8, 986, 3515
8, 987, 3589
8, 988, 3630
8, 989, 3572
8, 990, 3590
8, 991, 3565
8, 992, 3541
8, 993, 3521
8, 994, 3576
8, 995, 3609
8, 996, 3554
8, 997, 3580
8, 998, 3571
8, 999, 3520
8, 1000, 3505
8, 1001, 3583
8, 1002, 3614
8, 1003, 3543
8, 1004, 3590
8, 1005, 3553
8, 1006, 3521
8, 1007, 3511
8, 1008, 3584
8, 1009, 3620
8, 1010, 3562
8, 1011, 3563
8, 1012, 3542
8, 1013, 3521
8, 1014, 3507
8, 1015, 3576
8, 1016, 3617
8, 1017, 3583
8, 1018, 3616
8, 1019, 3631
8, 1020, 3627
8, 1021, 3586
8, 1022, 3651
8, 1023, 3685
8, 1024, 3624
8, 1025, 3631
8, 1026, 3603
8, 1027, 3577
8, 1028, 3582
8, 1029, 3636
8, 1030, 3658
8, 1031, 3603
8, 1032, 3645
8, 1033, 3644
8, 1034, 3632
8, 1035, 3599
8, 1036, 3653
8, 1037, 3690
8, 1038, 3621
8, 1039, 3649
8, 1040, 3661
8, 1041, 3652
8, 1042, 3614
8, 1043, 3681
8, 1044, 3719
8, 1045, 3642
8, 1046, 3662
8, 1047, 3663
8, 1048, 3621
8, 1049, 3574
8, 1050, 3637
8, 1051, 3684
8, 1052, 3624
8, 1053, 3623
8, 1054, 3611
8, 1055, 3611
8, 1056, 3593
8, 1057, 3657
8, 1058, 3708
8, 1059, 3644
8, 1060, 3680
8, 1061, 3676
8, 1062, 3648
8, 1063, 3624
8, 1064, 3700
8, 1065, 3739
8, 1066, 3696
8, 1067, 3707
8, 1068, 3697
8, 1069, 3651
8, 1070, 3623
8, 1071, 3691
8, 1072, 3722
8, 1073, 3682
8, 1074, 3705
8, 1075, 3690
8, 1076, 3683
8, 1077, 3637
8, 1078, 3687
8, 1079, 3717
8, 1080, 3675
8, 1081, 3710
8, 1082, 3715
8, 1083, 3718
8, 1084, 3689
8, 1085, 3761
8, 1086, 3802
8, 1087, 3746
8, 1088, 3773
8, 1089, 3798
8, 1090, 3739
8, 1091, 3712
8, 1092, 3775
8, 1093, 3813
8, 1094, 3738
9, 365, 5000
9, 366, 4932
9, 367, 4869
9, 368, 4816
9, 369, 4752
9, 370, 4691
9, 371, 4722
9, 372, 4754
9, 373, 4674
9, 374, 4627
9, 375, 4561
9, 376, 4489
9, 377, 4413
9, 378, 4443
9, 379, 4485
9, 380, 4409
9, 381, 4356
9, 382, 4294
9, 383, 4195
9, 384, 4123
9, 385, 4159
9, 386, 4199
9, 387, 4133
9, 388, 4062
9, 389, 4009
9, 390, 3958
9, 391, 3906
9, 392, 3938
9, 393, 3982
9, 394, 3902
9, 395, 3828
9, 396, 3761
9, 397, 3707
9, 398, 3630
9, 399, 3662
9, 400, 3696
9, 401, 3645
9, 402, 3586
9, 403, 3524
9, 404, 3457
9, 405, 3408
9, 406, 3445
9, 407, 3478
9, 408, 3422
9, 409, 3366
9, 410, 3287
9, 411, 3231
9, 412, 3150
9, 413, 3184
9, 414, 3230
9, 415, 3161
9, 416, 3061
9, 417, 2978
9, 418, 2930
9, 419, 2868
9, 420, 2912
9, 421, 2952
9, 422, 2916
9, 423, 2879
9, 424, 2806
9, 425, 2722
9, 426, 2678
9, 427, 2705
9, 428, 2735
9, 429, 2646
9, 430, 2573
9, 431, 2519
9, 432, 2456
9, 433, 2382
9, 434, 2413
9, 435, 2441
9, 436, 2390
9, 437, 2321
9, 438, 2268
9, 439, 2180
9, 440, 2120
9, 441, 2150
9, 442, 2181
9, 443, 2131
9, 444, 2081
9, 445, 2000
9, 446, 1934
9, 447, 1860
9, 448, 1903
9, 449, 1941
9, 450, 1887
9, 451, 1826
9, 452, 1763
9, 453, 1694
9, 454, 1640
9, 455, 1676
9, 456, 1712
9, 457, 1661
9, 458, 1613
9, 459, 1534
9, 460, 1484
9, 461, 1421
9, 462, 1448
9, 463, 1493
9, 464, 1427
9, 465, 1356
9, 466, 1292
9, 467, 1218
9, 468, 1137
9, 469, 1172
9, 470, 1205
9, 471, 1146
9, 472, 1087
9, 473, 1016
9, 474, 948
9, 475, 867
9, 476, 908
9, 477, 942
9, 478, 890
9, 479, 814
9, 480, 741
9, 481, 695
9, 482, 626
9, 483, 668
9, 484, 701
9, 485, 642
9, 486, 594
9, 487, 539
9, 488, 480
9, 489, 418
9, 490, 447
9, 491, 480
9, 492, 432
9, 493, 381
9, 494, 317
9, 495, 255
9, 496, 189
9, 497, 218
9, 498, 246
9, 499, 175
9, 500, 107
9, 501, 53
9, 502, 8
9, 503, 0
9, 504, 34
9, 505, 77
9, 506, 29
9, 507, 0
9, 508, 0
9, 509, 0
9, 510, 1
9, 511, 30
9, 512, 75
9, 513, 27
9, 514, 0
9, 515, 0
9, 516, 0
9, 517, 1
9, 518, 24
9, 519, 57
9, 520, 0
9, 521, 0
9, 522, 1
9, 523, 0
9, 524, 0
9, 525, 28
9, 526, 73
9, 527, 10
9, 528, 0
9, 529, 0
9, 530, 1
9, 531, 0
9, 532, 39
9, 533, 80
9, 534, 35
9, 535, 0
9, 536, 1
9, 537, 0
9, 538, 1
9, 539, 33
9, 540, 69
9, 541, 30
9, 542, 0
9, 543, 0
9, 544, 0
9, 545, 0
9, 546, 28
9, 547, 66
9, 548, 0
9, 549, 0
9, 550, 1
9, 551, 1
9, 552, 0
9, 553, 37
9, 554, 76
9, 555, 17
9, 556, 1
9, 557, 1
9, 558, 0
9, 559, 0
9, 560, 44
9, 561, 79
9, 562, 23
9, 563, 0
9, 564, 0
9, 565, 1
9, 566, 1
9, 567, 32
9, 568, 65
9, 569, 19
9, 570, 1
9, 571, 1
9, 572, 0
9, 573, 0
9, 574, 37
9, 575, 86
9, 576, 28
9, 577, 1
9, 578, 0
9, 579, 0
9, 580, 0
9, 581, 26
9, 582, 59
9, 583, 0
9, 584, 0
9, 585, 0
9, 586, 0
9, 587, 0
9, 588, 40
9, 589, 72
9, 590, 21
9, 591, 0
9, 592, 0
9, 593, 0
9, 594, 0
9, 595, 29
9, 596, 65
9, 597, 0
9, 598, 0
9, 599, 0
9, 600, 0
9, 601, 0
9, 602, 41
9, 603, 66
9, 604, 15
9, 605, 0
9, 606, 0
9, 607, 0
9, 608, 1
9, 609, 34
9, 610, 78
9, 611, 26
9, 612, 0
9, 613, 0
9, 614, 0
9, 615, 0
9, 616, 35
9, 617, 72
9, 618, 9
9, 619, 1
9, 620, 0
9, 621, 0
9, 622, 0
9, 623, 47
9, 624, 68
9, 625, 13
9, 626, 0
9, 627, 0
9, 628, 0
9, 629, 1
9, 630, 30
9, 631, 78
9, 632, 25
9, 633, 0
9, 634, 0
9, 635, 0
9, 636, 0
9, 637, 36
9, 638, 66
9, 639, 16
9, 640, 0
9, 641, 0
9, 642, 1
9, 643, 0
9, 644, 34
9, 645, 73
9, 646, 31
9, 647, 0
9, 648, 0
9, 649, 0
9, 650, 0
9, 651, 26
9, 652, 71
9, 653, 17
9, 654, 0
9, 655, 0
9, 656, 0
9, 657, 0
9, 658, 31
9, 659, 68
9, 660, 12
9, 661, 0
9, 662, 0
9, 663, 0
9, 664, 0
9, 665, 22
9, 666, 60
9, 667, 14
9, 668, 0
9, 669, 0
9, 670, 0
9, 671, 0
9, 672, 24
9, 673, 53
9, 674, 0
9, 675, 0
9, 676, 0
9, 677, 0
9, 678, 0
9, 679, 30
9, 680, 69
9, 681, 20
9, 682, 0
9, 683, 0
9, 684, 0
9, 685, 0
9, 686, 22
9, 687, 58
9, 688, 0
9, 689, 0
9, 690, 0
9, 691, 0
9, 692, 0
9, 693, 29
9, 694, 62
9, 695, 2
9, 696, 1
9, 697, 0
9, 698, 0
9, 699, 0
9, 700, 39
9, 701, 76
9, 702, 17
9, 703, 0
9, 704, 0
9, 705, 0
9, 706, 0
9, 707, 52
9, 708, 90
9, 709, 57
9, 710, 18
9, 711, 0
9, 712, 0
9, 713, 0
9, 714, 29
9, 715, 60
9, 716, 4
9, 717, 0
9, 718, 0
9, 719, 0
9, 720, 0
9, 721, 22
9, 722, 51
9, 723, 5
9, 724, 0
9, 725, 0
9, 726, 0
9, 727, 0
9, 728, 38
9, 729, 68
9, 730, 16
9, 731, 31
9, 732, 50
9, 733, 49
9, 734, 62
9, 735, 168
9, 736, 207
9, 737, 151
9, 738, 191
9, 739, 192
9, 740, 207
9, 741, 251
9, 742, 364
9, 743, 390
9, 744, 339
9, 745, 371
9, 746, 392
9, 747, 418
9, 748, 433
9, 749, 546
9, 750, 589
9, 751, 535
9, 752, 539
9, 753, 582
9, 754, 580
9, 755, 609
9, 756, 719
9, 757, 760
9, 758, 699
9, 759, 717
9, 760, 758
9, 761, 759
9, 762, 767
9, 763, 882
9, 764, 920
9, 765, 867
9, 766, 877
9, 767, 897
9, 768, 917
9, 769, 937
9, 770, 1058
9, 771, 1090
9, 772, 1033
9, 773, 1042
9, 774, 1069
9, 775, 1083
9, 776, 1106
9, 777, 1229
9, 778, 1268
9, 779, 1203
9, 780, 1222
9, 781, 1265
9, 782, 1277
9, 783, 1299
9, 784, 1411
9, 785, 1445
9, 786, 1393
9, 787, 1388
9, 788, 1395
9, 789, 1405
9, 790, 1437
9, 791, 1551
9, 792, 1591
9, 793, 1534
9, 794, 1537
9, 795, 1549
9, 796, 1549
9, 797, 1583
9, 798, 1703
9, 799, 1744
9, 800, 1650
9, 801, 1673
9, 802, 1706
9, 803, 1721
9, 804, 1778
9, 805, 1874
9, 806, 1918
9, 807, 1853
9, 808, 1857
9, 809, 1849
9, 810, 1876
9, 811, 1904
9, 812, 2017
9, 813, 2061
9, 814, 2003
9, 815, 2047
9, 816, 2063
9, 817, 2089
9, 818, 2119
9, 819, 2232
9, 820, 2267
9, 821, 2217
9, 822, 2226
9, 823, 2240
9, 824, 2277
9, 825, 2278
9, 826, 2381
9, 827, 2418
9, 828, 2357
9, 829, 2386
9, 830, 2380
9, 831, 2387
9, 832, 2419
9, 833, 2540
9, 834, 2578
9, 835, 2504
9, 836, 2522
9, 837, 2541
9, 838, 2570
9, 839, 2598
9, 840, 2717
9, 841, 2747
9, 842, 2686
9, 843, 2690
9, 844, 2716
9, 845, 2741
9, 846, 2771
9, 847, 2897
9, 848, 2933
9, 849, 2862
9, 850, 2891
9, 851, 2892
9, 852, 2899
9, 853, 2941
9, 854, 3049
9, 855, 3090
9, 856, 3044
9, 857, 3065
9, 858, 3077
9, 859, 3102
9, 860, 3106
9, 861, 3236
9, 862, 3280
9, 863, 3231
9, 864, 3268
9, 865, 3303
9, 866, 3331
9, 867, 3335
9, 868, 3397
9, 869, 3431
9, 870, 3387
9, 871, 3404
9, 872, 3393
9, 873, 3379
9, 874, 3357
9, 875, 3419
9, 876, 3455
9, 877, 3400
9, 878, 3420
9, 879, 3400
9, 880, 3370
9, 881, 3333
9, 882, 3403
9, 883, 3441
9, 884, 3392
9, 885, 3416
9, 886, 3388
9, 887, 3357
9, 888, 3317
9, 889, 3380
9, 890, 3410
9, 891, 3361
9, 892, 3383
9, 893, 3353
9, 894, 3358
9, 895, 3350
9, 896, 3411
9, 897, 3446
9, 898, 3388
9, 899, 3397
9, 900, 3421
9, 901, 3392
9, 902, 3410
9, 903, 3477
9, 904, 3517
9, 905, 3466
9, 906, 3473
9, 907, 3475
9, 908, 3454
9, 909, 3420
9, 910, 3487
9, 911, 3523
9, 912, 3480
9, 913, 3500
9, 914, 3487
9, 915, 3467
9, 916, 3462
9, 917, 3539
9, 918, 3571
9, 919, 3521
9, 920, 3552
9, 921, 3547
9, 922, 3530
9, 923, 3501
9, 924, 3569
9, 925, 3605
9, 926, 3545
9, 927, 3582
9, 928, 3595
9, 929, 3603
9, 930, 3584
9, 931, 3662
9, 932, 3696
9, 933, 3636
9, 934, 3645
9, 935, 3649
9, 936, 3633
9, 937, 3627
9, 938, 3686
9, 939, 3725
9, 940, 3667
9, 941, 3690
9, 942, 3684
9, 943, 3659
9, 944, 3626
9, 945, 3711
9, 946, 3749
9, 947, 3696
9, 948, 3722
9, 949, 3717
9, 950, 3691
9, 951, 3670
9, 952, 3733
9, 953, 3773
9, 954, 3723
9, 955, 3756
9, 956, 3721
9, 957, 3711
9, 958, 3695
9, 959, 3771
9, 960, 3808
9, 961, 3771
9, 962, 3811
9, 963, 3798
9, 964, 3774
9, 965, 3756
9, 966, 3820
9, 967, 3844
9, 968, 3798
9, 969, 3799
9, 970, 3793
9, 971, 3751
9, 972, 3696
9, 973, 3746
9, 974, 3769
9, 975, 3707
9, 976, 3717
9, 977, 3720
9, 978, 3725
9, 979, 3708
9, 980, 3793
9, 981, 3833
9, 982, 3787
9, 983, 3812
9, 984, 3804
9, 985, 3767
9, 986, 3745
9, 987, 3821
9, 988, 3857
9, 989, 3805
9, 990, 3821
9, 991, 3806
9, 992, 3771
9, 993, 3758
9, 994, 3823
9, 995, 3849
9, 996, 3803
9, 997, 3823
9, 998, 3809
9, 999, 3795
9, 1000, 3794
9, 1001, 3860
9, 1002, 3900
9, 1003, 3839
9, 1004, 3838
9, 1005, 3840
9, 1006, 3831
9, 1007, 3806
9, 1008, 3888
9, 1009, 3921
9, 1010, 3862
9, 1011, 3892
9, 1012, 3893
9, 1013, 3856
9, 1014, 3825
9, 1015, 3888
9, 1016, 3929
9, 1017, 3868
9, 1018, 3884
9, 1019, 3874
9, 1020, 3860
9, 1021, 3808
9, 1022, 3876
9, 1023, 3912
9, 1024, 3874
9, 1025, 3883
9, 1026, 3871
9, 1027, 3846
9, 1028, 3832
9, 1029, 3925
9, 1030, 3968
9, 1031, 3939
9, 1032, 3968
9, 1033, 3941
9, 1034, 3924
9, 1035, 3866
9, 1036, 3931
9, 1037, 3963
9, 1038, 3901
9, 1039, 3911
9, 1040, 3902
9, 1041, 3878
9, 1042, 3879
9, 1043, 3954
9, 1044, 3992
9, 1045, 3970
9, 1046, 3989
9, 1047, 3975
9, 1048, 3958
9, 1049, 3910
9, 1050, 3967
9, 1051, 3997
9, 1052, 3932
9, 1053, 3976
9, 1054, 3943
9, 1055, 3904
9, 1056, 3880
9, 1057, 3936
9, 1058, 3971
9, 1059, 3923
9, 1060, 3950
9, 1061, 3933
9, 1062, 3901
9, 1063, 3890
9, 1064, 3947
9, 1065, 3979
9, 1066, 3913
9, 1067, 3955
9, 1068, 3977
9, 1069, 3962
9, 1070, 3927
9, 1071, 3999
9, 1072, 4026
9, 1073, 3963
9, 1074, 3994
9, 1075, 3995
9, 1076, 3984
9, 1077, 3957
9, 1078, 4014
9, 1079, 4050
9, 1080, 4010
9, 1081, 4038
9, 1082, 4025
9, 1083, 4013
9, 1084, 3975
9, 1085, 4039
9, 1086, 4065
9, 1087, 4005
9, 1088, 4046
9, 1089, 4028
9, 1090, 3985
9, 1091, 3960
9, 1092, 4042
9, 1093, 4077
9, 1094, 4001
