Replication, Day, Arrival Amount
0, 0, 30.0
0, 1, 30.25
0, 2, 30.5
0, 3, 30.75
0, 4, 31.0
0, 5, 31.25
0, 6, 31.5
0, 7, 31.75
0, 8, 32.0
0, 9, 32.25
0, 10, 32.5
0, 11, 32.75
0, 12, 33.0
0, 13, 33.25
0, 14, 33.5
0, 15, 33.75
0, 16, 34.0
0, 17, 34.25
0, 18, 34.5
0, 19, 34.75
0, 20, 35.0
0, 21, 35.25
0, 22, 35.5
0, 23, 35.75
0, 24, 36.0
0, 25, 36.25
0, 26, 36.5
0, 27, 36.75
0, 28, 37.0
0, 29, 37.25
0, 30, 37.5
0, 31, 37.75
0, 32, 38.0
0, 33, 38.25
0, 34, 38.5
0, 35, 38.75
0, 36, 39.0
0, 37, 39.25
0, 38, 39.5
0, 39, 39.75
0, 40, 40.0
0, 41, 40.25
0, 42, 40.5
0, 43, 40.75
0, 44, 41.0
0, 45, 41.25
0, 46, 41.5
0, 47, 41.75
0, 48, 42.0
0, 49, 42.25
0, 50, 42.5
0, 51, 42.75
0, 52, 43.0
0, 53, 43.25
0, 54, 43.5
0, 55, 43.75
0, 56, 44.0
0, 57, 44.25
0, 58, 44.5
0, 59, 44.75
0, 60, 45.0
0, 61, 45.25
0, 62, 45.5
0, 63, 45.75
0, 64, 45.5
0, 65, 45.25
0, 66, 45.0
0, 67, 44.75
0, 68, 44.5
0, 69, 44.25
0, 70, 44.0
0, 71, 43.75
0, 72, 43.5
0, 73, 43.25
0, 74, 43.0
0, 75, 42.75
0, 76, 42.5
0, 77, 42.25
0, 78, 42.0
0, 79, 41.75
0, 80, 41.5
0, 81, 41.25
0, 82, 41.0
0, 83, 40.75
0, 84, 40.5
0, 85, 40.25
0, 86, 40.0
0, 87, 39.75
0, 88, 39.5
0, 89, 39.25
0, 90, 39.0
0, 91, 38.75
0, 92, 38.5
0, 93, 38.25
0, 94, 38.0
0, 95, 37.75
0, 96, 37.5
0, 97, 37.25
0, 98, 37.0
0, 99, 36.75
0, 100, 36.5
0, 101, 36.25
0, 102, 36.0
0, 103, 35.75
0, 104, 35.5
0, 105, 35.25
0, 106, 35.0
0, 107, 34.75
0, 108, 34.5
0, 109, 34.25
0, 110, 34.0
0, 111, 33.75
0, 112, 33.5
0, 113, 33.25
0, 114, 33.0
0, 115, 32.75
0, 116, 32.5
0, 117, 32.25
0, 118, 32.0
0, 119, 31.75
0, 120, 31.5
0, 121, 31.25
0, 122, 31.0
0, 123, 30.75
0, 124, 30.5
0, 125, 30.25
0, 126, 30.0
0, 127, 29.75
0, 128, 29.5
0, 129, 29.25
0, 130, 29.0
0, 131, 28.75
0, 132, 28.5
0, 133, 28.25
0, 134, 28.0
0, 135, 27.75
0, 136, 27.5
0, 137, 27.25
0, 138, 27.0
0, 139, 26.75
0, 140, 26.5
0, 141, 26.25
0, 142, 26.0
0, 143, 25.75
0, 144, 25.5
0, 145, 25.25
0, 146, 25.0
0, 147, 24.75
0, 148, 24.5
0, 149, 24.25
0, 150, 24.0
0, 151, 23.75
0, 152, 23.5
0, 153, 23.25
0, 154, 23.0
0, 155, 22.75
0, 156, 22.5
0, 157, 22.25
0, 158, 22.0
0, 159, 21.75
0, 160, 21.5
0, 161, 21.25
0, 162, 21.0
0, 163, 20.75
0, 164, 20.5
0, 165, 20.25
0, 166, 20.0
0, 167, 19.75
0, 168, 19.5
0, 169, 19.25
0, 170, 19.0
0, 171, 18.75
0, 172, 18.5
0, 173, 18.25
0, 174, 18.0
0, 175, 17.75
0, 176, 17.5
0, 177, 17.25
0, 178, 17.0
0, 179, 16.75
0, 180, 16.5
0, 181, 16.25
0, 182, 16.0
0, 183, 15.75
0, 184, 15.5
0, 185, 15.25
0, 186, 15.0
0, 187, 14.75
0, 188, 14.5
0, 189, 14.25
0, 190, 14.0
0, 191, 13.75
0, 192, 13.5
0, 193, 13.25
0, 194, 13.0
0, 195, 12.75
0, 196, 12.5
0, 197, 12.25
0, 198, 12.0
0, 199, 11.75
0, 200, 11.5
0, 201, 11.25
0, 202, 11.0
0, 203, 10.75
0, 204, 10.5
0, 205, 10.25
0, 206, 10.0
0, 207, 9.75
0, 208, 9.5
0, 209, 9.25
0, 210, 9.0
0, 211, 8.75
0, 212, 8.5
0, 213, 8.25
0, 214, 8.0
0, 215, 7.75
0, 216, 7.5
0, 217, 7.25
0, 218, 7.0
0, 219, 6.75
0, 220, 6.5
0, 221, 6.25
0, 222, 6.0
0, 223, 5.75
0, 224, 5.5
0, 225, 5.25
0, 226, 5.0
0, 227, 4.75
0, 228, 4.5
0, 229, 4.25
0, 230, 4.0
0, 231, 3.75
0, 232, 3.5
0, 233, 3.25
0, 234, 3.0
0, 235, 2.75
0, 236, 2.5
0, 237, 2.25
0, 238, 2.0
0, 239, 1.75
0, 240, 1.5
0, 241, 1.25
0, 242, 1.0
0, 243, 0.75
0, 244, 0.75
0, 245, 0.75
0, 246, 0.75
0, 247, 0.75
0, 248, 0.75
0, 249, 0.75
0, 250, 0.75
0, 251, 0.75
0, 252, 0.75
0, 253, 0.75
0, 254, 0.75
0, 255, 1.0
0, 256, 1.25
0, 257, 1.5
0, 258, 1.75
0, 259, 2.0
0, 260, 2.25
0, 261, 2.5
0, 262, 2.75
0, 263, 3.0
0, 264, 3.25
0, 265, 3.5
0, 266, 3.75
0, 267, 4.0
0, 268, 4.25
0, 269, 4.5
0, 270, 4.75
0, 271, 5.0
0, 272, 5.25
0, 273, 5.5
0, 274, 5.75
0, 275, 6.0
0, 276, 6.25
0, 277, 6.5
0, 278, 6.75
0, 279, 7.0
0, 280, 7.25
0, 281, 7.5
0, 282, 7.75
0, 283, 8.0
0, 284, 8.25
0, 285, 8.5
0, 286, 8.75
0, 287, 9.0
0, 288, 9.25
0, 289, 9.5
0, 290, 9.75
0, 291, 10.0
0, 292, 10.25
0, 293, 10.5
0, 294, 10.75
0, 295, 11.0
0, 296, 11.25
0, 297, 11.5
0, 298, 11.75
0, 299, 12.0
0, 300, 12.25
0, 301, 12.5
0, 302, 12.75
0, 303, 13.0
0, 304, 13.25
0, 305, 13.5
0, 306, 13.75
0, 307, 14.0
0, 308, 14.25
0, 309, 14.5
0, 310, 14.75
0, 311, 15.0
0, 312, 15.25
0, 313, 15.5
0, 314, 15.75
0, 315, 16.0
0, 316, 16.25
0, 317, 16.5
0, 318, 16.75
0, 319, 17.0
0, 320, 17.25
0, 321, 17.5
0, 322, 17.75
0, 323, 18.0
0, 324, 18.25
0, 325, 18.5
0, 326, 18.75
0, 327, 19.0
0, 328, 19.25
0, 329, 19.5
0, 330, 19.75
0, 331, 20.0
0, 332, 20.25
0, 333, 20.5
0, 334, 20.75
0, 335, 21.0
0, 336, 21.25
0, 337, 21.5
0, 338, 21.75
0, 339, 22.0
0, 340, 22.25
0, 341, 22.5
0, 342, 22.75
0, 343, 23.0
0, 344, 23.25
0, 345, 23.5
0, 346, 23.75
0, 347, 24.0
0, 348, 24.25
0, 349, 24.5
0, 350, 24.75
0, 351, 25.0
0, 352, 25.25
0, 353, 25.5
0, 354, 25.75
0, 355, 26.0
0, 356, 26.25
0, 357, 26.5
0, 358, 26.75
0, 359, 27.0
0, 360, 27.25
0, 361, 27.5
0, 362, 27.75
0, 363, 28.0
0, 364, 28.25
0, 365, 28.5
0, 366, 28.75
0, 367, 29.0
0, 368, 29.25
0, 369, 29.5
0, 370, 29.75
0, 371, 30.0
0, 372, 30.25
0, 373, 30.5
0, 374, 30.75
0, 375, 31.0
0, 376, 31.25
0, 377, 31.5
0, 378, 31.75
0, 379, 32.0
0, 380, 32.25
0, 381, 32.5
0, 382, 32.75
0, 383, 33.0
0, 384, 33.25
0, 385, 33.5
0, 386, 33.75
0, 387, 34.0
0, 388, 34.25
0, 389, 34.5
0, 390, 34.75
0, 391, 35.0
0, 392, 34.75
0, 393, 34.5
0, 394, 34.25
0, 395, 34.0
0, 396, 33.75
0, 397, 33.5
0, 398, 33.25
0, 399, 33.0
0, 400, 32.75
0, 401, 32.5
0, 402, 32.25
0, 403, 32.0
0, 404, 31.75
0, 405, 31.5
0, 406, 31.25
0, 407, 31.0
0, 408, 30.75
0, 409, 30.5
0, 410, 30.25
0, 411, 30.0
0, 412, 29.75
0, 413, 29.5
0, 414, 29.25
0, 415, 29.0
0, 416, 28.75
0, 417, 28.5
0, 418, 28.25
0, 419, 28.0
0, 420, 27.75
0, 421, 27.5
0, 422, 27.25
0, 423, 27.0
0, 424, 26.75
0, 425, 26.5
0, 426, 26.25
0, 427, 26.0
0, 428, 25.75
0, 429, 25.5
0, 430, 25.25
0, 431, 25.0
0, 432, 24.75
0, 433, 24.5
0, 434, 24.25
0, 435, 24.0
0, 436, 23.75
0, 437, 23.5
0, 438, 23.25
0, 439, 23.0
0, 440, 22.75
0, 441, 22.5
0, 442, 22.25
0, 443, 22.0
0, 444, 21.75
0, 445, 21.5
0, 446, 21.25
0, 447, 21.0
0, 448, 20.75
0, 449, 20.5
0, 450, 20.25
0, 451, 20.0
0, 452, 19.75
0, 453, 19.5
0, 454, 19.25
0, 455, 19.0
0, 456, 18.75
0, 457, 18.5
0, 458, 18.25
0, 459, 18.0
0, 460, 17.75
0, 461, 17.5
0, 462, 17.25
0, 463, 17.0
0, 464, 16.75
0, 465, 16.5
0, 466, 16.25
0, 467, 16.0
0, 468, 15.75
0, 469, 15.5
0, 470, 15.25
0, 471, 15.0
0, 472, 14.75
0, 473, 14.5
0, 474, 14.25
0, 475, 14.0
0, 476, 13.75
0, 477, 13.5
0, 478, 13.25
0, 479, 13.0
0, 480, 12.75
0, 481, 12.5
0, 482, 12.25
0, 483, 12.0
0, 484, 11.75
0, 485, 11.5
0, 486, 11.25
0, 487, 11.0
0, 488, 10.75
0, 489, 10.5
0, 490, 10.25
0, 491, 10.0
0, 492, 9.75
0, 493, 9.5
0, 494, 9.25
0, 495, 9.0
0, 496, 8.75
0, 497, 8.5
0, 498, 8.25
0, 499, 8.0
0, 500, 7.75
0, 501, 7.5
0, 502, 7.25
0, 503, 7.0
0, 504, 6.75
0, 505, 6.5
0, 506, 6.25
0, 507, 6.0
0, 508, 5.75
0, 509, 5.5
0, 510, 5.25
0, 511, 5.0
0, 512, 4.75
0, 513, 4.5
0, 514, 4.25
0, 515, 4.0
0, 516, 3.75
0, 517, 3.5
0, 518, 3.25
0, 519, 3.0
0, 520, 2.75
0, 521, 2.5
0, 522, 2.25
0, 523, 2.0
0, 524, 1.75
0, 525, 1.5
0, 526, 1.25
0, 527, 1.0
0, 528, 0.75
0, 529, 0.75
0, 530, 0.75
0, 531, 0.75
0, 532, 0.75
0, 533, 0.75
0, 534, 0.75
0, 535, 0.75
0, 536, 0.75
0, 537, 0.75
0, 538, 0.75
0, 539, 0.75
0, 540, 0.75
0, 541, 0.75
0, 542, 0.75
0, 543, 0.75
0, 544, 0.75
0, 545, 0.75
0, 546, 0.75
0, 547, 0.75
0, 548, 0.75
0, 549, 0.75
0, 550, 0.75
0, 551, 0.75
0, 552, 0.75
0, 553, 0.75
0, 554, 0.75
0, 555, 0.75
0, 556, 0.75
0, 557, 0.75
0, 558, 0.75
0, 559, 0.75
0, 560, 0.75
0, 561, 0.75
0, 562, 0.75
0, 563, 0.75
0, 564, 0.75
0, 565, 0.75
0, 566, 0.75
0, 567, 0.75
0, 568, 0.75
0, 569, 0.75
0, 570, 0.75
0, 571, 0.75
0, 572, 0.75
0, 573, 0.75
0, 574, 0.75
0, 575, 0.75
0, 576, 0.75
0, 577, 0.75
0, 578, 0.75
0, 579, 0.75
0, 580, 0.75
0, 581, 0.75
0, 582, 0.75
0, 583, 0.75
0, 584, 0.75
0, 585, 0.75
0, 586, 0.75
0, 587, 0.75
0, 588, 0.75
0, 589, 0.75
0, 590, 0.75
0, 591, 0.75
0, 592, 0.75
0, 593, 0.75
0, 594, 0.75
0, 595, 0.75
0, 596, 0.75
0, 597, 0.75
0, 598, 0.75
0, 599, 0.75
0, 600, 0.75
0, 601, 0.75
0, 602, 0.75
0, 603, 0.75
0, 604, 0.75
0, 605, 0.75
0, 606, 0.75
0, 607, 0.75
0, 608, 0.75
0, 609, 0.75
0, 610, 0.75
0, 611, 0.75
0, 612, 0.75
0, 613, 0.75
0, 614, 0.75
0, 615, 0.75
0, 616, 0.75
0, 617, 0.75
0, 618, 0.75
0, 619, 0.75
0, 620, 0.75
0, 621, 0.75
0, 622, 0.75
0, 623, 0.75
0, 624, 0.75
0, 625, 0.75
0, 626, 0.75
0, 627, 0.75
0, 628, 0.75
0, 629, 0.75
0, 630, 0.75
0, 631, 0.75
0, 632, 0.75
0, 633, 0.75
0, 634, 0.75
0, 635, 0.75
0, 636, 0.75
0, 637, 0.75
0, 638, 0.75
0, 639, 0.75
0, 640, 0.75
0, 641, 0.75
0, 642, 0.75
0, 643, 0.75
0, 644, 0.75
0, 645, 0.75
0, 646, 0.75
0, 647, 0.75
0, 648, 0.75
0, 649, 0.75
0, 650, 0.75
0, 651, 0.75
0, 652, 0.75
0, 653, 0.75
0, 654, 0.75
0, 655, 0.75
0, 656, 0.75
0, 657, 0.75
0, 658, 0.75
0, 659, 0.75
0, 660, 0.75
0, 661, 0.75
0, 662, 0.75
0, 663, 0.75
0, 664, 0.75
0, 665, 0.75
0, 666, 0.75
0, 667, 0.75
0, 668, 0.75
0, 669, 0.75
0, 670, 0.75
0, 671, 0.75
0, 672, 0.75
0, 673, 0.75
0, 674, 0.75
0, 675, 0.75
0, 676, 0.75
0, 677, 0.75
0, 678, 0.75
0, 679, 0.75
0, 680, 0.75
0, 681, 0.75
0, 682, 0.75
0, 683, 0.75
0, 684, 0.75
0, 685, 0.75
0, 686, 0.75
0, 687, 0.75
0, 688, 0.75
0, 689, 0.75
0, 690, 0.75
0, 691, 0.75
0, 692, 0.75
0, 693, 0.75
0, 694, 0.75
0, 695, 0.75
0, 696, 0.75
0, 697, 0.75
0, 698, 0.75
0, 699, 0.75
0, 700, 0.75
0, 701, 0.75
0, 702, 0.75
0, 703, 0.75
0, 704, 0.75
0, 705, 0.75
0, 706, 0.75
0, 707, 0.75
0, 708, 0.75
0, 709, 0.75
0, 710, 0.75
0, 711, 0.75
0, 712, 0.75
0, 713, 0.75
0, 714, 0.75
0, 715, 0.75
0, 716, 0.75
0, 717, 0.75
0, 718, 0.75
0, 719, 0.75
0, 720, 0.75
0, 721, 0.75
0, 722, 0.75
0, 723, 0.75
0, 724, 0.75
0, 725, 0.75
0, 726, 0.75
0, 727, 0.75
0, 728, 0.75
0, 729, 0.75
0, 730, 0.75
0, 731, 0.75
0, 732, 0.75
0, 733, 0.75
0, 734, 0.75
0, 735, 0.75
0, 736, 0.75
0, 737, 0.75
0, 738, 0.75
0, 739, 0.75
0, 740, 0.75
0, 741, 0.75
0, 742, 0.75
0, 743, 0.75
0, 744, 0.75
0, 745, 0.75
0, 746, 0.75
0, 747, 0.75
0, 748, 0.75
0, 749, 0.75
0, 750, 0.75
0, 751, 0.75
0, 752, 0.75
0, 753, 0.75
0, 754, 0.75
0, 755, 0.75
0, 756, 0.75
0, 757, 0.75
0, 758, 0.75
0, 759, 0.75
0, 760, 0.75
0, 761, 0.75
0, 762, 0.75
0, 763, 0.75
0, 764, 0.75
0, 765, 0.75
0, 766, 0.75
0, 767, 0.75
0, 768, 0.75
0, 769, 0.75
0, 770, 0.75
0, 771, 0.75
0, 772, 0.75
0, 773, 0.75
0, 774, 0.75
0, 775, 0.75
0, 776, 0.75
0, 777, 0.75
0, 778, 0.75
0, 779, 0.75
0, 780, 0.75
0, 781, 0.75
0, 782, 0.75
0, 783, 0.75
0, 784, 0.75
0, 785, 0.75
0, 786, 0.75
0, 787, 0.75
0, 788, 0.75
0, 789, 0.75
0, 790, 0.75
0, 791, 0.75
0, 792, 0.75
0, 793, 0.75
0, 794, 0.75
0, 795, 0.75
0, 796, 0.75
0, 797, 0.75
0, 798, 0.75
0, 799, 0.75
0, 800, 0.75
0, 801, 0.75
0, 802, 0.75
0, 803, 0.75
0, 804, 0.75
0, 805, 0.75
0, 806, 0.75
0, 807, 0.75
0, 808, 0.75
0, 809, 0.75
0, 810, 0.75
0, 811, 0.75
0, 812, 0.75
0, 813, 0.75
0, 814, 0.75
0, 815, 0.75
0, 816, 0.75
0, 817, 0.75
0, 818, 0.75
0, 819, 0.75
0, 820, 0.75
0, 821, 0.75
0, 822, 0.75
0, 823, 0.75
0, 824, 0.75
0, 825, 0.75
0, 826, 0.75
0, 827, 0.75
0, 828, 0.75
0, 829, 0.75
0, 830, 0.75
0, 831, 0.75
0, 832, 0.75
0, 833, 0.75
0, 834, 0.75
0, 835, 0.75
0, 836, 0.75
0, 837, 0.75
0, 838, 0.75
0, 839, 0.75
0, 840, 0.75
0, 841, 0.75
0, 842, 0.75
0, 843, 0.75
0, 844, 0.75
0, 845, 0.75
0, 846, 0.75
0, 847, 0.75
0, 848, 0.75
0, 849, 0.75
0, 850, 0.75
0, 851, 0.75
0, 852, 0.75
0, 853, 0.75
0, 854, 0.75
0, 855, 0.75
0, 856, 0.75
0, 857, 0.75
0, 858, 0.75
0, 859, 0.75
0, 860, 0.75
0, 861, 0.75
0, 862, 0.75
0, 863, 0.75
0, 864, 0.75
0, 865, 0.75
0, 866, 0.75
0, 867, 0.75
0, 868, 0.75
0, 869, 0.75
0, 870, 0.75
0, 871, 0.75
0, 872, 0.75
0, 873, 0.75
0, 874, 0.75
0, 875, 0.75
0, 876, 0.75
0, 877, 0.75
0, 878, 0.75
0, 879, 0.75
0, 880, 0.75
0, 881, 0.75
0, 882, 0.75
0, 883, 0.75
0, 884, 0.75
0, 885, 0.75
0, 886, 0.75
0, 887, 0.75
0, 888, 0.75
0, 889, 0.75
0, 890, 0.75
0, 891, 0.75
0, 892, 0.75
0, 893, 0.75
0, 894, 0.75
0, 895, 0.75
0, 896, 0.75
0, 897, 0.75
0, 898, 0.75
0, 899, 0.75
0, 900, 0.75
0, 901, 0.75
0, 902, 0.75
0, 903, 0.75
0, 904, 0.75
0, 905, 0.75
0, 906, 0.75
0, 907, 0.75
0, 908, 0.75
0, 909, 0.75
0, 910, 0.75
0, 911, 0.75
0, 912, 0.75
0, 913, 0.75
0, 914, 0.75
0, 915, 0.75
0, 916, 0.75
0, 917, 0.75
0, 918, 0.75
0, 919, 0.75
0, 920, 0.75
0, 921, 0.75
0, 922, 0.75
0, 923, 0.75
0, 924, 0.75
0, 925, 0.75
0, 926, 0.75
0, 927, 0.75
0, 928, 0.75
0, 929, 0.75
0, 930, 0.75
0, 931, 0.75
0, 932, 0.75
0, 933, 0.75
0, 934, 0.75
0, 935, 0.75
0, 936, 0.75
0, 937, 0.75
0, 938, 0.75
0, 939, 0.75
0, 940, 0.75
0, 941, 0.75
0, 942, 0.75
0, 943, 0.75
0, 944, 0.75
0, 945, 0.75
0, 946, 0.75
0, 947, 0.75
0, 948, 0.75
0, 949, 0.75
0, 950, 0.75
0, 951, 0.75
0, 952, 0.75
0, 953, 0.75
0, 954, 0.75
0, 955, 0.75
0, 956, 0.75
0, 957, 0.75
0, 958, 0.75
0, 959, 0.75
0, 960, 0.75
0, 961, 0.75
0, 962, 0.75
0, 963, 0.75
0, 964, 0.75
0, 965, 0.75
0, 966, 0.75
0, 967, 0.75
0, 968, 0.75
0, 969, 0.75
0, 970, 0.75
0, 971, 0.75
0, 972, 0.75
0, 973, 0.75
0, 974, 0.75
0, 975, 0.75
0, 976, 0.75
0, 977, 0.75
0, 978, 0.75
0, 979, 0.75
0, 980, 0.75
0, 981, 0.75
0, 982, 0.75
0, 983, 0.75
0, 984, 0.75
0, 985, 0.75
0, 986, 0.75
0, 987, 0.75
0, 988, 0.75
0, 989, 0.75
0, 990, 0.75
0, 991, 0.75
0, 992, 0.75
0, 993, 0.75
0, 994, 0.75
0, 995, 0.75
0, 996, 0.75
0, 997, 0.75
0, 998, 0.75
0, 999, 0.75
0, 1000, 0.75
0, 1001, 0.75
0, 1002, 0.75
0, 1003, 0.75
0, 1004, 0.75
0, 1005, 0.75
0, 1006, 0.75
0, 1007, 0.75
0, 1008, 0.75
0, 1009, 0.75
0, 1010, 0.75
0, 1011, 0.75
0, 1012, 0.75
0, 1013, 0.75
0, 1014, 0.75
0, 1015, 0.75
0, 1016, 0.75
0, 1017, 0.75
0, 1018, 0.75
0, 1019, 0.75
0, 1020, 0.75
0, 1021, 0.75
0, 1022, 0.75
0, 1023, 0.75
0, 1024, 0.75
0, 1025, 0.75
0, 1026, 0.75
0, 1027, 0.75
0, 1028, 0.75
0, 1029, 0.75
0, 1030, 0.75
0, 1031, 0.75
0, 1032, 0.75
0, 1033, 0.75
0, 1034, 0.75
0, 1035, 0.75
0, 1036, 0.75
0, 1037, 0.75
0, 1038, 0.75
0, 1039, 0.75
0, 1040, 0.75
0, 1041, 0.75
0, 1042, 0.75
0, 1043, 0.75
0, 1044, 0.75
0, 1045, 0.75
0, 1046, 0.75
0, 1047, 0.75
0, 1048, 0.75
0, 1049, 0.75
0, 1050, 0.75
0, 1051, 0.75
0, 1052, 0.75
0, 1053, 0.75
0, 1054, 0.75
0, 1055, 0.75
0, 1056, 0.75
0, 1057, 0.75
0, 1058, 0.75
0, 1059, 0.75
0, 1060, 0.75
0, 1061, 0.75
0, 1062, 0.75
0, 1063, 0.75
0, 1064, 0.75
0, 1065, 0.75
0, 1066, 0.75
0, 1067, 0.75
0, 1068, 0.75
0, 1069, 0.75
0, 1070, 0.75
0, 1071, 0.75
0, 1072, 0.75
0, 1073, 0.75
0, 1074, 0.75
0, 1075, 0.75
0, 1076, 0.75
0, 1077, 0.75
0, 1078, 0.75
0, 1079, 0.75
0, 1080, 0.75
0, 1081, 0.75
0, 1082, 0.75
0, 1083, 0.75
0, 1084, 0.75
0, 1085, 0.75
0, 1086, 0.75
0, 1087, 0.75
0, 1088, 0.75
0, 1089, 0.75
0, 1090, 0.75
0, 1091, 0.75
0, 1092, 0.75
0, 1093, 0.75
0, 1094, 0.75
0, 1095, 0.75
0, 1096, 0.75
0, 1097, 0.75
0, 1098, 0.75
0, 1099, 0.75
0, 1100, 0.75
0, 1101, 0.75
0, 1102, 0.75
0, 1103, 0.75
0, 1104, 0.75
0, 1105, 0.75
0, 1106, 0.75
0, 1107, 0.75
0, 1108, 0.75
0, 1109, 0.75
0, 1110, 0.75
0, 1111, 0.75
0, 1112, 0.75
0, 1113, 0.75
0, 1114, 0.75
0, 1115, 0.75
0, 1116, 0.75
0, 1117, 0.75
0, 1118, 0.75
0, 1119, 0.75
0, 1120, 0.75
0, 1121, 0.75
0, 1122, 0.75
0, 1123, 0.75
0, 1124, 0.75
0, 1125, 0.75
0, 1126, 0.75
0, 1127, 0.75
0, 1128, 0.75
0, 1129, 0.75
0, 1130, 0.75
0, 1131, 0.75
0, 1132, 0.75
0, 1133, 0.75
0, 1134, 0.75
0, 1135, 0.75
0, 1136, 0.75
0, 1137, 0.75
0, 1138, 0.75
0, 1139, 0.75
0, 1140, 0.75
0, 1141, 0.75
0, 1142, 0.75
0, 1143, 0.75
0, 1144, 0.75
0, 1145, 0.75
0, 1146, 0.75
0, 1147, 0.75
0, 1148, 0.75
0, 1149, 0.75
0, 1150, 0.75
0, 1151, 0.75
0, 1152, 0.75
0, 1153, 0.75
0, 1154, 0.75
0, 1155, 0.75
0, 1156, 0.75
0, 1157, 0.75
0, 1158, 0.75
0, 1159, 0.75
0, 1160, 0.75
0, 1161, 0.75
0, 1162, 0.75
0, 1163, 0.75
0, 1164, 0.75
0, 1165, 0.75
0, 1166, 0.75
0, 1167, 0.75
0, 1168, 0.75
0, 1169, 0.75
0, 1170, 0.75
0, 1171, 0.75
0, 1172, 0.75
0, 1173, 0.75
0, 1174, 0.75
0, 1175, 1.0
0, 1176, 0.75
0, 1177, 0.75
0, 1178, 0.75
0, 1179, 0.75
0, 1180, 1.0
0, 1181, 1.25
0, 1182, 1.5
0, 1183, 1.25
0, 1184, 1.0
0, 1185, 0.75
0, 1186, 0.75
0, 1187, 1.0
0, 1188, 0.75
0, 1189, 1.0
0, 1190, 0.75
0, 1191, 0.75
0, 1192, 0.75
0, 1193, 1.0
0, 1194, 1.25
0, 1195, 1.5
0, 1196, 1.75
0, 1197, 2.0
0, 1198, 2.25
0, 1199, 2.5
0, 1200, 2.75
0, 1201, 3.0
0, 1202, 3.25
0, 1203, 3.5
0, 1204, 3.75
0, 1205, 4.0
0, 1206, 4.25
0, 1207, 4.5
0, 1208, 4.75
0, 1209, 5.0
0, 1210, 5.25
0, 1211, 5.5
0, 1212, 5.75
0, 1213, 6.0
0, 1214, 6.25
0, 1215, 6.5
0, 1216, 6.75
0, 1217, 7.0
0, 1218, 7.25
0, 1219, 7.5
0, 1220, 7.75
0, 1221, 8.0
0, 1222, 8.25
0, 1223, 8.5
0, 1224, 8.75
0, 1225, 9.0
0, 1226, 9.25
0, 1227, 9.5
0, 1228, 9.75
0, 1229, 10.0
0, 1230, 10.25
0, 1231, 10.5
0, 1232, 10.75
0, 1233, 11.0
0, 1234, 11.25
0, 1235, 11.5
0, 1236, 11.75
0, 1237, 12.0
0, 1238, 12.25
0, 1239, 12.5
0, 1240, 12.75
0, 1241, 13.0
0, 1242, 13.25
0, 1243, 13.5
0, 1244, 13.75
0, 1245, 14.0
0, 1246, 14.25
0, 1247, 14.5
0, 1248, 14.75
0, 1249, 15.0
0, 1250, 15.25
0, 1251, 15.5
0, 1252, 15.75
0, 1253, 16.0
0, 1254, 15.75
0, 1255, 15.5
0, 1256, 15.75
0, 1257, 16.0
0, 1258, 16.25
0, 1259, 16.5
0, 1260, 16.75
0, 1261, 16.5
0, 1262, 16.25
0, 1263, 16.0
0, 1264, 16.25
0, 1265, 16.0
0, 1266, 15.75
0, 1267, 15.5
0, 1268, 15.25
0, 1269, 15.0
0, 1270, 14.75
0, 1271, 14.5
0, 1272, 14.25
0, 1273, 14.0
0, 1274, 13.75
0, 1275, 13.5
0, 1276, 13.25
0, 1277, 13.0
0, 1278, 12.75
0, 1279, 12.5
0, 1280, 12.25
0, 1281, 12.0
0, 1282, 11.75
0, 1283, 11.5
0, 1284, 11.25
0, 1285, 11.0
0, 1286, 10.75
0, 1287, 10.5
0, 1288, 10.25
0, 1289, 10.0
0, 1290, 9.75
0, 1291, 9.5
0, 1292, 9.25
0, 1293, 9.0
0, 1294, 8.75
0, 1295, 8.5
0, 1296, 8.25
0, 1297, 8.0
0, 1298, 7.75
0, 1299, 7.5
0, 1300, 7.25
0, 1301, 7.0
0, 1302, 6.75
0, 1303, 6.5
0, 1304, 6.25
0, 1305, 6.0
0, 1306, 5.75
0, 1307, 5.5
0, 1308, 5.25
0, 1309, 5.0
0, 1310, 4.75
0, 1311, 4.5
0, 1312, 4.25
0, 1313, 4.0
0, 1314, 3.75
0, 1315, 3.5
0, 1316, 3.25
0, 1317, 3.0
0, 1318, 2.75
0, 1319, 2.5
0, 1320, 2.75
0, 1321, 3.0
0, 1322, 3.25
0, 1323, 3.5
0, 1324, 3.25
0, 1325, 3.5
0, 1326, 3.75
0, 1327, 4.0
0, 1328, 4.25
0, 1329, 4.5
0, 1330, 4.75
0, 1331, 5.0
0, 1332, 5.25
0, 1333, 5.5
0, 1334, 5.75
0, 1335, 6.0
0, 1336, 6.25
0, 1337, 6.5
0, 1338, 6.75
0, 1339, 7.0
0, 1340, 7.25
0, 1341, 7.5
0, 1342, 7.75
0, 1343, 8.0
0, 1344, 8.25
0, 1345, 8.5
0, 1346, 8.75
0, 1347, 9.0
0, 1348, 9.25
0, 1349, 9.5
0, 1350, 9.75
0, 1351, 10.0
0, 1352, 10.25
0, 1353, 10.5
0, 1354, 10.75
0, 1355, 11.0
0, 1356, 11.25
0, 1357, 11.5
0, 1358, 11.75
0, 1359, 12.0
0, 1360, 12.25
0, 1361, 12.5
0, 1362, 12.75
0, 1363, 13.0
0, 1364, 13.25
0, 1365, 13.5
0, 1366, 13.75
0, 1367, 14.0
0, 1368, 14.25
0, 1369, 14.5
0, 1370, 14.75
0, 1371, 15.0
0, 1372, 15.25
0, 1373, 15.5
0, 1374, 15.75
0, 1375, 16.0
0, 1376, 16.25
0, 1377, 16.5
0, 1378, 16.75
0, 1379, 17.0
0, 1380, 17.25
0, 1381, 17.5
0, 1382, 17.75
0, 1383, 18.0
0, 1384, 18.25
0, 1385, 18.5
0, 1386, 18.75
0, 1387, 18.5
0, 1388, 18.25
0, 1389, 18.0
0, 1390, 18.25
0, 1391, 18.5
0, 1392, 18.75
0, 1393, 18.5
0, 1394, 18.25
0, 1395, 18.0
0, 1396, 17.75
0, 1397, 17.5
0, 1398, 17.25
0, 1399, 17.0
0, 1400, 16.75
0, 1401, 16.5
0, 1402, 16.25
0, 1403, 16.0
0, 1404, 15.75
0, 1405, 15.5
0, 1406, 15.25
0, 1407, 15.0
0, 1408, 14.75
0, 1409, 14.5
0, 1410, 14.25
0, 1411, 14.0
0, 1412, 13.75
0, 1413, 13.5
0, 1414, 13.25
0, 1415, 13.0
0, 1416, 12.75
0, 1417, 12.5
0, 1418, 12.25
0, 1419, 12.0
0, 1420, 11.75
0, 1421, 11.5
0, 1422, 11.25
0, 1423, 11.0
0, 1424, 10.75
0, 1425, 10.5
0, 1426, 10.25
0, 1427, 10.0
0, 1428, 9.75
0, 1429, 9.5
0, 1430, 9.25
0, 1431, 9.0
0, 1432, 8.75
0, 1433, 8.5
0, 1434, 8.25
0, 1435, 8.0
0, 1436, 7.75
0, 1437, 7.5
0, 1438, 7.25
0, 1439, 7.0
0, 1440, 7.25
0, 1441, 7.5
0, 1442, 7.75
0, 1443, 8.0
0, 1444, 8.25
0, 1445, 8.5
0, 1446, 8.75
0, 1447, 9.0
0, 1448, 9.25
0, 1449, 9.5
0, 1450, 9.75
0, 1451, 10.0
0, 1452, 10.25
0, 1453, 10.5
0, 1454, 10.75
0, 1455, 11.0
0, 1456, 11.25
0, 1457, 11.5
0, 1458, 11.75
0, 1459, 12.0
0, 1460, 12.25
0, 1461, 12.5
0, 1462, 12.75
0, 1463, 13.0
0, 1464, 13.25
0, 1465, 13.5
0, 1466, 13.75
0, 1467, 14.0
0, 1468, 14.25
0, 1469, 14.5
0, 1470, 14.75
0, 1471, 15.0
0, 1472, 15.25
0, 1473, 15.5
0, 1474, 15.75
0, 1475, 16.0
0, 1476, 16.25
0, 1477, 16.5
0, 1478, 16.75
0, 1479, 17.0
0, 1480, 17.25
0, 1481, 17.5
0, 1482, 17.75
0, 1483, 18.0
0, 1484, 18.25
0, 1485, 18.5
0, 1486, 18.75
0, 1487, 19.0
0, 1488, 19.25
0, 1489, 19.5
0, 1490, 19.75
0, 1491, 20.0
0, 1492, 20.25
0, 1493, 20.5
0, 1494, 20.75
0, 1495, 21.0
0, 1496, 21.25
0, 1497, 21.5
0, 1498, 21.75
0, 1499, 22.0
0, 1500, 22.25
0, 1501, 22.5
0, 1502, 22.75
0, 1503, 23.0
0, 1504, 23.25
0, 1505, 23.5
0, 1506, 23.75
0, 1507, 24.0
0, 1508, 24.25
0, 1509, 24.5
0, 1510, 24.75
0, 1511, 25.0
0, 1512, 25.25
0, 1513, 25.5
0, 1514, 25.75
0, 1515, 26.0
0, 1516, 26.25
0, 1517, 26.5
0, 1518, 26.75
0, 1519, 27.0
0, 1520, 27.25
0, 1521, 27.5
0, 1522, 27.75
0, 1523, 28.0
0, 1524, 28.25
0, 1525, 28.5
0, 1526, 28.75
0, 1527, 29.0
0, 1528, 29.25
0, 1529, 29.5
0, 1530, 29.75
0, 1531, 30.0
0, 1532, 30.25
0, 1533, 30.5
0, 1534, 30.75
0, 1535, 31.0
0, 1536, 31.25
0, 1537, 31.5
0, 1538, 31.75
0, 1539, 32.0
0, 1540, 31.75
0, 1541, 31.5
0, 1542, 31.25
0, 1543, 31.0
0, 1544, 30.75
0, 1545, 30.5
0, 1546, 30.25
0, 1547, 30.0
0, 1548, 29.75
0, 1549, 29.5
0, 1550, 29.25
0, 1551, 29.0
0, 1552, 28.75
0, 1553, 28.5
0, 1554, 28.25
0, 1555, 28.0
0, 1556, 27.75
0, 1557, 27.5
0, 1558, 27.25
0, 1559, 27.0
0, 1560, 26.75
0, 1561, 26.5
0, 1562, 26.25
0, 1563, 26.0
0, 1564, 25.75
0, 1565, 25.5
0, 1566, 25.25
0, 1567, 25.0
0, 1568, 24.75
0, 1569, 24.5
0, 1570, 24.25
0, 1571, 24.0
0, 1572, 23.75
0, 1573, 23.5
0, 1574, 23.25
0, 1575, 23.0
0, 1576, 22.75
0, 1577, 22.5
0, 1578, 22.25
0, 1579, 22.0
0, 1580, 21.75
0, 1581, 21.5
0, 1582, 21.25
0, 1583, 21.0
0, 1584, 20.75
0, 1585, 20.5
0, 1586, 20.25
0, 1587, 20.0
0, 1588, 19.75
0, 1589, 19.5
0, 1590, 19.25
0, 1591, 19.0
0, 1592, 18.75
0, 1593, 18.5
0, 1594, 18.25
0, 1595, 18.0
0, 1596, 17.75
0, 1597, 17.5
0, 1598, 17.25
0, 1599, 17.0
0, 1600, 16.75
0, 1601, 16.5
0, 1602, 16.25
0, 1603, 16.0
0, 1604, 15.75
0, 1605, 15.5
0, 1606, 15.25
0, 1607, 15.0
0, 1608, 14.75
0, 1609, 14.5
0, 1610, 14.25
0, 1611, 14.0
0, 1612, 13.75
0, 1613, 13.5
0, 1614, 13.25
0, 1615, 13.0
0, 1616, 12.75
0, 1617, 12.5
0, 1618, 12.25
0, 1619, 12.0
0, 1620, 11.75
0, 1621, 11.5
0, 1622, 11.25
0, 1623, 11.0
0, 1624, 10.75
0, 1625, 10.5
0, 1626, 10.25
0, 1627, 10.0
0, 1628, 9.75
0, 1629, 9.5
0, 1630, 9.25
0, 1631, 9.0
0, 1632, 8.75
0, 1633, 8.5
0, 1634, 8.25
0, 1635, 8.0
0, 1636, 7.75
0, 1637, 7.5
0, 1638, 7.25
0, 1639, 7.0
0, 1640, 6.75
0, 1641, 6.5
0, 1642, 6.25
0, 1643, 6.0
0, 1644, 5.75
0, 1645, 5.5
0, 1646, 5.25
0, 1647, 5.0
0, 1648, 4.75
0, 1649, 4.5
0, 1650, 4.25
0, 1651, 4.0
0, 1652, 3.75
0, 1653, 3.5
0, 1654, 3.25
0, 1655, 3.0
0, 1656, 2.75
0, 1657, 2.5
0, 1658, 2.25
0, 1659, 2.0
0, 1660, 1.75
0, 1661, 1.5
0, 1662, 1.25
0, 1663, 1.0
0, 1664, 0.75
0, 1665, 0.75
0, 1666, 0.75
0, 1667, 0.75
0, 1668, 0.75
0, 1669, 0.75
0, 1670, 0.75
0, 1671, 1.0
0, 1672, 1.25
0, 1673, 1.5
0, 1674, 1.75
0, 1675, 2.0
0, 1676, 2.25
0, 1677, 2.5
0, 1678, 2.75
0, 1679, 3.0
0, 1680, 3.25
0, 1681, 3.5
0, 1682, 3.75
0, 1683, 4.0
0, 1684, 4.25
0, 1685, 4.5
0, 1686, 4.75
0, 1687, 5.0
0, 1688, 5.25
0, 1689, 5.5
0, 1690, 5.75
0, 1691, 6.0
0, 1692, 6.25
0, 1693, 6.5
0, 1694, 6.75
0, 1695, 7.0
0, 1696, 7.25
0, 1697, 7.5
0, 1698, 7.75
0, 1699, 8.0
0, 1700, 8.25
0, 1701, 8.5
0, 1702, 8.75
0, 1703, 9.0
0, 1704, 9.25
0, 1705, 9.5
0, 1706, 9.75
0, 1707, 10.0
0, 1708, 10.25
0, 1709, 10.5
0, 1710, 10.75
0, 1711, 11.0
0, 1712, 11.25
0, 1713, 11.5
0, 1714, 11.75
0, 1715, 12.0
0, 1716, 12.25
0, 1717, 12.5
0, 1718, 12.75
0, 1719, 13.0
0, 1720, 13.25
0, 1721, 13.5
0, 1722, 13.75
0, 1723, 14.0
0, 1724, 14.25
0, 1725, 14.5
0, 1726, 14.75
0, 1727, 15.0
0, 1728, 15.25
0, 1729, 15.5
0, 1730, 15.75
0, 1731, 16.0
0, 1732, 16.25
0, 1733, 16.5
0, 1734, 16.75
0, 1735, 17.0
0, 1736, 17.25
0, 1737, 17.5
0, 1738, 17.75
0, 1739, 18.0
0, 1740, 18.25
0, 1741, 18.5
0, 1742, 18.75
0, 1743, 19.0
0, 1744, 19.25
0, 1745, 19.5
0, 1746, 19.75
0, 1747, 20.0
0, 1748, 20.25
0, 1749, 20.5
0, 1750, 20.75
0, 1751, 21.0
0, 1752, 21.25
0, 1753, 21.5
0, 1754, 21.75
0, 1755, 22.0
0, 1756, 22.25
0, 1757, 22.5
0, 1758, 22.75
0, 1759, 23.0
0, 1760, 23.25
0, 1761, 23.5
0, 1762, 23.75
0, 1763, 24.0
0, 1764, 24.25
0, 1765, 24.5
0, 1766, 24.75
0, 1767, 25.0
0, 1768, 25.25
0, 1769, 25.5
0, 1770, 25.75
0, 1771, 26.0
0, 1772, 26.25
0, 1773, 26.5
0, 1774, 26.75
0, 1775, 27.0
0, 1776, 27.25
0, 1777, 27.5
0, 1778, 27.75
0, 1779, 28.0
0, 1780, 28.25
0, 1781, 28.5
0, 1782, 28.75
0, 1783, 29.0
0, 1784, 29.25
0, 1785, 29.5
0, 1786, 29.25
0, 1787, 29.0
0, 1788, 28.75
0, 1789, 28.5
0, 1790, 28.25
0, 1791, 28.0
0, 1792, 27.75
0, 1793, 27.5
0, 1794, 27.25
0, 1795, 27.0
0, 1796, 26.75
0, 1797, 26.5
0, 1798, 26.25
0, 1799, 26.0
0, 1800, 25.75
0, 1801, 25.5
0, 1802, 25.25
0, 1803, 25.0
0, 1804, 24.75
0, 1805, 24.5
0, 1806, 24.25
0, 1807, 24.0
0, 1808, 23.75
0, 1809, 23.5
0, 1810, 23.25
0, 1811, 23.0
0, 1812, 22.75
0, 1813, 22.5
0, 1814, 22.25
0, 1815, 22.0
0, 1816, 21.75
0, 1817, 21.5
0, 1818, 21.25
0, 1819, 21.0
0, 1820, 20.75
0, 1821, 20.5
0, 1822, 20.25
0, 1823, 20.0
0, 1824, 19.75
0, 1825, 19.5
0, 1826, 19.25
0, 1827, 19.0
0, 1828, 18.75
0, 1829, 18.5
0, 1830, 18.25
0, 1831, 18.0
0, 1832, 17.75
0, 1833, 17.5
0, 1834, 17.25
0, 1835, 17.0
0, 1836, 16.75
0, 1837, 16.5
0, 1838, 16.25
0, 1839, 16.0
0, 1840, 15.75
0, 1841, 15.5
0, 1842, 15.25
0, 1843, 15.0
0, 1844, 14.75
0, 1845, 14.5
0, 1846, 14.25
0, 1847, 14.0
0, 1848, 13.75
0, 1849, 13.5
0, 1850, 13.25
0, 1851, 13.0
0, 1852, 12.75
0, 1853, 12.5
0, 1854, 12.25
0, 1855, 12.0
0, 1856, 11.75
0, 1857, 11.5
0, 1858, 11.25
0, 1859, 11.0
0, 1860, 10.75
0, 1861, 10.5
0, 1862, 10.25
0, 1863, 10.0
0, 1864, 9.75
0, 1865, 9.5
0, 1866, 9.25
0, 1867, 9.0
0, 1868, 8.75
0, 1869, 8.5
0, 1870, 8.25
0, 1871, 8.0
0, 1872, 7.75
0, 1873, 7.5
0, 1874, 7.25
0, 1875, 7.0
0, 1876, 6.75
0, 1877, 6.5
0, 1878, 6.25
0, 1879, 6.0
0, 1880, 5.75
0, 1881, 5.5
0, 1882, 5.25
0, 1883, 5.0
0, 1884, 4.75
0, 1885, 4.5
0, 1886, 4.25
0, 1887, 4.0
0, 1888, 3.75
0, 1889, 3.5
0, 1890, 3.25
0, 1891, 3.0
0, 1892, 2.75
0, 1893, 2.5
0, 1894, 2.25
0, 1895, 2.0
0, 1896, 1.75
0, 1897, 1.5
0, 1898, 1.25
0, 1899, 1.0
0, 1900, 0.75
0, 1901, 0.75
0, 1902, 0.75
0, 1903, 0.75
0, 1904, 0.75
0, 1905, 0.75
0, 1906, 0.75
0, 1907, 0.75
0, 1908, 0.75
0, 1909, 0.75
0, 1910, 0.75
0, 1911, 0.75
0, 1912, 0.75
0, 1913, 0.75
0, 1914, 0.75
0, 1915, 0.75
0, 1916, 0.75
0, 1917, 0.75
0, 1918, 0.75
0, 1919, 0.75
0, 1920, 0.75
0, 1921, 0.75
0, 1922, 0.75
0, 1923, 0.75
0, 1924, 0.75
0, 1925, 0.75
0, 1926, 0.75
0, 1927, 0.75
0, 1928, 0.75
0, 1929, 0.75
0, 1930, 0.75
0, 1931, 0.75
0, 1932, 0.75
0, 1933, 0.75
0, 1934, 0.75
0, 1935, 0.75
0, 1936, 0.75
0, 1937, 0.75
0, 1938, 0.75
0, 1939, 0.75
0, 1940, 0.75
0, 1941, 0.75
0, 1942, 0.75
0, 1943, 0.75
0, 1944, 0.75
0, 1945, 0.75
0, 1946, 0.75
0, 1947, 0.75
0, 1948, 0.75
0, 1949, 0.75
0, 1950, 0.75
0, 1951, 0.75
0, 1952, 0.75
0, 1953, 0.75
0, 1954, 0.75
0, 1955, 0.75
0, 1956, 0.75
0, 1957, 0.75
0, 1958, 0.75
0, 1959, 0.75
0, 1960, 0.75
0, 1961, 0.75
0, 1962, 0.75
0, 1963, 0.75
0, 1964, 0.75
0, 1965, 0.75
0, 1966, 0.75
0, 1967, 0.75
0, 1968, 0.75
0, 1969, 0.75
0, 1970, 0.75
0, 1971, 0.75
0, 1972, 0.75
0, 1973, 0.75
0, 1974, 0.75
0, 1975, 0.75
0, 1976, 0.75
0, 1977, 0.75
0, 1978, 0.75
0, 1979, 0.75
0, 1980, 0.75
0, 1981, 0.75
0, 1982, 0.75
0, 1983, 0.75
0, 1984, 0.75
0, 1985, 0.75
0, 1986, 0.75
0, 1987, 0.75
0, 1988, 0.75
0, 1989, 0.75
0, 1990, 0.75
0, 1991, 0.75
0, 1992, 0.75
0, 1993, 0.75
0, 1994, 0.75
0, 1995, 0.75
0, 1996, 0.75
0, 1997, 0.75
0, 1998, 0.75
0, 1999, 0.75
0, 2000, 0.75
0, 2001, 0.75
0, 2002, 0.75
0, 2003, 0.75
0, 2004, 0.75
0, 2005, 0.75
0, 2006, 0.75
0, 2007, 0.75
0, 2008, 0.75
0, 2009, 0.75
0, 2010, 0.75
0, 2011, 0.75
0, 2012, 0.75
0, 2013, 0.75
0, 2014, 0.75
0, 2015, 0.75
0, 2016, 0.75
0, 2017, 0.75
0, 2018, 0.75
0, 2019, 0.75
0, 2020, 0.75
0, 2021, 0.75
0, 2022, 0.75
0, 2023, 0.75
0, 2024, 0.75
0, 2025, 0.75
0, 2026, 0.75
0, 2027, 0.75
0, 2028, 0.75
0, 2029, 0.75
0, 2030, 0.75
0, 2031, 0.75
0, 2032, 0.75
0, 2033, 0.75
0, 2034, 0.75
0, 2035, 0.75
0, 2036, 0.75
0, 2037, 0.75
0, 2038, 0.75
0, 2039, 0.75
0, 2040, 0.75
0, 2041, 0.75
0, 2042, 0.75
0, 2043, 0.75
0, 2044, 0.75
0, 2045, 0.75
0, 2046, 0.75
0, 2047, 0.75
0, 2048, 0.75
0, 2049, 0.75
0, 2050, 0.75
0, 2051, 0.75
0, 2052, 0.75
0, 2053, 0.75
0, 2054, 0.75
0, 2055, 0.75
0, 2056, 0.75
0, 2057, 0.75
0, 2058, 0.75
0, 2059, 0.75
0, 2060, 0.75
0, 2061, 0.75
0, 2062, 0.75
0, 2063, 0.75
0, 2064, 0.75
0, 2065, 0.75
0, 2066, 0.75
0, 2067, 0.75
0, 2068, 0.75
0, 2069, 0.75
0, 2070, 0.75
0, 2071, 0.75
0, 2072, 0.75
0, 2073, 0.75
0, 2074, 0.75
0, 2075, 0.75
0, 2076, 0.75
0, 2077, 0.75
0, 2078, 1.0
0, 2079, 0.75
0, 2080, 0.75
0, 2081, 0.75
0, 2082, 0.75
0, 2083, 1.0
0, 2084, 1.25
0, 2085, 1.5
0, 2086, 1.25
0, 2087, 1.0
0, 2088, 0.75
0, 2089, 0.75
0, 2090, 1.0
0, 2091, 1.25
0, 2092, 1.5
0, 2093, 1.25
0, 2094, 1.0
0, 2095, 0.75
0, 2096, 0.75
0, 2097, 1.0
0, 2098, 1.25
0, 2099, 1.5
0, 2100, 1.25
0, 2101, 1.0
0, 2102, 0.75
0, 2103, 0.75
0, 2104, 1.0
0, 2105, 1.25
0, 2106, 1.5
0, 2107, 1.25
0, 2108, 1.0
0, 2109, 0.75
0, 2110, 0.75
0, 2111, 1.0
0, 2112, 1.25
0, 2113, 1.5
0, 2114, 1.25
0, 2115, 1.0
0, 2116, 0.75
0, 2117, 0.75
0, 2118, 1.0
0, 2119, 1.25
0, 2120, 1.5
0, 2121, 1.25
0, 2122, 1.0
0, 2123, 0.75
0, 2124, 0.75
0, 2125, 1.0
0, 2126, 1.25
0, 2127, 1.5
0, 2128, 1.25
0, 2129, 1.0
0, 2130, 0.75
0, 2131, 1.0
0, 2132, 1.25
0, 2133, 1.5
0, 2134, 1.75
0, 2135, 2.0
0, 2136, 2.25
0, 2137, 2.5
0, 2138, 2.75
0, 2139, 3.0
0, 2140, 3.25
0, 2141, 3.5
0, 2142, 3.75
0, 2143, 3.5
0, 2144, 3.25
0, 2145, 3.5
0, 2146, 3.75
0, 2147, 4.0
0, 2148, 4.25
0, 2149, 4.5
0, 2150, 4.75
0, 2151, 5.0
0, 2152, 5.25
0, 2153, 5.5
0, 2154, 5.75
0, 2155, 6.0
0, 2156, 6.25
0, 2157, 6.5
0, 2158, 6.75
0, 2159, 7.0
0, 2160, 7.25
0, 2161, 7.5
0, 2162, 7.75
0, 2163, 8.0
0, 2164, 8.25
0, 2165, 8.5
0, 2166, 8.75
0, 2167, 9.0
0, 2168, 9.25
0, 2169, 9.5
0, 2170, 9.75
0, 2171, 9.5
0, 2172, 9.25
0, 2173, 9.5
0, 2174, 9.75
0, 2175, 10.0
0, 2176, 10.25
0, 2177, 10.0
0, 2178, 9.75
0, 2179, 9.5
0, 2180, 9.25
0, 2181, 9.5
0, 2182, 9.75
0, 2183, 10.0
0, 2184, 9.75
0, 2185, 9.5
0, 2186, 9.25
0, 2187, 9.0
0, 2188, 8.75
0, 2189, 8.5
0, 2190, 8.25
0, 2191, 8.0
0, 2192, 7.75
0, 2193, 7.5
0, 2194, 7.25
0, 2195, 7.0
0, 2196, 6.75
0, 2197, 6.5
0, 2198, 6.25
0, 2199, 6.0
0, 2200, 5.75
0, 2201, 5.5
0, 2202, 5.25
0, 2203, 5.0
0, 2204, 4.75
0, 2205, 4.5
0, 2206, 4.25
0, 2207, 4.0
0, 2208, 3.75
0, 2209, 3.5
0, 2210, 3.25
0, 2211, 3.0
0, 2212, 2.75
0, 2213, 2.5
0, 2214, 2.25
0, 2215, 2.0
0, 2216, 1.75
0, 2217, 1.5
0, 2218, 1.25
0, 2219, 1.0
0, 2220, 0.75
0, 2221, 0.75
0, 2222, 0.75
0, 2223, 0.75
0, 2224, 0.75
0, 2225, 0.75
0, 2226, 0.75
0, 2227, 0.75
0, 2228, 0.75
0, 2229, 0.75
0, 2230, 1.0
0, 2231, 1.25
0, 2232, 1.5
0, 2233, 1.25
0, 2234, 1.0
0, 2235, 0.75
0, 2236, 1.0
0, 2237, 1.25
0, 2238, 1.5
0, 2239, 1.75
0, 2240, 2.0
0, 2241, 1.75
0, 2242, 1.5
0, 2243, 1.75
0, 2244, 2.0
0, 2245, 2.25
0, 2246, 2.5
0, 2247, 2.75
0, 2248, 2.5
0, 2249, 2.25
0, 2250, 2.5
0, 2251, 2.75
0, 2252, 3.0
0, 2253, 3.25
0, 2254, 3.5
0, 2255, 3.25
0, 2256, 3.0
0, 2257, 3.25
0, 2258, 3.5
0, 2259, 3.75
0, 2260, 4.0
0, 2261, 4.25
0, 2262, 4.0
0, 2263, 3.75
0, 2264, 3.5
0, 2265, 3.75
0, 2266, 4.0
0, 2267, 4.25
0, 2268, 4.0
0, 2269, 3.75
0, 2270, 3.5
0, 2271, 3.25
0, 2272, 3.5
0, 2273, 3.75
0, 2274, 4.0
0, 2275, 4.25
0, 2276, 4.0
0, 2277, 3.75
0, 2278, 4.0
0, 2279, 4.25
0, 2280, 4.5
0, 2281, 4.75
0, 2282, 5.0
0, 2283, 4.75
0, 2284, 4.5
0, 2285, 4.75
0, 2286, 5.0
0, 2287, 5.25
0, 2288, 5.5
0, 2289, 5.75
0, 2290, 5.5
0, 2291, 5.25
0, 2292, 5.5
0, 2293, 5.75
0, 2294, 6.0
0, 2295, 6.25
0, 2296, 6.0
0, 2297, 5.75
0, 2298, 5.5
0, 2299, 5.25
0, 2300, 5.5
0, 2301, 5.75
0, 2302, 6.0
0, 2303, 6.25
0, 2304, 6.0
0, 2305, 5.75
0, 2306, 5.5
0, 2307, 5.75
0, 2308, 6.0
0, 2309, 6.25
0, 2310, 6.0
0, 2311, 5.75
0, 2312, 5.5
0, 2313, 5.25
0, 2314, 5.0
0, 2315, 4.75
0, 2316, 4.5
0, 2317, 4.25
0, 2318, 4.0
0, 2319, 3.75
0, 2320, 3.5
0, 2321, 3.25
0, 2322, 3.0
0, 2323, 2.75
0, 2324, 2.5
0, 2325, 2.25
0, 2326, 2.0
0, 2327, 1.75
0, 2328, 1.5
0, 2329, 1.75
0, 2330, 2.0
0, 2331, 1.75
0, 2332, 1.5
0, 2333, 1.25
0, 2334, 1.0
0, 2335, 1.25
0, 2336, 1.5
0, 2337, 1.75
0, 2338, 2.0
0, 2339, 1.75
0, 2340, 1.5
0, 2341, 1.25
0, 2342, 1.5
0, 2343, 1.75
0, 2344, 2.0
0, 2345, 1.75
0, 2346, 1.5
0, 2347, 1.25
0, 2348, 1.5
0, 2349, 1.75
0, 2350, 2.0
0, 2351, 2.25
0, 2352, 2.5
0, 2353, 2.75
0, 2354, 3.0
0, 2355, 3.25
0, 2356, 3.5
0, 2357, 3.75
0, 2358, 4.0
0, 2359, 4.25
0, 2360, 4.0
0, 2361, 4.25
0, 2362, 4.5
0, 2363, 4.75
0, 2364, 5.0
0, 2365, 5.25
0, 2366, 5.5
0, 2367, 5.75
0, 2368, 6.0
0, 2369, 6.25
0, 2370, 6.5
0, 2371, 6.75
0, 2372, 7.0
0, 2373, 7.25
0, 2374, 7.5
0, 2375, 7.75
0, 2376, 8.0
0, 2377, 8.25
0, 2378, 8.5
0, 2379, 8.75
0, 2380, 9.0
0, 2381, 8.75
0, 2382, 8.5
0, 2383, 8.75
0, 2384, 9.0
0, 2385, 9.25
0, 2386, 9.5
0, 2387, 9.25
0, 2388, 9.0
0, 2389, 8.75
0, 2390, 8.5
0, 2391, 8.25
0, 2392, 8.0
0, 2393, 7.75
0, 2394, 7.5
0, 2395, 7.25
0, 2396, 7.0
0, 2397, 6.75
0, 2398, 6.5
0, 2399, 6.25
0, 2400, 6.0
0, 2401, 5.75
0, 2402, 5.5
0, 2403, 5.25
0, 2404, 5.0
0, 2405, 4.75
0, 2406, 4.5
0, 2407, 4.25
0, 2408, 4.0
0, 2409, 3.75
0, 2410, 3.5
0, 2411, 3.25
0, 2412, 3.0
0, 2413, 2.75
0, 2414, 2.5
0, 2415, 2.25
0, 2416, 2.0
0, 2417, 1.75
0, 2418, 1.5
0, 2419, 1.25
0, 2420, 1.0
0, 2421, 0.75
0, 2422, 0.75
0, 2423, 0.75
0, 2424, 0.75
0, 2425, 0.75
0, 2426, 0.75
0, 2427, 0.75
0, 2428, 0.75
0, 2429, 0.75
0, 2430, 0.75
0, 2431, 0.75
0, 2432, 0.75
0, 2433, 0.75
0, 2434, 0.75
0, 2435, 1.0
0, 2436, 0.75
0, 2437, 0.75
0, 2438, 0.75
0, 2439, 0.75
0, 2440, 1.0
0, 2441, 1.25
0, 2442, 1.5
0, 2443, 1.75
0, 2444, 2.0
0, 2445, 2.25
0, 2446, 2.5
0, 2447, 2.75
0, 2448, 3.0
0, 2449, 3.25
0, 2450, 3.5
0, 2451, 3.75
0, 2452, 4.0
0, 2453, 4.25
0, 2454, 4.5
0, 2455, 4.75
0, 2456, 5.0
0, 2457, 5.25
0, 2458, 5.5
0, 2459, 5.75
0, 2460, 6.0
0, 2461, 6.25
0, 2462, 6.5
0, 2463, 6.75
0, 2464, 7.0
0, 2465, 7.25
0, 2466, 7.5
0, 2467, 7.75
0, 2468, 8.0
0, 2469, 8.25
0, 2470, 8.5
0, 2471, 8.75
0, 2472, 9.0
0, 2473, 9.25
0, 2474, 9.5
0, 2475, 9.75
0, 2476, 10.0
0, 2477, 10.25
0, 2478, 10.5
0, 2479, 10.75
0, 2480, 11.0
0, 2481, 11.25
0, 2482, 11.5
0, 2483, 11.75
0, 2484, 12.0
0, 2485, 12.25
0, 2486, 12.5
0, 2487, 12.75
0, 2488, 13.0
0, 2489, 13.25
0, 2490, 13.5
0, 2491, 13.75
0, 2492, 14.0
0, 2493, 14.25
0, 2494, 14.5
0, 2495, 14.75
0, 2496, 15.0
0, 2497, 15.25
0, 2498, 15.5
0, 2499, 15.75
0, 2500, 16.0
0, 2501, 16.25
0, 2502, 16.5
0, 2503, 16.75
0, 2504, 17.0
0, 2505, 17.25
0, 2506, 17.5
0, 2507, 17.75
0, 2508, 18.0
0, 2509, 18.25
0, 2510, 18.5
0, 2511, 18.75
0, 2512, 19.0
0, 2513, 19.25
0, 2514, 19.0
0, 2515, 18.75
0, 2516, 18.5
0, 2517, 18.25
0, 2518, 18.0
0, 2519, 17.75
0, 2520, 17.5
0, 2521, 17.25
0, 2522, 17.0
0, 2523, 16.75
0, 2524, 16.5
0, 2525, 16.25
0, 2526, 16.0
0, 2527, 15.75
0, 2528, 15.5
0, 2529, 15.25
0, 2530, 15.0
0, 2531, 14.75
0, 2532, 14.5
0, 2533, 14.25
0, 2534, 14.0
0, 2535, 13.75
0, 2536, 13.5
0, 2537, 13.25
0, 2538, 13.0
0, 2539, 12.75
0, 2540, 12.5
0, 2541, 12.25
0, 2542, 12.0
0, 2543, 11.75
0, 2544, 11.5
0, 2545, 11.25
0, 2546, 11.0
0, 2547, 10.75
0, 2548, 10.5
0, 2549, 10.25
0, 2550, 10.0
0, 2551, 9.75
0, 2552, 9.5
0, 2553, 9.25
0, 2554, 9.0
0, 2555, 8.75
0, 2556, 8.5
0, 2557, 8.25
0, 2558, 8.0
0, 2559, 7.75
0, 2560, 7.5
0, 2561, 7.25
0, 2562, 7.0
0, 2563, 6.75
0, 2564, 6.5
0, 2565, 6.25
0, 2566, 6.0
0, 2567, 5.75
0, 2568, 5.5
0, 2569, 5.25
0, 2570, 5.0
0, 2571, 4.75
0, 2572, 4.5
0, 2573, 4.25
0, 2574, 4.0
0, 2575, 3.75
0, 2576, 3.5
0, 2577, 3.25
0, 2578, 3.0
0, 2579, 2.75
0, 2580, 2.5
0, 2581, 2.25
0, 2582, 2.0
0, 2583, 1.75
0, 2584, 1.5
0, 2585, 1.25
0, 2586, 1.0
0, 2587, 0.75
0, 2588, 0.75
0, 2589, 0.75
0, 2590, 0.75
0, 2591, 0.75
0, 2592, 0.75
0, 2593, 0.75
0, 2594, 0.75
0, 2595, 0.75
0, 2596, 0.75
0, 2597, 0.75
0, 2598, 0.75
0, 2599, 0.75
0, 2600, 0.75
0, 2601, 0.75
0, 2602, 0.75
0, 2603, 0.75
0, 2604, 0.75
0, 2605, 0.75
0, 2606, 0.75
0, 2607, 0.75
0, 2608, 0.75
0, 2609, 0.75
0, 2610, 0.75
0, 2611, 0.75
0, 2612, 0.75
0, 2613, 0.75
0, 2614, 0.75
0, 2615, 0.75
0, 2616, 0.75
0, 2617, 1.0
0, 2618, 0.75
0, 2619, 0.75
0, 2620, 0.75
0, 2621, 1.0
0, 2622, 1.25
0, 2623, 1.5
0, 2624, 1.75
0, 2625, 2.0
0, 2626, 2.25
0, 2627, 2.5
0, 2628, 2.75
0, 2629, 3.0
0, 2630, 3.25
0, 2631, 3.5
0, 2632, 3.75
0, 2633, 4.0
0, 2634, 4.25
0, 2635, 4.5
0, 2636, 4.75
0, 2637, 5.0
0, 2638, 5.25
0, 2639, 5.5
0, 2640, 5.75
0, 2641, 6.0
0, 2642, 6.25
0, 2643, 6.5
0, 2644, 6.75
0, 2645, 7.0
0, 2646, 7.25
0, 2647, 7.5
0, 2648, 7.75
0, 2649, 8.0
0, 2650, 8.25
0, 2651, 8.5
0, 2652, 8.75
0, 2653, 9.0
0, 2654, 9.25
0, 2655, 9.5
0, 2656, 9.75
0, 2657, 10.0
0, 2658, 10.25
0, 2659, 10.5
0, 2660, 10.75
0, 2661, 11.0
0, 2662, 11.25
0, 2663, 11.5
0, 2664, 11.75
0, 2665, 12.0
0, 2666, 12.25
0, 2667, 12.5
0, 2668, 12.75
0, 2669, 13.0
0, 2670, 13.25
0, 2671, 13.5
0, 2672, 13.75
0, 2673, 14.0
0, 2674, 14.25
0, 2675, 14.5
0, 2676, 14.75
0, 2677, 15.0
0, 2678, 15.25
0, 2679, 15.5
0, 2680, 15.75
0, 2681, 16.0
0, 2682, 16.25
0, 2683, 16.5
0, 2684, 16.75
0, 2685, 17.0
0, 2686, 17.25
0, 2687, 17.5
0, 2688, 17.75
0, 2689, 18.0
0, 2690, 18.25
0, 2691, 18.5
0, 2692, 18.75
0, 2693, 19.0
0, 2694, 19.25
0, 2695, 19.0
0, 2696, 18.75
0, 2697, 18.5
0, 2698, 18.25
0, 2699, 18.0
0, 2700, 17.75
0, 2701, 17.5
0, 2702, 17.25
0, 2703, 17.0
0, 2704, 16.75
0, 2705, 16.5
0, 2706, 16.25
0, 2707, 16.0
0, 2708, 15.75
0, 2709, 15.5
0, 2710, 15.25
0, 2711, 15.0
0, 2712, 14.75
0, 2713, 14.5
0, 2714, 14.25
0, 2715, 14.0
0, 2716, 13.75
0, 2717, 13.5
0, 2718, 13.25
0, 2719, 13.0
0, 2720, 12.75
0, 2721, 12.5
0, 2722, 12.25
0, 2723, 12.0
0, 2724, 11.75
0, 2725, 11.5
0, 2726, 11.25
0, 2727, 11.0
0, 2728, 10.75
0, 2729, 10.5
0, 2730, 10.25
0, 2731, 10.0
0, 2732, 9.75
0, 2733, 9.5
0, 2734, 9.25
0, 2735, 9.0
0, 2736, 8.75
0, 2737, 8.5
0, 2738, 8.25
0, 2739, 8.0
0, 2740, 7.75
0, 2741, 7.5
0, 2742, 7.25
0, 2743, 7.5
0, 2744, 7.25
0, 2745, 7.0
0, 2746, 6.75
0, 2747, 7.0
0, 2748, 7.25
0, 2749, 7.5
0, 2750, 7.75
0, 2751, 8.0
0, 2752, 8.25
0, 2753, 8.5
0, 2754, 8.75
0, 2755, 9.0
0, 2756, 9.25
0, 2757, 9.5
0, 2758, 9.75
0, 2759, 10.0
0, 2760, 10.25
0, 2761, 10.5
0, 2762, 10.75
0, 2763, 11.0
0, 2764, 11.25
0, 2765, 11.5
0, 2766, 11.75
0, 2767, 12.0
0, 2768, 12.25
0, 2769, 12.5
0, 2770, 12.75
0, 2771, 13.0
0, 2772, 13.25
0, 2773, 13.5
0, 2774, 13.75
0, 2775, 14.0
0, 2776, 14.25
0, 2777, 14.5
0, 2778, 14.75
0, 2779, 15.0
0, 2780, 15.25
0, 2781, 15.5
0, 2782, 15.75
0, 2783, 16.0
0, 2784, 16.25
0, 2785, 16.5
0, 2786, 16.75
0, 2787, 17.0
0, 2788, 17.25
0, 2789, 17.5
0, 2790, 17.75
0, 2791, 18.0
0, 2792, 18.25
0, 2793, 18.5
0, 2794, 18.75
0, 2795, 19.0
0, 2796, 19.25
0, 2797, 19.5
0, 2798, 19.75
0, 2799, 20.0
0, 2800, 20.25
0, 2801, 20.5
0, 2802, 20.75
0, 2803, 21.0
0, 2804, 21.25
0, 2805, 21.5
0, 2806, 21.75
0, 2807, 22.0
0, 2808, 22.25
0, 2809, 22.5
0, 2810, 22.75
0, 2811, 23.0
0, 2812, 23.25
0, 2813, 23.5
0, 2814, 23.75
0, 2815, 24.0
0, 2816, 24.25
0, 2817, 24.5
0, 2818, 24.75
0, 2819, 25.0
0, 2820, 25.25
0, 2821, 25.5
0, 2822, 25.75
0, 2823, 26.0
0, 2824, 26.25
0, 2825, 26.5
0, 2826, 26.75
0, 2827, 27.0
0, 2828, 27.25
0, 2829, 27.5
0, 2830, 27.75
0, 2831, 28.0
0, 2832, 28.25
0, 2833, 28.5
0, 2834, 28.75
0, 2835, 28.5
0, 2836, 28.25
0, 2837, 28.0
0, 2838, 27.75
0, 2839, 27.5
0, 2840, 27.25
0, 2841, 27.0
0, 2842, 26.75
0, 2843, 26.5
0, 2844, 26.25
0, 2845, 26.0
0, 2846, 25.75
0, 2847, 25.5
0, 2848, 25.25
0, 2849, 25.0
0, 2850, 24.75
0, 2851, 24.5
0, 2852, 24.25
0, 2853, 24.0
0, 2854, 23.75
0, 2855, 23.5
0, 2856, 23.25
0, 2857, 23.0
0, 2858, 22.75
0, 2859, 22.5
0, 2860, 22.25
0, 2861, 22.0
0, 2862, 21.75
0, 2863, 21.5
0, 2864, 21.25
0, 2865, 21.0
0, 2866, 20.75
0, 2867, 20.5
0, 2868, 20.25
0, 2869, 20.0
0, 2870, 19.75
0, 2871, 19.5
0, 2872, 19.25
0, 2873, 19.0
0, 2874, 18.75
0, 2875, 18.5
0, 2876, 18.25
0, 2877, 18.0
0, 2878, 17.75
0, 2879, 17.5
0, 2880, 17.25
0, 2881, 17.0
0, 2882, 16.75
0, 2883, 16.5
0, 2884, 16.25
0, 2885, 16.0
0, 2886, 15.75
0, 2887, 15.5
0, 2888, 15.25
0, 2889, 15.0
0, 2890, 14.75
0, 2891, 14.5
0, 2892, 14.25
0, 2893, 14.0
0, 2894, 13.75
0, 2895, 13.5
0, 2896, 13.25
0, 2897, 13.0
0, 2898, 12.75
0, 2899, 12.5
0, 2900, 12.25
0, 2901, 12.0
0, 2902, 11.75
0, 2903, 11.5
0, 2904, 11.25
0, 2905, 11.0
0, 2906, 10.75
0, 2907, 10.5
0, 2908, 10.25
0, 2909, 10.0
0, 2910, 9.75
0, 2911, 9.5
0, 2912, 9.25
0, 2913, 9.0
0, 2914, 8.75
0, 2915, 8.5
0, 2916, 8.25
0, 2917, 8.0
0, 2918, 7.75
0, 2919, 7.5
0, 2920, 7.25
0, 2921, 7.0
0, 2922, 6.75
0, 2923, 6.5
0, 2924, 6.25
0, 2925, 6.0
0, 2926, 5.75
0, 2927, 5.5
0, 2928, 5.25
0, 2929, 5.0
0, 2930, 4.75
0, 2931, 4.5
0, 2932, 4.25
0, 2933, 4.0
0, 2934, 3.75
0, 2935, 3.5
0, 2936, 3.25
0, 2937, 3.0
0, 2938, 2.75
0, 2939, 2.5
0, 2940, 2.25
0, 2941, 2.0
0, 2942, 1.75
0, 2943, 1.5
0, 2944, 1.25
0, 2945, 1.0
0, 2946, 0.75
0, 2947, 0.75
0, 2948, 0.75
0, 2949, 0.75
0, 2950, 0.75
0, 2951, 0.75
0, 2952, 0.75
0, 2953, 0.75
0, 2954, 0.75
0, 2955, 0.75
0, 2956, 0.75
0, 2957, 0.75
0, 2958, 0.75
0, 2959, 0.75
0, 2960, 0.75
0, 2961, 0.75
0, 2962, 0.75
0, 2963, 0.75
0, 2964, 0.75
0, 2965, 0.75
0, 2966, 0.75
0, 2967, 0.75
0, 2968, 0.75
0, 2969, 0.75
0, 2970, 0.75
0, 2971, 0.75
0, 2972, 0.75
0, 2973, 0.75
0, 2974, 0.75
0, 2975, 0.75
0, 2976, 0.75
0, 2977, 0.75
0, 2978, 0.75
0, 2979, 0.75
0, 2980, 0.75
0, 2981, 0.75
0, 2982, 0.75
0, 2983, 0.75
0, 2984, 0.75
0, 2985, 0.75
0, 2986, 0.75
0, 2987, 0.75
0, 2988, 1.0
0, 2989, 0.75
0, 2990, 0.75
0, 2991, 1.0
0, 2992, 1.25
0, 2993, 1.5
0, 2994, 1.75
0, 2995, 2.0
0, 2996, 2.25
0, 2997, 2.5
0, 2998, 2.75
0, 2999, 3.0
0, 3000, 3.25
0, 3001, 3.5
0, 3002, 3.75
0, 3003, 4.0
0, 3004, 4.25
0, 3005, 4.5
0, 3006, 4.75
0, 3007, 5.0
0, 3008, 5.25
0, 3009, 5.5
0, 3010, 5.75
0, 3011, 6.0
0, 3012, 6.25
0, 3013, 6.5
0, 3014, 6.75
0, 3015, 7.0
0, 3016, 7.25
0, 3017, 7.5
0, 3018, 7.75
0, 3019, 8.0
0, 3020, 8.25
0, 3021, 8.5
0, 3022, 8.75
0, 3023, 9.0
0, 3024, 9.25
0, 3025, 9.5
0, 3026, 9.75
0, 3027, 10.0
0, 3028, 10.25
0, 3029, 10.5
0, 3030, 10.75
0, 3031, 11.0
0, 3032, 11.25
0, 3033, 11.5
0, 3034, 11.75
0, 3035, 12.0
0, 3036, 12.25
0, 3037, 12.5
0, 3038, 12.75
0, 3039, 13.0
0, 3040, 13.25
0, 3041, 13.5
0, 3042, 13.75
0, 3043, 14.0
0, 3044, 14.25
0, 3045, 14.5
0, 3046, 14.75
0, 3047, 15.0
0, 3048, 15.25
0, 3049, 15.5
0, 3050, 15.75
0, 3051, 16.0
0, 3052, 16.25
0, 3053, 16.5
0, 3054, 16.75
0, 3055, 17.0
0, 3056, 17.25
0, 3057, 17.5
0, 3058, 17.75
0, 3059, 18.0
0, 3060, 18.25
0, 3061, 18.5
0, 3062, 18.75
0, 3063, 19.0
0, 3064, 19.25
0, 3065, 19.5
0, 3066, 19.75
0, 3067, 20.0
0, 3068, 20.25
0, 3069, 20.5
0, 3070, 20.75
0, 3071, 21.0
0, 3072, 21.25
0, 3073, 21.5
0, 3074, 21.75
0, 3075, 22.0
0, 3076, 22.25
0, 3077, 22.5
0, 3078, 22.75
0, 3079, 23.0
0, 3080, 23.25
0, 3081, 23.5
0, 3082, 23.75
0, 3083, 24.0
0, 3084, 24.25
0, 3085, 24.5
0, 3086, 24.75
0, 3087, 25.0
0, 3088, 25.25
0, 3089, 25.5
0, 3090, 25.75
0, 3091, 26.0
0, 3092, 26.25
0, 3093, 26.5
0, 3094, 26.75
0, 3095, 26.5
0, 3096, 26.25
0, 3097, 26.0
0, 3098, 25.75
0, 3099, 25.5
0, 3100, 25.75
0, 3101, 25.5
0, 3102, 25.25
0, 3103, 25.0
0, 3104, 24.75
0, 3105, 24.5
0, 3106, 24.25
0, 3107, 24.0
0, 3108, 23.75
0, 3109, 23.5
0, 3110, 23.25
0, 3111, 23.0
0, 3112, 22.75
0, 3113, 22.5
0, 3114, 22.25
0, 3115, 22.0
0, 3116, 21.75
0, 3117, 21.5
0, 3118, 21.25
0, 3119, 21.0
0, 3120, 20.75
0, 3121, 20.5
0, 3122, 20.25
0, 3123, 20.0
0, 3124, 19.75
0, 3125, 19.5
0, 3126, 19.25
0, 3127, 19.0
0, 3128, 18.75
0, 3129, 18.5
0, 3130, 18.25
0, 3131, 18.0
0, 3132, 17.75
0, 3133, 17.5
0, 3134, 17.25
0, 3135, 17.0
0, 3136, 16.75
0, 3137, 16.5
0, 3138, 16.25
0, 3139, 16.0
0, 3140, 15.75
0, 3141, 15.5
0, 3142, 15.25
0, 3143, 15.0
0, 3144, 14.75
0, 3145, 14.5
0, 3146, 14.25
0, 3147, 14.0
0, 3148, 13.75
0, 3149, 13.5
0, 3150, 13.25
0, 3151, 13.0
0, 3152, 12.75
0, 3153, 12.5
0, 3154, 12.25
0, 3155, 12.0
0, 3156, 11.75
0, 3157, 11.5
0, 3158, 11.25
0, 3159, 11.0
0, 3160, 10.75
0, 3161, 10.5
0, 3162, 10.25
0, 3163, 10.0
0, 3164, 9.75
0, 3165, 9.5
0, 3166, 9.25
0, 3167, 9.0
0, 3168, 8.75
0, 3169, 8.5
0, 3170, 8.25
0, 3171, 8.0
0, 3172, 7.75
0, 3173, 7.5
0, 3174, 7.25
0, 3175, 7.0
0, 3176, 6.75
0, 3177, 6.5
0, 3178, 6.25
0, 3179, 6.0
0, 3180, 5.75
0, 3181, 5.5
0, 3182, 5.25
0, 3183, 5.0
0, 3184, 4.75
0, 3185, 4.5
0, 3186, 4.25
0, 3187, 4.0
0, 3188, 3.75
0, 3189, 3.5
0, 3190, 3.25
0, 3191, 3.0
0, 3192, 2.75
0, 3193, 2.5
0, 3194, 2.25
0, 3195, 2.0
0, 3196, 1.75
0, 3197, 1.5
0, 3198, 1.25
0, 3199, 1.0
0, 3200, 0.75
0, 3201, 0.75
0, 3202, 0.75
0, 3203, 0.75
0, 3204, 0.75
0, 3205, 0.75
0, 3206, 0.75
0, 3207, 0.75
0, 3208, 0.75
0, 3209, 0.75
0, 3210, 0.75
0, 3211, 0.75
0, 3212, 0.75
0, 3213, 0.75
0, 3214, 0.75
0, 3215, 0.75
0, 3216, 0.75
0, 3217, 0.75
0, 3218, 0.75
0, 3219, 0.75
0, 3220, 0.75
0, 3221, 0.75
0, 3222, 0.75
0, 3223, 0.75
0, 3224, 0.75
0, 3225, 0.75
0, 3226, 0.75
0, 3227, 0.75
0, 3228, 0.75
0, 3229, 0.75
0, 3230, 0.75
0, 3231, 0.75
0, 3232, 0.75
0, 3233, 0.75
0, 3234, 0.75
0, 3235, 0.75
0, 3236, 0.75
0, 3237, 0.75
0, 3238, 0.75
0, 3239, 0.75
0, 3240, 0.75
0, 3241, 0.75
0, 3242, 0.75
0, 3243, 0.75
0, 3244, 0.75
0, 3245, 0.75
0, 3246, 0.75
0, 3247, 0.75
0, 3248, 0.75
0, 3249, 0.75
0, 3250, 0.75
0, 3251, 0.75
0, 3252, 0.75
0, 3253, 0.75
0, 3254, 0.75
0, 3255, 0.75
0, 3256, 0.75
0, 3257, 0.75
0, 3258, 0.75
0, 3259, 0.75
0, 3260, 0.75
0, 3261, 0.75
0, 3262, 0.75
0, 3263, 0.75
0, 3264, 0.75
0, 3265, 0.75
0, 3266, 0.75
0, 3267, 0.75
0, 3268, 0.75
0, 3269, 0.75
0, 3270, 0.75
0, 3271, 0.75
0, 3272, 0.75
0, 3273, 0.75
0, 3274, 0.75
0, 3275, 0.75
0, 3276, 0.75
0, 3277, 0.75
0, 3278, 0.75
0, 3279, 0.75
0, 3280, 0.75
0, 3281, 0.75
0, 3282, 0.75
0, 3283, 0.75
0, 3284, 0.75
0, 3285, 0.75
0, 3286, 0.75
0, 3287, 0.75
0, 3288, 0.75
0, 3289, 0.75
0, 3290, 0.75
0, 3291, 0.75
0, 3292, 0.75
0, 3293, 0.75
0, 3294, 0.75
0, 3295, 0.75
0, 3296, 0.75
0, 3297, 0.75
0, 3298, 0.75
0, 3299, 0.75
0, 3300, 0.75
0, 3301, 0.75
0, 3302, 0.75
0, 3303, 0.75
0, 3304, 0.75
0, 3305, 0.75
0, 3306, 0.75
0, 3307, 0.75
0, 3308, 0.75
0, 3309, 0.75
0, 3310, 0.75
0, 3311, 0.75
0, 3312, 0.75
0, 3313, 0.75
0, 3314, 0.75
0, 3315, 0.75
0, 3316, 0.75
0, 3317, 0.75
0, 3318, 0.75
0, 3319, 0.75
0, 3320, 0.75
0, 3321, 0.75
0, 3322, 0.75
0, 3323, 0.75
0, 3324, 0.75
0, 3325, 0.75
0, 3326, 0.75
0, 3327, 0.75
0, 3328, 0.75
0, 3329, 0.75
0, 3330, 0.75
0, 3331, 0.75
0, 3332, 0.75
0, 3333, 0.75
0, 3334, 0.75
0, 3335, 0.75
0, 3336, 0.75
0, 3337, 0.75
0, 3338, 0.75
0, 3339, 0.75
0, 3340, 0.75
0, 3341, 0.75
0, 3342, 0.75
0, 3343, 1.0
0, 3344, 1.25
0, 3345, 1.5
0, 3346, 1.75
0, 3347, 1.5
0, 3348, 1.25
0, 3349, 1.5
0, 3350, 1.75
0, 3351, 2.0
0, 3352, 2.25
0, 3353, 2.5
0, 3354, 2.25
0, 3355, 2.0
0, 3356, 2.25
0, 3357, 2.5
0, 3358, 2.75
0, 3359, 3.0
0, 3360, 3.25
0, 3361, 3.5
0, 3362, 3.75
0, 3363, 4.0
0, 3364, 4.25
0, 3365, 4.5
0, 3366, 4.75
0, 3367, 5.0
0, 3368, 5.25
0, 3369, 5.5
0, 3370, 5.75
0, 3371, 6.0
0, 3372, 6.25
0, 3373, 6.5
0, 3374, 6.75
0, 3375, 7.0
0, 3376, 7.25
0, 3377, 7.5
0, 3378, 7.75
0, 3379, 8.0
0, 3380, 8.25
0, 3381, 8.5
0, 3382, 8.75
0, 3383, 9.0
0, 3384, 9.25
0, 3385, 9.5
0, 3386, 9.75
0, 3387, 10.0
0, 3388, 10.25
0, 3389, 10.5
0, 3390, 10.75
0, 3391, 11.0
0, 3392, 11.25
0, 3393, 11.5
0, 3394, 11.75
0, 3395, 12.0
0, 3396, 12.25
0, 3397, 12.5
0, 3398, 12.75
0, 3399, 13.0
0, 3400, 13.25
0, 3401, 13.5
0, 3402, 13.75
0, 3403, 14.0
0, 3404, 14.25
0, 3405, 14.5
0, 3406, 14.75
0, 3407, 15.0
0, 3408, 15.25
0, 3409, 15.5
0, 3410, 15.75
0, 3411, 15.5
0, 3412, 15.75
0, 3413, 16.0
0, 3414, 16.25
0, 3415, 16.5
0, 3416, 16.25
0, 3417, 16.0
0, 3418, 15.75
0, 3419, 15.5
0, 3420, 15.25
0, 3421, 15.0
0, 3422, 14.75
0, 3423, 14.5
0, 3424, 14.25
0, 3425, 14.0
0, 3426, 13.75
0, 3427, 13.5
0, 3428, 13.25
0, 3429, 13.0
0, 3430, 12.75
0, 3431, 12.5
0, 3432, 12.25
0, 3433, 12.0
0, 3434, 11.75
0, 3435, 11.5
0, 3436, 11.25
0, 3437, 11.0
0, 3438, 10.75
0, 3439, 10.5
0, 3440, 10.25
0, 3441, 10.0
0, 3442, 9.75
0, 3443, 9.5
0, 3444, 9.25
0, 3445, 9.0
0, 3446, 8.75
0, 3447, 8.5
0, 3448, 8.25
0, 3449, 8.0
0, 3450, 7.75
0, 3451, 7.5
0, 3452, 7.25
0, 3453, 7.0
0, 3454, 6.75
0, 3455, 6.5
0, 3456, 6.25
0, 3457, 6.0
0, 3458, 5.75
0, 3459, 5.5
0, 3460, 5.25
0, 3461, 5.0
0, 3462, 4.75
0, 3463, 4.5
0, 3464, 4.25
0, 3465, 4.0
0, 3466, 3.75
0, 3467, 3.5
0, 3468, 3.25
0, 3469, 3.0
0, 3470, 2.75
0, 3471, 2.5
0, 3472, 2.25
0, 3473, 2.0
0, 3474, 1.75
0, 3475, 1.5
0, 3476, 1.25
0, 3477, 1.0
0, 3478, 0.75
0, 3479, 0.75
0, 3480, 0.75
0, 3481, 0.75
0, 3482, 0.75
0, 3483, 0.75
0, 3484, 0.75
0, 3485, 0.75
0, 3486, 0.75
0, 3487, 0.75
0, 3488, 0.75
0, 3489, 0.75
0, 3490, 0.75
0, 3491, 0.75
0, 3492, 0.75
0, 3493, 0.75
0, 3494, 0.75
0, 3495, 0.75
0, 3496, 0.75
0, 3497, 0.75
0, 3498, 0.75
0, 3499, 0.75
0, 3500, 0.75
0, 3501, 0.75
0, 3502, 0.75
0, 3503, 0.75
0, 3504, 0.75
0, 3505, 0.75
0, 3506, 0.75
0, 3507, 0.75
0, 3508, 0.75
0, 3509, 0.75
0, 3510, 0.75
0, 3511, 0.75
0, 3512, 0.75
0, 3513, 0.75
0, 3514, 0.75
0, 3515, 0.75
0, 3516, 0.75
0, 3517, 0.75
0, 3518, 0.75
0, 3519, 0.75
0, 3520, 0.75
0, 3521, 0.75
0, 3522, 0.75
0, 3523, 0.75
0, 3524, 0.75
0, 3525, 0.75
0, 3526, 0.75
0, 3527, 0.75
0, 3528, 0.75
0, 3529, 0.75
0, 3530, 0.75
0, 3531, 0.75
0, 3532, 0.75
0, 3533, 0.75
0, 3534, 0.75
0, 3535, 0.75
0, 3536, 0.75
0, 3537, 0.75
0, 3538, 0.75
0, 3539, 0.75
0, 3540, 0.75
0, 3541, 0.75
0, 3542, 0.75
0, 3543, 0.75
0, 3544, 0.75
0, 3545, 0.75
0, 3546, 0.75
0, 3547, 0.75
0, 3548, 0.75
0, 3549, 0.75
0, 3550, 0.75
0, 3551, 0.75
0, 3552, 0.75
0, 3553, 0.75
0, 3554, 1.0
0, 3555, 1.25
0, 3556, 1.5
0, 3557, 1.25
0, 3558, 1.5
0, 3559, 1.75
0, 3560, 2.0
0, 3561, 2.25
0, 3562, 2.5
0, 3563, 2.75
0, 3564, 2.5
0, 3565, 2.25
0, 3566, 2.5
0, 3567, 2.75
0, 3568, 3.0
0, 3569, 3.25
0, 3570, 3.5
0, 3571, 3.75
0, 3572, 3.5
0, 3573, 3.75
0, 3574, 4.0
0, 3575, 4.25
0, 3576, 4.5
0, 3577, 4.75
0, 3578, 4.5
0, 3579, 4.25
0, 3580, 4.0
0, 3581, 4.25
0, 3582, 4.5
0, 3583, 4.75
0, 3584, 4.5
0, 3585, 4.25
0, 3586, 4.0
0, 3587, 4.25
0, 3588, 4.5
0, 3589, 4.75
0, 3590, 5.0
0, 3591, 5.25
0, 3592, 5.5
0, 3593, 5.75
0, 3594, 6.0
0, 3595, 6.25
0, 3596, 6.5
0, 3597, 6.75
0, 3598, 7.0
0, 3599, 6.75
0, 3600, 6.5
0, 3601, 6.75
0, 3602, 7.0
0, 3603, 7.25
0, 3604, 7.5
0, 3605, 7.75
0, 3606, 7.5
0, 3607, 7.25
0, 3608, 7.5
0, 3609, 7.75
0, 3610, 8.0
0, 3611, 8.25
0, 3612, 8.5
0, 3613, 8.25
0, 3614, 8.0
0, 3615, 7.75
0, 3616, 7.5
0, 3617, 7.75
0, 3618, 8.0
0, 3619, 7.75
0, 3620, 7.5
0, 3621, 7.25
0, 3622, 7.0
0, 3623, 6.75
0, 3624, 6.5
0, 3625, 6.25
0, 3626, 6.0
0, 3627, 5.75
0, 3628, 5.5
0, 3629, 5.25
0, 3630, 5.0
0, 3631, 4.75
0, 3632, 4.5
0, 3633, 4.25
0, 3634, 4.0
0, 3635, 3.75
0, 3636, 3.5
0, 3637, 3.25
0, 3638, 3.0
0, 3639, 2.75
0, 3640, 2.5
0, 3641, 2.25
0, 3642, 2.0
0, 3643, 1.75
0, 3644, 1.5
0, 3645, 1.75
0, 3646, 2.0
0, 3647, 1.75
0, 3648, 1.5
0, 3649, 1.25
0, 3650, 1.5
0, 3651, 1.75
0, 3652, 2.0
0, 3653, 2.25
0, 3654, 2.5
0, 3655, 2.25
0, 3656, 2.5
0, 3657, 2.75
0, 3658, 3.0
0, 3659, 3.25
0, 3660, 3.5
0, 3661, 3.75
0, 3662, 3.5
0, 3663, 3.25
0, 3664, 3.5
0, 3665, 3.75
0, 3666, 4.0
0, 3667, 4.25
0, 3668, 4.5
0, 3669, 4.75
0, 3670, 5.0
0, 3671, 5.25
0, 3672, 5.5
0, 3673, 5.75
0, 3674, 6.0
0, 3675, 6.25
0, 3676, 6.5
0, 3677, 6.75
0, 3678, 7.0
0, 3679, 7.25
0, 3680, 7.5
0, 3681, 7.75
0, 3682, 8.0
0, 3683, 8.25
0, 3684, 8.5
0, 3685, 8.75
0, 3686, 9.0
0, 3687, 9.25
0, 3688, 9.5
0, 3689, 9.75
0, 3690, 10.0
0, 3691, 10.25
0, 3692, 10.5
0, 3693, 10.75
0, 3694, 11.0
0, 3695, 11.25
0, 3696, 11.5
0, 3697, 11.75
0, 3698, 12.0
0, 3699, 12.25
0, 3700, 12.5
0, 3701, 12.75
0, 3702, 13.0
0, 3703, 12.75
0, 3704, 12.5
0, 3705, 12.25
0, 3706, 12.0
0, 3707, 12.25
0, 3708, 12.0
0, 3709, 11.75
0, 3710, 11.5
0, 3711, 11.25
0, 3712, 11.0
0, 3713, 10.75
0, 3714, 10.5
0, 3715, 10.25
0, 3716, 10.0
0, 3717, 9.75
0, 3718, 9.5
0, 3719, 9.25
0, 3720, 9.0
0, 3721, 8.75
0, 3722, 8.5
0, 3723, 8.25
0, 3724, 8.0
0, 3725, 7.75
0, 3726, 7.5
0, 3727, 7.25
0, 3728, 7.5
0, 3729, 7.75
0, 3730, 7.5
0, 3731, 7.25
0, 3732, 7.0
0, 3733, 6.75
0, 3734, 6.5
0, 3735, 6.25
0, 3736, 6.5
0, 3737, 6.75
0, 3738, 6.5
0, 3739, 6.25
0, 3740, 6.0
0, 3741, 6.25
0, 3742, 6.5
0, 3743, 6.75
0, 3744, 7.0
0, 3745, 7.25
0, 3746, 7.0
0, 3747, 6.75
0, 3748, 7.0
0, 3749, 7.25
0, 3750, 7.5
0, 3751, 7.75
0, 3752, 8.0
0, 3753, 7.75
0, 3754, 8.0
0, 3755, 8.25
0, 3756, 8.5
0, 3757, 8.75
0, 3758, 9.0
0, 3759, 9.25
0, 3760, 9.5
0, 3761, 9.75
0, 3762, 10.0
0, 3763, 10.25
0, 3764, 10.5
0, 3765, 10.75
0, 3766, 11.0
0, 3767, 11.25
0, 3768, 11.5
0, 3769, 11.75
0, 3770, 12.0
0, 3771, 12.25
0, 3772, 12.5
0, 3773, 12.75
0, 3774, 13.0
0, 3775, 13.25
0, 3776, 13.5
0, 3777, 13.75
0, 3778, 14.0
0, 3779, 14.25
0, 3780, 14.5
0, 3781, 14.75
0, 3782, 15.0
0, 3783, 15.25
0, 3784, 15.5
0, 3785, 15.75
0, 3786, 16.0
0, 3787, 16.25
0, 3788, 16.0
0, 3789, 15.75
0, 3790, 16.0
0, 3791, 16.25
0, 3792, 16.5
0, 3793, 16.75
0, 3794, 16.5
0, 3795, 16.25
0, 3796, 16.0
0, 3797, 15.75
0, 3798, 15.5
0, 3799, 15.25
0, 3800, 15.0
0, 3801, 14.75
0, 3802, 14.5
0, 3803, 14.25
0, 3804, 14.0
0, 3805, 13.75
0, 3806, 13.5
0, 3807, 13.25
0, 3808, 13.0
0, 3809, 12.75
0, 3810, 12.5
0, 3811, 12.25
0, 3812, 12.0
0, 3813, 11.75
0, 3814, 11.5
0, 3815, 11.25
0, 3816, 11.0
0, 3817, 10.75
0, 3818, 10.5
0, 3819, 10.25
0, 3820, 10.0
0, 3821, 9.75
0, 3822, 9.5
0, 3823, 9.25
0, 3824, 9.0
0, 3825, 8.75
0, 3826, 8.5
0, 3827, 8.25
0, 3828, 8.0
0, 3829, 7.75
0, 3830, 7.5
0, 3831, 7.25
0, 3832, 7.0
0, 3833, 6.75
0, 3834, 6.5
0, 3835, 6.25
0, 3836, 6.0
0, 3837, 5.75
0, 3838, 5.5
0, 3839, 5.25
0, 3840, 5.0
0, 3841, 4.75
0, 3842, 4.5
0, 3843, 4.25
0, 3844, 4.0
0, 3845, 3.75
0, 3846, 3.5
0, 3847, 3.25
0, 3848, 3.0
0, 3849, 2.75
0, 3850, 2.5
0, 3851, 2.25
0, 3852, 2.0
0, 3853, 1.75
0, 3854, 1.5
0, 3855, 1.25
0, 3856, 1.0
0, 3857, 0.75
0, 3858, 0.75
0, 3859, 0.75
0, 3860, 0.75
0, 3861, 0.75
0, 3862, 0.75
0, 3863, 0.75
0, 3864, 0.75
0, 3865, 0.75
0, 3866, 0.75
0, 3867, 0.75
0, 3868, 0.75
0, 3869, 0.75
0, 3870, 0.75
0, 3871, 0.75
0, 3872, 0.75
0, 3873, 0.75
0, 3874, 0.75
0, 3875, 0.75
0, 3876, 0.75
0, 3877, 0.75
0, 3878, 0.75
0, 3879, 0.75
0, 3880, 0.75
0, 3881, 0.75
0, 3882, 1.0
0, 3883, 1.25
0, 3884, 1.5
0, 3885, 1.25
0, 3886, 1.0
0, 3887, 0.75
0, 3888, 1.0
0, 3889, 1.25
0, 3890, 1.5
0, 3891, 1.75
0, 3892, 2.0
0, 3893, 1.75
0, 3894, 2.0
0, 3895, 2.25
0, 3896, 2.5
0, 3897, 2.75
0, 3898, 3.0
0, 3899, 3.25
0, 3900, 3.5
0, 3901, 3.75
0, 3902, 4.0
0, 3903, 4.25
0, 3904, 4.5
0, 3905, 4.75
0, 3906, 5.0
0, 3907, 5.25
0, 3908, 5.5
0, 3909, 5.75
0, 3910, 6.0
0, 3911, 6.25
0, 3912, 6.5
0, 3913, 6.75
0, 3914, 7.0
0, 3915, 7.25
0, 3916, 7.5
0, 3917, 7.75
0, 3918, 8.0
0, 3919, 8.25
0, 3920, 8.5
0, 3921, 8.75
0, 3922, 9.0
0, 3923, 9.25
0, 3924, 9.5
0, 3925, 9.75
0, 3926, 10.0
0, 3927, 10.25
0, 3928, 10.5
0, 3929, 10.75
0, 3930, 11.0
0, 3931, 11.25
0, 3932, 11.5
0, 3933, 11.75
0, 3934, 12.0
0, 3935, 12.25
0, 3936, 12.5
0, 3937, 12.75
0, 3938, 13.0
0, 3939, 13.25
0, 3940, 13.5
0, 3941, 13.75
0, 3942, 14.0
0, 3943, 14.25
0, 3944, 14.5
0, 3945, 14.75
0, 3946, 15.0
0, 3947, 15.25
0, 3948, 15.5
0, 3949, 15.75
0, 3950, 16.0
0, 3951, 16.25
0, 3952, 16.5
0, 3953, 16.75
0, 3954, 17.0
0, 3955, 17.25
0, 3956, 17.5
0, 3957, 17.75
0, 3958, 18.0
0, 3959, 18.25
0, 3960, 18.5
0, 3961, 18.75
0, 3962, 19.0
0, 3963, 19.25
0, 3964, 19.5
0, 3965, 19.75
0, 3966, 20.0
0, 3967, 20.25
0, 3968, 20.5
0, 3969, 20.75
0, 3970, 20.5
0, 3971, 20.25
0, 3972, 20.0
0, 3973, 20.25
0, 3974, 20.5
0, 3975, 20.75
0, 3976, 20.5
0, 3977, 20.25
0, 3978, 20.0
0, 3979, 19.75
0, 3980, 19.5
0, 3981, 19.25
0, 3982, 19.0
0, 3983, 18.75
0, 3984, 18.5
0, 3985, 18.25
0, 3986, 18.0
0, 3987, 17.75
0, 3988, 17.5
0, 3989, 17.25
0, 3990, 17.0
0, 3991, 16.75
0, 3992, 16.5
0, 3993, 16.25
0, 3994, 16.0
0, 3995, 15.75
0, 3996, 15.5
0, 3997, 15.25
0, 3998, 15.0
0, 3999, 14.75
0, 4000, 14.5
0, 4001, 14.25
0, 4002, 14.0
0, 4003, 13.75
0, 4004, 13.5
0, 4005, 13.25
0, 4006, 13.0
0, 4007, 12.75
0, 4008, 12.5
0, 4009, 12.25
0, 4010, 12.0
0, 4011, 11.75
0, 4012, 11.5
0, 4013, 11.25
0, 4014, 11.0
0, 4015, 10.75
0, 4016, 10.5
0, 4017, 10.25
0, 4018, 10.0
0, 4019, 9.75
0, 4020, 9.5
0, 4021, 9.25
0, 4022, 9.0
0, 4023, 8.75
0, 4024, 8.5
0, 4025, 8.25
0, 4026, 8.0
0, 4027, 7.75
0, 4028, 7.5
0, 4029, 7.25
0, 4030, 7.0
0, 4031, 6.75
0, 4032, 6.5
0, 4033, 6.25
0, 4034, 6.0
0, 4035, 5.75
0, 4036, 5.5
0, 4037, 5.25
0, 4038, 5.0
0, 4039, 4.75
0, 4040, 4.5
0, 4041, 4.25
0, 4042, 4.0
0, 4043, 3.75
0, 4044, 3.5
0, 4045, 3.25
0, 4046, 3.0
0, 4047, 2.75
0, 4048, 2.5
0, 4049, 2.25
0, 4050, 2.0
0, 4051, 1.75
0, 4052, 1.5
0, 4053, 1.25
0, 4054, 1.0
0, 4055, 0.75
0, 4056, 0.75
0, 4057, 1.0
0, 4058, 1.25
0, 4059, 1.5
0, 4060, 1.75
0, 4061, 2.0
0, 4062, 2.25
0, 4063, 2.5
0, 4064, 2.75
0, 4065, 3.0
0, 4066, 3.25
0, 4067, 3.5
0, 4068, 3.75
0, 4069, 4.0
0, 4070, 4.25
0, 4071, 4.5
0, 4072, 4.75
0, 4073, 5.0
0, 4074, 5.25
0, 4075, 5.5
0, 4076, 5.75
0, 4077, 6.0
0, 4078, 6.25
0, 4079, 6.5
0, 4080, 6.75
0, 4081, 7.0
0, 4082, 7.25
0, 4083, 7.5
0, 4084, 7.75
0, 4085, 8.0
0, 4086, 8.25
0, 4087, 8.5
0, 4088, 8.75
0, 4089, 9.0
0, 4090, 9.25
0, 4091, 9.5
0, 4092, 9.75
0, 4093, 10.0
0, 4094, 10.25
0, 4095, 10.5
0, 4096, 10.75
0, 4097, 11.0
0, 4098, 11.25
0, 4099, 11.5
0, 4100, 11.75
0, 4101, 12.0
0, 4102, 12.25
0, 4103, 12.5
0, 4104, 12.75
0, 4105, 13.0
0, 4106, 13.25
0, 4107, 13.5
0, 4108, 13.75
0, 4109, 14.0
0, 4110, 14.25
0, 4111, 14.5
0, 4112, 14.75
0, 4113, 15.0
0, 4114, 15.25
0, 4115, 15.5
0, 4116, 15.75
0, 4117, 16.0
0, 4118, 16.25
0, 4119, 16.5
0, 4120, 16.75
0, 4121, 17.0
0, 4122, 17.25
0, 4123, 17.5
0, 4124, 17.75
0, 4125, 18.0
0, 4126, 18.25
0, 4127, 18.5
0, 4128, 18.75
0, 4129, 19.0
0, 4130, 19.25
0, 4131, 19.5
0, 4132, 19.75
0, 4133, 20.0
0, 4134, 20.25
0, 4135, 20.5
0, 4136, 20.75
0, 4137, 21.0
0, 4138, 21.25
0, 4139, 21.5
0, 4140, 21.75
0, 4141, 22.0
0, 4142, 22.25
0, 4143, 22.5
0, 4144, 22.75
0, 4145, 23.0
0, 4146, 23.25
0, 4147, 23.5
0, 4148, 23.75
0, 4149, 24.0
0, 4150, 24.25
0, 4151, 24.5
0, 4152, 24.75
0, 4153, 25.0
0, 4154, 25.25
0, 4155, 25.5
0, 4156, 25.75
0, 4157, 26.0
0, 4158, 26.25
0, 4159, 26.0
0, 4160, 25.75
0, 4161, 25.5
0, 4162, 25.25
0, 4163, 25.0
0, 4164, 24.75
0, 4165, 24.5
0, 4166, 24.25
0, 4167, 24.0
0, 4168, 23.75
0, 4169, 23.5
0, 4170, 23.25
0, 4171, 23.0
0, 4172, 22.75
0, 4173, 22.5
0, 4174, 22.25
0, 4175, 22.0
0, 4176, 21.75
0, 4177, 21.5
0, 4178, 21.25
0, 4179, 21.0
0, 4180, 20.75
0, 4181, 20.5
0, 4182, 20.25
0, 4183, 20.0
0, 4184, 19.75
0, 4185, 19.5
0, 4186, 19.25
0, 4187, 19.0
0, 4188, 18.75
0, 4189, 18.5
0, 4190, 18.25
0, 4191, 18.0
0, 4192, 17.75
0, 4193, 17.5
0, 4194, 17.25
0, 4195, 17.0
0, 4196, 16.75
0, 4197, 16.5
0, 4198, 16.25
0, 4199, 16.0
0, 4200, 15.75
0, 4201, 15.5
0, 4202, 15.25
0, 4203, 15.0
0, 4204, 14.75
0, 4205, 14.5
0, 4206, 14.25
0, 4207, 14.0
0, 4208, 13.75
0, 4209, 13.5
0, 4210, 13.25
0, 4211, 13.0
0, 4212, 12.75
0, 4213, 12.5
0, 4214, 12.25
0, 4215, 12.0
0, 4216, 11.75
0, 4217, 11.5
0, 4218, 11.25
0, 4219, 11.0
0, 4220, 10.75
0, 4221, 10.5
0, 4222, 10.25
0, 4223, 10.0
0, 4224, 9.75
0, 4225, 9.5
0, 4226, 9.25
0, 4227, 9.0
0, 4228, 8.75
0, 4229, 8.5
0, 4230, 8.25
0, 4231, 8.0
0, 4232, 7.75
0, 4233, 7.5
0, 4234, 7.25
0, 4235, 7.0
0, 4236, 6.75
0, 4237, 6.5
0, 4238, 6.25
0, 4239, 6.0
0, 4240, 5.75
0, 4241, 5.5
0, 4242, 5.25
0, 4243, 5.0
0, 4244, 4.75
0, 4245, 4.5
0, 4246, 4.25
0, 4247, 4.0
0, 4248, 3.75
0, 4249, 3.5
0, 4250, 3.25
0, 4251, 3.0
0, 4252, 2.75
0, 4253, 2.5
0, 4254, 2.25
0, 4255, 2.0
0, 4256, 1.75
0, 4257, 1.5
0, 4258, 1.25
0, 4259, 1.0
0, 4260, 0.75
0, 4261, 0.75
0, 4262, 0.75
0, 4263, 0.75
0, 4264, 0.75
0, 4265, 0.75
0, 4266, 0.75
0, 4267, 0.75
0, 4268, 0.75
0, 4269, 0.75
0, 4270, 0.75
0, 4271, 0.75
0, 4272, 0.75
0, 4273, 0.75
0, 4274, 0.75
0, 4275, 0.75
0, 4276, 0.75
0, 4277, 0.75
0, 4278, 0.75
0, 4279, 0.75
0, 4280, 0.75
0, 4281, 0.75
0, 4282, 0.75
0, 4283, 0.75
0, 4284, 0.75
0, 4285, 0.75
0, 4286, 0.75
0, 4287, 0.75
0, 4288, 0.75
0, 4289, 0.75
0, 4290, 0.75
0, 4291, 0.75
0, 4292, 0.75
0, 4293, 0.75
0, 4294, 0.75
0, 4295, 0.75
0, 4296, 1.0
0, 4297, 1.25
0, 4298, 1.5
0, 4299, 1.75
0, 4300, 2.0
0, 4301, 2.25
0, 4302, 2.5
0, 4303, 2.75
0, 4304, 3.0
0, 4305, 3.25
0, 4306, 3.5
0, 4307, 3.75
0, 4308, 4.0
0, 4309, 4.25
0, 4310, 4.5
0, 4311, 4.75
0, 4312, 5.0
0, 4313, 5.25
0, 4314, 5.5
0, 4315, 5.75
0, 4316, 6.0
0, 4317, 6.25
0, 4318, 6.5
0, 4319, 6.75
0, 4320, 7.0
0, 4321, 7.25
0, 4322, 7.5
0, 4323, 7.75
0, 4324, 8.0
0, 4325, 8.25
0, 4326, 8.5
0, 4327, 8.75
0, 4328, 9.0
0, 4329, 9.25
0, 4330, 9.5
0, 4331, 9.75
0, 4332, 10.0
0, 4333, 10.25
0, 4334, 10.5
0, 4335, 10.75
0, 4336, 11.0
0, 4337, 11.25
0, 4338, 11.5
0, 4339, 11.75
0, 4340, 12.0
0, 4341, 12.25
0, 4342, 12.5
0, 4343, 12.75
0, 4344, 13.0
0, 4345, 13.25
0, 4346, 13.5
0, 4347, 13.75
0, 4348, 14.0
0, 4349, 14.25
0, 4350, 14.5
0, 4351, 14.75
0, 4352, 15.0
0, 4353, 15.25
0, 4354, 15.5
0, 4355, 15.75
0, 4356, 16.0
0, 4357, 16.25
0, 4358, 16.5
0, 4359, 16.75
0, 4360, 17.0
0, 4361, 17.25
0, 4362, 17.5
0, 4363, 17.75
0, 4364, 18.0
0, 4365, 18.25
0, 4366, 18.5
0, 4367, 18.75
0, 4368, 19.0
0, 4369, 19.25
0, 4370, 19.5
0, 4371, 19.75
0, 4372, 20.0
0, 4373, 20.25
0, 4374, 20.5
0, 4375, 20.75
0, 4376, 21.0
0, 4377, 21.25
0, 4378, 21.5
0, 4379, 21.75
0, 4380, 22.0
0, 4381, 22.25
0, 4382, 22.0
0, 4383, 21.75
0, 4384, 21.5
0, 4385, 21.25
0, 4386, 21.0
0, 4387, 20.75
0, 4388, 20.5
0, 4389, 20.25
0, 4390, 20.0
0, 4391, 19.75
0, 4392, 19.5
0, 4393, 19.25
0, 4394, 19.0
0, 4395, 18.75
0, 4396, 18.5
0, 4397, 18.25
0, 4398, 18.0
0, 4399, 17.75
0, 4400, 17.5
0, 4401, 17.25
0, 4402, 17.0
0, 4403, 16.75
0, 4404, 16.5
0, 4405, 16.25
0, 4406, 16.0
0, 4407, 15.75
0, 4408, 15.5
0, 4409, 15.25
0, 4410, 15.0
0, 4411, 14.75
0, 4412, 14.5
0, 4413, 14.25
0, 4414, 14.0
0, 4415, 13.75
0, 4416, 13.5
0, 4417, 13.25
0, 4418, 13.0
0, 4419, 12.75
0, 4420, 12.5
0, 4421, 12.25
0, 4422, 12.0
0, 4423, 11.75
0, 4424, 11.5
0, 4425, 11.25
0, 4426, 11.0
0, 4427, 10.75
0, 4428, 10.5
0, 4429, 10.25
0, 4430, 10.0
0, 4431, 9.75
0, 4432, 9.5
0, 4433, 9.25
0, 4434, 9.0
0, 4435, 8.75
0, 4436, 8.5
0, 4437, 8.25
0, 4438, 8.0
0, 4439, 7.75
0, 4440, 7.5
0, 4441, 7.25
0, 4442, 7.0
0, 4443, 6.75
0, 4444, 6.5
0, 4445, 6.25
0, 4446, 6.0
0, 4447, 5.75
0, 4448, 5.5
0, 4449, 5.25
0, 4450, 5.0
0, 4451, 4.75
0, 4452, 4.5
0, 4453, 4.25
0, 4454, 4.0
0, 4455, 3.75
0, 4456, 3.5
0, 4457, 3.25
0, 4458, 3.0
0, 4459, 2.75
0, 4460, 2.5
0, 4461, 2.25
0, 4462, 2.0
0, 4463, 1.75
0, 4464, 1.5
0, 4465, 1.25
0, 4466, 1.0
0, 4467, 0.75
0, 4468, 0.75
0, 4469, 0.75
0, 4470, 0.75
0, 4471, 0.75
0, 4472, 0.75
0, 4473, 0.75
0, 4474, 0.75
0, 4475, 0.75
0, 4476, 0.75
0, 4477, 0.75
0, 4478, 0.75
0, 4479, 0.75
0, 4480, 0.75
0, 4481, 0.75
0, 4482, 0.75
0, 4483, 0.75
0, 4484, 0.75
0, 4485, 0.75
0, 4486, 0.75
0, 4487, 0.75
0, 4488, 0.75
0, 4489, 0.75
0, 4490, 0.75
0, 4491, 0.75
0, 4492, 0.75
0, 4493, 0.75
0, 4494, 0.75
0, 4495, 0.75
0, 4496, 0.75
0, 4497, 0.75
0, 4498, 0.75
0, 4499, 0.75
0, 4500, 0.75
0, 4501, 0.75
0, 4502, 0.75
0, 4503, 0.75
0, 4504, 0.75
0, 4505, 0.75
0, 4506, 1.0
0, 4507, 0.75
0, 4508, 0.75
0, 4509, 0.75
0, 4510, 0.75
0, 4511, 1.0
0, 4512, 1.25
0, 4513, 1.5
0, 4514, 1.75
0, 4515, 2.0
0, 4516, 2.25
0, 4517, 2.0
0, 4518, 2.25
0, 4519, 2.5
0, 4520, 2.75
0, 4521, 3.0
0, 4522, 3.25
0, 4523, 3.5
0, 4524, 3.75
0, 4525, 4.0
0, 4526, 4.25
0, 4527, 4.5
0, 4528, 4.75
0, 4529, 5.0
0, 4530, 5.25
0, 4531, 5.5
0, 4532, 5.75
0, 4533, 6.0
0, 4534, 6.25
0, 4535, 6.5
0, 4536, 6.75
0, 4537, 7.0
0, 4538, 7.25
0, 4539, 7.5
0, 4540, 7.75
0, 4541, 8.0
0, 4542, 8.25
0, 4543, 8.5
0, 4544, 8.75
0, 4545, 9.0
0, 4546, 9.25
0, 4547, 9.5
0, 4548, 9.75
0, 4549, 10.0
0, 4550, 10.25
0, 4551, 10.5
0, 4552, 10.75
0, 4553, 11.0
0, 4554, 11.25
0, 4555, 11.5
0, 4556, 11.75
0, 4557, 12.0
0, 4558, 11.75
0, 4559, 11.5
0, 4560, 11.25
0, 4561, 11.5
0, 4562, 11.75
0, 4563, 12.0
0, 4564, 11.75
0, 4565, 11.5
0, 4566, 11.25
0, 4567, 11.0
0, 4568, 10.75
0, 4569, 10.5
0, 4570, 10.25
0, 4571, 10.0
0, 4572, 9.75
0, 4573, 9.5
0, 4574, 9.25
0, 4575, 9.0
0, 4576, 8.75
0, 4577, 8.5
0, 4578, 8.25
0, 4579, 8.0
0, 4580, 7.75
0, 4581, 7.5
0, 4582, 7.25
0, 4583, 7.0
0, 4584, 6.75
0, 4585, 6.5
0, 4586, 6.25
0, 4587, 6.0
0, 4588, 5.75
0, 4589, 5.5
0, 4590, 5.25
0, 4591, 5.0
0, 4592, 4.75
0, 4593, 4.5
0, 4594, 4.25
0, 4595, 4.0
0, 4596, 3.75
0, 4597, 3.5
0, 4598, 3.25
0, 4599, 3.0
0, 4600, 2.75
0, 4601, 2.5
0, 4602, 2.25
0, 4603, 2.0
0, 4604, 1.75
0, 4605, 1.5
0, 4606, 1.25
0, 4607, 1.0
0, 4608, 0.75
0, 4609, 0.75
0, 4610, 0.75
0, 4611, 0.75
0, 4612, 0.75
0, 4613, 0.75
0, 4614, 0.75
0, 4615, 0.75
0, 4616, 0.75
0, 4617, 0.75
0, 4618, 0.75
0, 4619, 0.75
0, 4620, 0.75
0, 4621, 0.75
0, 4622, 0.75
0, 4623, 0.75
0, 4624, 0.75
0, 4625, 0.75
0, 4626, 0.75
0, 4627, 0.75
0, 4628, 0.75
0, 4629, 0.75
0, 4630, 0.75
0, 4631, 0.75
0, 4632, 1.0
0, 4633, 1.25
0, 4634, 1.0
0, 4635, 0.75
0, 4636, 0.75
0, 4637, 1.0
0, 4638, 1.25
0, 4639, 1.5
0, 4640, 1.75
0, 4641, 2.0
0, 4642, 2.25
0, 4643, 2.0
0, 4644, 2.25
0, 4645, 2.5
0, 4646, 2.75
0, 4647, 3.0
0, 4648, 3.25
0, 4649, 3.5
0, 4650, 3.75
0, 4651, 4.0
0, 4652, 4.25
0, 4653, 4.5
0, 4654, 4.75
0, 4655, 5.0
0, 4656, 5.25
0, 4657, 5.5
0, 4658, 5.75
0, 4659, 6.0
0, 4660, 6.25
0, 4661, 6.5
0, 4662, 6.75
0, 4663, 7.0
0, 4664, 7.25
0, 4665, 7.5
0, 4666, 7.75
0, 4667, 8.0
0, 4668, 8.25
0, 4669, 8.5
0, 4670, 8.75
0, 4671, 9.0
0, 4672, 9.25
0, 4673, 9.5
0, 4674, 9.75
0, 4675, 10.0
0, 4676, 10.25
0, 4677, 10.5
0, 4678, 10.75
0, 4679, 11.0
0, 4680, 11.25
0, 4681, 11.5
0, 4682, 11.75
0, 4683, 12.0
0, 4684, 12.25
0, 4685, 12.5
0, 4686, 12.75
0, 4687, 13.0
0, 4688, 13.25
0, 4689, 13.5
0, 4690, 13.75
0, 4691, 14.0
0, 4692, 14.25
0, 4693, 14.5
0, 4694, 14.75
0, 4695, 15.0
0, 4696, 15.25
0, 4697, 15.5
0, 4698, 15.75
0, 4699, 16.0
0, 4700, 16.25
0, 4701, 16.5
0, 4702, 16.75
0, 4703, 17.0
0, 4704, 17.25
0, 4705, 17.0
0, 4706, 16.75
0, 4707, 17.0
0, 4708, 17.25
0, 4709, 17.5
0, 4710, 17.75
0, 4711, 17.5
0, 4712, 17.25
0, 4713, 17.0
0, 4714, 16.75
0, 4715, 16.5
0, 4716, 16.25
0, 4717, 16.0
0, 4718, 15.75
0, 4719, 15.5
0, 4720, 15.25
0, 4721, 15.0
0, 4722, 14.75
0, 4723, 14.5
0, 4724, 14.25
0, 4725, 14.0
0, 4726, 13.75
0, 4727, 13.5
0, 4728, 13.25
0, 4729, 13.0
0, 4730, 12.75
0, 4731, 12.5
0, 4732, 12.25
0, 4733, 12.0
0, 4734, 11.75
0, 4735, 11.5
0, 4736, 11.25
0, 4737, 11.0
0, 4738, 10.75
0, 4739, 10.5
0, 4740, 10.25
0, 4741, 10.0
0, 4742, 9.75
0, 4743, 9.5
0, 4744, 9.25
0, 4745, 9.0
0, 4746, 8.75
0, 4747, 8.5
0, 4748, 8.25
0, 4749, 8.0
0, 4750, 7.75
0, 4751, 7.5
0, 4752, 7.25
0, 4753, 7.0
0, 4754, 6.75
0, 4755, 6.5
0, 4756, 6.25
0, 4757, 6.0
0, 4758, 5.75
0, 4759, 5.5
0, 4760, 5.25
0, 4761, 5.0
0, 4762, 4.75
0, 4763, 4.5
0, 4764, 4.25
0, 4765, 4.0
0, 4766, 3.75
0, 4767, 3.5
0, 4768, 3.25
0, 4769, 3.0
0, 4770, 2.75
0, 4771, 2.5
0, 4772, 2.25
0, 4773, 2.0
0, 4774, 1.75
0, 4775, 1.5
0, 4776, 1.25
0, 4777, 1.0
0, 4778, 0.75
0, 4779, 0.75
0, 4780, 0.75
0, 4781, 0.75
0, 4782, 0.75
0, 4783, 0.75
0, 4784, 0.75
0, 4785, 0.75
0, 4786, 0.75
0, 4787, 0.75
0, 4788, 0.75
0, 4789, 0.75
0, 4790, 0.75
0, 4791, 0.75
0, 4792, 0.75
0, 4793, 0.75
0, 4794, 0.75
0, 4795, 0.75
0, 4796, 0.75
0, 4797, 0.75
0, 4798, 0.75
0, 4799, 0.75
0, 4800, 0.75
0, 4801, 0.75
0, 4802, 0.75
0, 4803, 0.75
0, 4804, 0.75
0, 4805, 0.75
0, 4806, 0.75
0, 4807, 0.75
0, 4808, 0.75
0, 4809, 0.75
0, 4810, 0.75
0, 4811, 0.75
0, 4812, 0.75
0, 4813, 0.75
0, 4814, 0.75
0, 4815, 0.75
0, 4816, 0.75
0, 4817, 0.75
0, 4818, 0.75
0, 4819, 0.75
0, 4820, 0.75
0, 4821, 0.75
0, 4822, 0.75
0, 4823, 0.75
0, 4824, 0.75
0, 4825, 0.75
0, 4826, 0.75
0, 4827, 0.75
0, 4828, 0.75
0, 4829, 0.75
0, 4830, 0.75
0, 4831, 0.75
0, 4832, 0.75
0, 4833, 0.75
0, 4834, 0.75
0, 4835, 0.75
0, 4836, 0.75
0, 4837, 0.75
0, 4838, 0.75
0, 4839, 0.75
0, 4840, 0.75
0, 4841, 0.75
0, 4842, 0.75
0, 4843, 0.75
0, 4844, 0.75
0, 4845, 0.75
0, 4846, 0.75
0, 4847, 0.75
0, 4848, 0.75
0, 4849, 0.75
0, 4850, 1.0
0, 4851, 1.25
0, 4852, 1.0
0, 4853, 0.75
0, 4854, 0.75
0, 4855, 1.0
0, 4856, 1.25
0, 4857, 1.5
0, 4858, 1.75
0, 4859, 2.0
0, 4860, 2.25
0, 4861, 2.5
0, 4862, 2.75
0, 4863, 3.0
0, 4864, 3.25
0, 4865, 3.5
0, 4866, 3.75
0, 4867, 4.0
0, 4868, 4.25
0, 4869, 4.5
0, 4870, 4.75
0, 4871, 5.0
0, 4872, 5.25
0, 4873, 5.5
0, 4874, 5.75
0, 4875, 6.0
0, 4876, 6.25
0, 4877, 6.5
0, 4878, 6.75
0, 4879, 7.0
0, 4880, 7.25
0, 4881, 7.5
0, 4882, 7.75
0, 4883, 8.0
0, 4884, 8.25
0, 4885, 8.5
0, 4886, 8.75
0, 4887, 9.0
0, 4888, 9.25
0, 4889, 9.5
0, 4890, 9.75
0, 4891, 10.0
0, 4892, 10.25
0, 4893, 10.5
0, 4894, 10.75
0, 4895, 11.0
0, 4896, 11.25
0, 4897, 11.5
0, 4898, 11.75
0, 4899, 12.0
0, 4900, 12.25
0, 4901, 12.5
0, 4902, 12.75
0, 4903, 13.0
0, 4904, 13.25
0, 4905, 13.5
0, 4906, 13.75
0, 4907, 14.0
0, 4908, 14.25
0, 4909, 14.5
0, 4910, 14.75
0, 4911, 15.0
0, 4912, 15.25
0, 4913, 15.5
0, 4914, 15.75
0, 4915, 16.0
0, 4916, 16.25
0, 4917, 16.5
0, 4918, 16.75
0, 4919, 17.0
0, 4920, 17.25
0, 4921, 17.5
0, 4922, 17.75
0, 4923, 18.0
0, 4924, 18.25
0, 4925, 18.5
0, 4926, 18.75
0, 4927, 19.0
0, 4928, 19.25
0, 4929, 19.5
0, 4930, 19.75
0, 4931, 20.0
0, 4932, 20.25
0, 4933, 20.5
0, 4934, 20.75
0, 4935, 20.5
0, 4936, 20.25
0, 4937, 20.0
0, 4938, 19.75
0, 4939, 19.5
0, 4940, 19.25
0, 4941, 19.0
0, 4942, 18.75
0, 4943, 18.5
0, 4944, 18.25
0, 4945, 18.0
0, 4946, 17.75
0, 4947, 17.5
0, 4948, 17.25
0, 4949, 17.0
0, 4950, 16.75
0, 4951, 16.5
0, 4952, 16.25
0, 4953, 16.0
0, 4954, 15.75
0, 4955, 15.5
0, 4956, 15.25
0, 4957, 15.0
0, 4958, 14.75
0, 4959, 14.5
0, 4960, 14.25
0, 4961, 14.0
0, 4962, 13.75
0, 4963, 13.5
0, 4964, 13.25
0, 4965, 13.0
0, 4966, 12.75
0, 4967, 12.5
0, 4968, 12.25
0, 4969, 12.0
0, 4970, 11.75
0, 4971, 11.5
0, 4972, 11.25
0, 4973, 11.0
0, 4974, 10.75
0, 4975, 10.5
0, 4976, 10.25
0, 4977, 10.0
0, 4978, 9.75
0, 4979, 9.5
0, 4980, 9.25
0, 4981, 9.0
0, 4982, 8.75
0, 4983, 8.5
0, 4984, 8.25
0, 4985, 8.0
0, 4986, 7.75
0, 4987, 7.5
0, 4988, 7.25
0, 4989, 7.0
0, 4990, 6.75
0, 4991, 6.5
0, 4992, 6.25
0, 4993, 6.0
0, 4994, 5.75
0, 4995, 5.5
0, 4996, 5.25
0, 4997, 5.0
0, 4998, 4.75
0, 4999, 4.5
