Replication, Day, Arrival Amount
0, 0, 30.0
0, 1, 30.25
0, 2, 30.5
0, 3, 30.75
0, 4, 31.0
0, 5, 31.25
0, 6, 31.5
0, 7, 31.75
0, 8, 32.0
0, 9, 32.25
0, 10, 32.5
0, 11, 32.75
0, 12, 33.0
0, 13, 33.25
0, 14, 33.5
0, 15, 33.75
0, 16, 34.0
0, 17, 34.25
0, 18, 34.5
0, 19, 34.75
0, 20, 35.0
0, 21, 35.25
0, 22, 35.5
0, 23, 35.75
0, 24, 36.0
0, 25, 36.25
0, 26, 36.5
0, 27, 36.75
0, 28, 37.0
0, 29, 37.25
0, 30, 37.5
0, 31, 37.75
0, 32, 38.0
0, 33, 38.25
0, 34, 38.5
0, 35, 38.75
0, 36, 39.0
0, 37, 39.25
0, 38, 39.5
0, 39, 39.75
0, 40, 40.0
0, 41, 40.25
0, 42, 40.5
0, 43, 40.75
0, 44, 41.0
0, 45, 41.25
0, 46, 41.5
0, 47, 41.75
0, 48, 42.0
0, 49, 42.25
0, 50, 42.5
0, 51, 42.75
0, 52, 43.0
0, 53, 43.25
0, 54, 43.5
0, 55, 43.75
0, 56, 44.0
0, 57, 44.25
0, 58, 44.5
0, 59, 44.75
0, 60, 45.0
0, 61, 45.25
0, 62, 45.5
0, 63, 45.75
0, 64, 46.0
0, 65, 46.25
0, 66, 46.5
0, 67, 46.75
0, 68, 47.0
0, 69, 47.25
0, 70, 47.5
0, 71, 47.75
0, 72, 48.0
0, 73, 48.25
0, 74, 48.5
0, 75, 48.75
0, 76, 49.0
0, 77, 49.25
0, 78, 49.5
0, 79, 49.75
0, 80, 50.0
0, 81, 50.25
0, 82, 50.5
0, 83, 50.75
0, 84, 51.0
0, 85, 51.25
0, 86, 51.5
0, 87, 51.75
0, 88, 52.0
0, 89, 52.25
0, 90, 52.5
0, 91, 52.75
0, 92, 53.0
0, 93, 53.25
0, 94, 53.5
0, 95, 53.75
0, 96, 54.0
0, 97, 54.25
0, 98, 54.5
0, 99, 54.75
0, 100, 55.0
0, 101, 55.25
0, 102, 55.5
0, 103, 55.75
0, 104, 56.0
0, 105, 56.25
0, 106, 56.5
0, 107, 56.75
0, 108, 57.0
0, 109, 57.25
0, 110, 57.5
0, 111, 57.75
0, 112, 58.0
0, 113, 58.25
0, 114, 58.5
0, 115, 58.75
0, 116, 59.0
0, 117, 59.25
0, 118, 59.5
0, 119, 59.75
0, 120, 60.0
0, 121, 60.25
0, 122, 60.5
0, 123, 60.75
0, 124, 61.0
0, 125, 61.25
0, 126, 61.5
0, 127, 61.75
0, 128, 62.0
0, 129, 62.25
0, 130, 62.5
0, 131, 62.75
0, 132, 63.0
0, 133, 63.25
0, 134, 63.5
0, 135, 63.75
0, 136, 64.0
0, 137, 64.25
0, 138, 64.5
0, 139, 64.75
0, 140, 65.0
0, 141, 65.25
0, 142, 65.5
0, 143, 65.75
0, 144, 66.0
0, 145, 66.25
0, 146, 66.5
0, 147, 66.75
0, 148, 67.0
0, 149, 67.25
0, 150, 67.5
0, 151, 67.75
0, 152, 68.0
0, 153, 68.25
0, 154, 68.5
0, 155, 68.75
0, 156, 69.0
0, 157, 69.25
0, 158, 69.5
0, 159, 69.75
0, 160, 70.0
0, 161, 70.25
0, 162, 70.5
0, 163, 70.75
0, 164, 71.0
0, 165, 71.25
0, 166, 71.5
0, 167, 71.75
0, 168, 72.0
0, 169, 72.25
0, 170, 72.5
0, 171, 72.75
0, 172, 73.0
0, 173, 73.25
0, 174, 73.5
0, 175, 73.75
0, 176, 74.0
0, 177, 74.25
0, 178, 74.5
0, 179, 74.75
0, 180, 75.0
0, 181, 75.25
0, 182, 75.5
0, 183, 75.75
0, 184, 76.0
0, 185, 76.25
0, 186, 76.5
0, 187, 76.75
0, 188, 77.0
0, 189, 77.25
0, 190, 77.5
0, 191, 77.75
0, 192, 78.0
0, 193, 78.25
0, 194, 78.5
0, 195, 78.75
0, 196, 79.0
0, 197, 79.25
0, 198, 79.5
0, 199, 79.75
0, 200, 80.0
0, 201, 80.25
0, 202, 80.5
0, 203, 80.75
0, 204, 81.0
0, 205, 81.25
0, 206, 81.5
0, 207, 81.75
0, 208, 82.0
0, 209, 82.25
0, 210, 82.5
0, 211, 82.75
0, 212, 83.0
0, 213, 83.25
0, 214, 83.5
0, 215, 83.75
0, 216, 84.0
0, 217, 84.25
0, 218, 84.5
0, 219, 84.75
0, 220, 85.0
0, 221, 85.25
0, 222, 85.5
0, 223, 85.75
0, 224, 86.0
0, 225, 86.25
0, 226, 86.5
0, 227, 86.75
0, 228, 87.0
0, 229, 87.25
0, 230, 87.5
0, 231, 87.75
0, 232, 88.0
0, 233, 88.25
0, 234, 88.5
0, 235, 88.75
0, 236, 89.0
0, 237, 89.25
0, 238, 89.5
0, 239, 89.25
0, 240, 89.0
0, 241, 88.75
0, 242, 88.5
0, 243, 88.75
0, 244, 89.0
0, 245, 88.75
0, 246, 88.5
0, 247, 88.25
0, 248, 88.0
0, 249, 87.75
0, 250, 87.5
0, 251, 87.25
0, 252, 87.0
0, 253, 86.75
0, 254, 86.5
0, 255, 86.25
0, 256, 86.0
0, 257, 85.75
0, 258, 85.5
0, 259, 85.25
0, 260, 85.0
0, 261, 84.75
0, 262, 84.5
0, 263, 84.25
0, 264, 84.0
0, 265, 83.75
0, 266, 83.5
0, 267, 83.25
0, 268, 83.0
0, 269, 82.75
0, 270, 82.5
0, 271, 82.25
0, 272, 82.0
0, 273, 81.75
0, 274, 81.5
0, 275, 81.25
0, 276, 81.0
0, 277, 80.75
0, 278, 80.5
0, 279, 80.25
0, 280, 80.0
0, 281, 79.75
0, 282, 79.5
0, 283, 79.25
0, 284, 79.0
0, 285, 78.75
0, 286, 78.5
0, 287, 78.25
0, 288, 78.0
0, 289, 77.75
0, 290, 77.5
0, 291, 77.25
0, 292, 77.0
0, 293, 76.75
0, 294, 76.5
0, 295, 76.25
0, 296, 76.0
0, 297, 75.75
0, 298, 75.5
0, 299, 75.25
0, 300, 75.0
0, 301, 74.75
0, 302, 74.5
0, 303, 74.25
0, 304, 74.0
0, 305, 73.75
0, 306, 73.5
0, 307, 73.25
0, 308, 73.0
0, 309, 72.75
0, 310, 72.5
0, 311, 72.25
0, 312, 72.0
0, 313, 71.75
0, 314, 71.5
0, 315, 71.25
0, 316, 71.0
0, 317, 70.75
0, 318, 70.5
0, 319, 70.25
0, 320, 70.0
0, 321, 69.75
0, 322, 69.5
0, 323, 69.25
0, 324, 69.0
0, 325, 68.75
0, 326, 68.5
0, 327, 68.25
0, 328, 68.0
0, 329, 67.75
0, 330, 67.5
0, 331, 67.25
0, 332, 67.0
0, 333, 66.75
0, 334, 66.5
0, 335, 66.25
0, 336, 66.0
0, 337, 65.75
0, 338, 65.5
0, 339, 65.25
0, 340, 65.0
0, 341, 64.75
0, 342, 64.5
0, 343, 64.25
0, 344, 64.0
0, 345, 63.75
0, 346, 63.5
0, 347, 63.25
0, 348, 63.0
0, 349, 62.75
0, 350, 62.5
0, 351, 62.25
0, 352, 62.0
0, 353, 61.75
0, 354, 61.5
0, 355, 61.25
0, 356, 61.0
0, 357, 60.75
0, 358, 60.5
0, 359, 60.25
0, 360, 60.0
0, 361, 59.75
0, 362, 59.5
0, 363, 59.25
0, 364, 59.0
0, 365, 58.75
0, 366, 58.5
0, 367, 58.25
0, 368, 58.0
0, 369, 57.75
0, 370, 57.5
0, 371, 57.25
0, 372, 57.0
0, 373, 56.75
0, 374, 56.5
0, 375, 56.25
0, 376, 56.0
0, 377, 55.75
0, 378, 55.5
0, 379, 55.25
0, 380, 55.0
0, 381, 54.75
0, 382, 54.5
0, 383, 54.25
0, 384, 54.0
0, 385, 53.75
0, 386, 53.5
0, 387, 53.25
0, 388, 53.0
0, 389, 52.75
0, 390, 52.5
0, 391, 52.25
0, 392, 52.0
0, 393, 51.75
0, 394, 51.5
0, 395, 51.25
0, 396, 51.0
0, 397, 50.75
0, 398, 50.5
0, 399, 50.25
0, 400, 50.0
0, 401, 49.75
0, 402, 49.5
0, 403, 49.25
0, 404, 49.0
0, 405, 48.75
0, 406, 48.5
0, 407, 48.25
0, 408, 48.0
0, 409, 47.75
0, 410, 47.5
0, 411, 47.25
0, 412, 47.0
0, 413, 46.75
0, 414, 46.5
0, 415, 46.25
0, 416, 46.0
0, 417, 45.75
0, 418, 45.5
0, 419, 45.25
0, 420, 45.0
0, 421, 44.75
0, 422, 44.5
0, 423, 44.25
0, 424, 44.0
0, 425, 43.75
0, 426, 43.5
0, 427, 43.25
0, 428, 43.0
0, 429, 42.75
0, 430, 42.5
0, 431, 42.25
0, 432, 42.0
0, 433, 41.75
0, 434, 41.5
0, 435, 41.25
0, 436, 41.0
0, 437, 40.75
0, 438, 40.5
0, 439, 40.25
0, 440, 40.0
0, 441, 39.75
0, 442, 39.5
0, 443, 39.25
0, 444, 39.0
0, 445, 38.75
0, 446, 38.5
0, 447, 38.25
0, 448, 38.0
0, 449, 37.75
0, 450, 37.5
0, 451, 37.25
0, 452, 37.0
0, 453, 36.75
0, 454, 36.5
0, 455, 36.25
0, 456, 36.0
0, 457, 35.75
0, 458, 35.5
0, 459, 35.25
0, 460, 35.0
0, 461, 34.75
0, 462, 34.5
0, 463, 34.25
0, 464, 34.0
0, 465, 33.75
0, 466, 33.5
0, 467, 33.25
0, 468, 33.0
0, 469, 32.75
0, 470, 32.5
0, 471, 32.25
0, 472, 32.0
0, 473, 31.75
0, 474, 31.5
0, 475, 31.25
0, 476, 31.0
0, 477, 30.75
0, 478, 30.5
0, 479, 30.25
0, 480, 30.0
0, 481, 29.75
0, 482, 29.5
0, 483, 29.25
0, 484, 29.0
0, 485, 28.75
0, 486, 28.5
0, 487, 28.25
0, 488, 28.0
0, 489, 27.75
0, 490, 27.5
0, 491, 27.25
0, 492, 27.0
0, 493, 26.75
0, 494, 26.5
0, 495, 26.25
0, 496, 26.0
0, 497, 25.75
0, 498, 25.5
0, 499, 25.25
0, 500, 25.0
0, 501, 24.75
0, 502, 24.5
0, 503, 24.25
0, 504, 24.0
0, 505, 23.75
0, 506, 23.5
0, 507, 23.25
0, 508, 23.0
0, 509, 22.75
0, 510, 22.5
0, 511, 22.25
0, 512, 22.0
0, 513, 21.75
0, 514, 21.5
0, 515, 21.25
0, 516, 21.0
0, 517, 20.75
0, 518, 20.5
0, 519, 20.25
0, 520, 20.0
0, 521, 19.75
0, 522, 19.5
0, 523, 19.25
0, 524, 19.0
0, 525, 18.75
0, 526, 18.5
0, 527, 18.25
0, 528, 18.0
0, 529, 17.75
0, 530, 17.5
0, 531, 17.25
0, 532, 17.0
0, 533, 16.75
0, 534, 16.5
0, 535, 16.25
0, 536, 16.0
0, 537, 15.75
0, 538, 15.5
0, 539, 15.25
0, 540, 15.0
0, 541, 14.75
0, 542, 14.5
0, 543, 14.25
0, 544, 14.0
0, 545, 13.75
0, 546, 13.5
0, 547, 13.25
0, 548, 13.0
0, 549, 12.75
0, 550, 12.5
0, 551, 12.25
0, 552, 12.0
0, 553, 11.75
0, 554, 11.5
0, 555, 11.25
0, 556, 11.0
0, 557, 10.75
0, 558, 10.5
0, 559, 10.25
0, 560, 10.0
0, 561, 9.75
0, 562, 9.5
0, 563, 9.25
0, 564, 9.0
0, 565, 8.75
0, 566, 8.5
0, 567, 8.25
0, 568, 8.0
0, 569, 7.75
0, 570, 7.5
0, 571, 7.25
0, 572, 7.0
0, 573, 6.75
0, 574, 6.5
0, 575, 6.25
0, 576, 6.0
0, 577, 5.75
0, 578, 5.5
0, 579, 5.25
0, 580, 5.0
0, 581, 4.75
0, 582, 4.5
0, 583, 4.25
0, 584, 4.0
0, 585, 3.75
0, 586, 3.5
0, 587, 3.25
0, 588, 3.0
0, 589, 2.75
0, 590, 2.5
0, 591, 2.25
0, 592, 2.0
0, 593, 1.75
0, 594, 1.5
0, 595, 1.25
0, 596, 1.0
0, 597, 0.75
0, 598, 0.75
0, 599, 0.75
0, 600, 0.75
0, 601, 0.75
0, 602, 0.75
0, 603, 0.75
0, 604, 0.75
0, 605, 0.75
0, 606, 0.75
0, 607, 0.75
0, 608, 0.75
0, 609, 0.75
0, 610, 0.75
0, 611, 0.75
0, 612, 0.75
0, 613, 0.75
0, 614, 0.75
0, 615, 0.75
0, 616, 0.75
0, 617, 0.75
0, 618, 0.75
0, 619, 0.75
0, 620, 0.75
0, 621, 0.75
0, 622, 0.75
0, 623, 0.75
0, 624, 0.75
0, 625, 0.75
0, 626, 0.75
0, 627, 0.75
0, 628, 0.75
0, 629, 0.75
0, 630, 0.75
0, 631, 0.75
0, 632, 0.75
0, 633, 0.75
0, 634, 0.75
0, 635, 0.75
0, 636, 0.75
0, 637, 0.75
0, 638, 0.75
0, 639, 0.75
0, 640, 0.75
0, 641, 0.75
0, 642, 0.75
0, 643, 0.75
0, 644, 0.75
0, 645, 0.75
0, 646, 0.75
0, 647, 0.75
0, 648, 0.75
0, 649, 0.75
0, 650, 0.75
0, 651, 0.75
0, 652, 0.75
0, 653, 0.75
0, 654, 0.75
0, 655, 0.75
0, 656, 0.75
0, 657, 0.75
0, 658, 0.75
0, 659, 0.75
0, 660, 0.75
0, 661, 0.75
0, 662, 0.75
0, 663, 0.75
0, 664, 0.75
0, 665, 0.75
0, 666, 0.75
0, 667, 0.75
0, 668, 0.75
0, 669, 0.75
0, 670, 0.75
0, 671, 0.75
0, 672, 0.75
0, 673, 0.75
0, 674, 0.75
0, 675, 0.75
0, 676, 0.75
0, 677, 0.75
0, 678, 0.75
0, 679, 0.75
0, 680, 0.75
0, 681, 0.75
0, 682, 0.75
0, 683, 0.75
0, 684, 0.75
0, 685, 0.75
0, 686, 0.75
0, 687, 0.75
0, 688, 0.75
0, 689, 0.75
0, 690, 0.75
0, 691, 0.75
0, 692, 0.75
0, 693, 0.75
0, 694, 0.75
0, 695, 0.75
0, 696, 0.75
0, 697, 0.75
0, 698, 0.75
0, 699, 0.75
0, 700, 0.75
0, 701, 0.75
0, 702, 0.75
0, 703, 0.75
0, 704, 0.75
0, 705, 0.75
0, 706, 0.75
0, 707, 0.75
0, 708, 0.75
0, 709, 0.75
0, 710, 0.75
0, 711, 0.75
0, 712, 0.75
0, 713, 0.75
0, 714, 0.75
0, 715, 0.75
0, 716, 0.75
0, 717, 0.75
0, 718, 0.75
0, 719, 0.75
0, 720, 0.75
0, 721, 0.75
0, 722, 0.75
0, 723, 0.75
0, 724, 0.75
0, 725, 0.75
0, 726, 0.75
0, 727, 0.75
0, 728, 0.75
0, 729, 0.75
0, 730, 0.75
0, 731, 0.75
0, 732, 0.75
0, 733, 0.75
0, 734, 0.75
0, 735, 0.75
0, 736, 0.75
0, 737, 0.75
0, 738, 0.75
0, 739, 0.75
0, 740, 0.75
0, 741, 0.75
0, 742, 0.75
0, 743, 0.75
0, 744, 0.75
0, 745, 0.75
0, 746, 0.75
0, 747, 0.75
0, 748, 0.75
0, 749, 0.75
0, 750, 0.75
0, 751, 0.75
0, 752, 0.75
0, 753, 0.75
0, 754, 0.75
0, 755, 0.75
0, 756, 0.75
0, 757, 0.75
0, 758, 0.75
0, 759, 0.75
0, 760, 0.75
0, 761, 0.75
0, 762, 0.75
0, 763, 0.75
0, 764, 0.75
0, 765, 0.75
0, 766, 0.75
0, 767, 0.75
0, 768, 0.75
0, 769, 0.75
0, 770, 0.75
0, 771, 0.75
0, 772, 0.75
0, 773, 0.75
0, 774, 0.75
0, 775, 0.75
0, 776, 0.75
0, 777, 0.75
0, 778, 0.75
0, 779, 0.75
0, 780, 0.75
0, 781, 0.75
0, 782, 0.75
0, 783, 0.75
0, 784, 0.75
0, 785, 0.75
0, 786, 0.75
0, 787, 0.75
0, 788, 0.75
0, 789, 0.75
0, 790, 0.75
0, 791, 0.75
0, 792, 0.75
0, 793, 0.75
0, 794, 0.75
0, 795, 0.75
0, 796, 0.75
0, 797, 0.75
0, 798, 0.75
0, 799, 0.75
0, 800, 0.75
0, 801, 0.75
0, 802, 0.75
0, 803, 0.75
0, 804, 0.75
0, 805, 0.75
0, 806, 0.75
0, 807, 0.75
0, 808, 0.75
0, 809, 0.75
0, 810, 0.75
0, 811, 0.75
0, 812, 0.75
0, 813, 0.75
0, 814, 0.75
0, 815, 0.75
0, 816, 0.75
0, 817, 0.75
0, 818, 0.75
0, 819, 0.75
0, 820, 0.75
0, 821, 0.75
0, 822, 0.75
0, 823, 0.75
0, 824, 0.75
0, 825, 0.75
0, 826, 0.75
0, 827, 0.75
0, 828, 0.75
0, 829, 0.75
0, 830, 0.75
0, 831, 0.75
0, 832, 0.75
0, 833, 0.75
0, 834, 0.75
0, 835, 0.75
0, 836, 0.75
0, 837, 0.75
0, 838, 0.75
0, 839, 0.75
0, 840, 0.75
0, 841, 0.75
0, 842, 0.75
0, 843, 0.75
0, 844, 0.75
0, 845, 0.75
0, 846, 0.75
0, 847, 0.75
0, 848, 0.75
0, 849, 0.75
0, 850, 0.75
0, 851, 0.75
0, 852, 0.75
0, 853, 0.75
0, 854, 0.75
0, 855, 0.75
0, 856, 0.75
0, 857, 0.75
0, 858, 0.75
0, 859, 0.75
0, 860, 0.75
0, 861, 0.75
0, 862, 0.75
0, 863, 0.75
0, 864, 0.75
0, 865, 0.75
0, 866, 0.75
0, 867, 0.75
0, 868, 0.75
0, 869, 0.75
0, 870, 0.75
0, 871, 0.75
0, 872, 0.75
0, 873, 0.75
0, 874, 0.75
0, 875, 0.75
0, 876, 0.75
0, 877, 0.75
0, 878, 0.75
0, 879, 0.75
0, 880, 0.75
0, 881, 0.75
0, 882, 0.75
0, 883, 0.75
0, 884, 0.75
0, 885, 0.75
0, 886, 0.75
0, 887, 0.75
0, 888, 0.75
0, 889, 0.75
0, 890, 0.75
0, 891, 0.75
0, 892, 0.75
0, 893, 0.75
0, 894, 0.75
0, 895, 0.75
0, 896, 0.75
0, 897, 0.75
0, 898, 0.75
0, 899, 0.75
0, 900, 1.0
0, 901, 1.25
0, 902, 1.5
0, 903, 1.25
0, 904, 1.0
0, 905, 0.75
0, 906, 1.0
0, 907, 1.25
0, 908, 1.5
0, 909, 1.75
0, 910, 2.0
0, 911, 2.25
0, 912, 2.5
0, 913, 2.75
0, 914, 3.0
0, 915, 3.25
0, 916, 3.5
0, 917, 3.75
0, 918, 4.0
0, 919, 4.25
0, 920, 4.5
0, 921, 4.75
0, 922, 5.0
0, 923, 5.25
0, 924, 5.5
0, 925, 5.75
0, 926, 6.0
0, 927, 6.25
0, 928, 6.5
0, 929, 6.75
0, 930, 7.0
0, 931, 7.25
0, 932, 7.5
0, 933, 7.75
0, 934, 8.0
0, 935, 8.25
0, 936, 8.5
0, 937, 8.75
0, 938, 9.0
0, 939, 9.25
0, 940, 9.5
0, 941, 9.75
0, 942, 10.0
0, 943, 10.25
0, 944, 10.5
0, 945, 10.75
0, 946, 11.0
0, 947, 11.25
0, 948, 11.5
0, 949, 11.75
0, 950, 12.0
0, 951, 12.25
0, 952, 12.5
0, 953, 12.75
0, 954, 13.0
0, 955, 13.25
0, 956, 13.5
0, 957, 13.75
0, 958, 14.0
0, 959, 14.25
0, 960, 14.5
0, 961, 14.75
0, 962, 15.0
0, 963, 15.25
0, 964, 15.5
0, 965, 15.75
0, 966, 16.0
0, 967, 16.25
0, 968, 16.5
0, 969, 16.75
0, 970, 17.0
0, 971, 17.25
0, 972, 17.5
0, 973, 17.75
0, 974, 18.0
0, 975, 18.25
0, 976, 18.5
0, 977, 18.75
0, 978, 19.0
0, 979, 19.25
0, 980, 19.5
0, 981, 19.75
0, 982, 20.0
0, 983, 20.25
0, 984, 20.5
0, 985, 20.75
0, 986, 21.0
0, 987, 21.25
0, 988, 21.0
0, 989, 20.75
0, 990, 21.0
0, 991, 21.25
0, 992, 21.5
0, 993, 21.75
0, 994, 21.5
0, 995, 21.25
0, 996, 21.0
0, 997, 20.75
0, 998, 21.0
0, 999, 21.25
0, 1000, 21.5
0, 1001, 21.25
0, 1002, 21.0
0, 1003, 20.75
0, 1004, 20.5
0, 1005, 20.25
0, 1006, 20.0
0, 1007, 19.75
0, 1008, 19.5
0, 1009, 19.25
0, 1010, 19.0
0, 1011, 18.75
0, 1012, 18.5
0, 1013, 18.25
0, 1014, 18.0
0, 1015, 17.75
0, 1016, 17.5
0, 1017, 17.25
0, 1018, 17.0
0, 1019, 16.75
0, 1020, 16.5
0, 1021, 16.25
0, 1022, 16.0
0, 1023, 15.75
0, 1024, 15.5
0, 1025, 15.25
0, 1026, 15.0
0, 1027, 14.75
0, 1028, 14.5
0, 1029, 14.25
0, 1030, 14.0
0, 1031, 13.75
0, 1032, 13.5
0, 1033, 13.25
0, 1034, 13.0
0, 1035, 12.75
0, 1036, 12.5
0, 1037, 12.25
0, 1038, 12.0
0, 1039, 11.75
0, 1040, 11.5
0, 1041, 11.25
0, 1042, 11.0
0, 1043, 10.75
0, 1044, 10.5
0, 1045, 10.25
0, 1046, 10.0
0, 1047, 9.75
0, 1048, 9.5
0, 1049, 9.25
0, 1050, 9.0
0, 1051, 8.75
0, 1052, 8.5
0, 1053, 8.25
0, 1054, 8.0
0, 1055, 7.75
0, 1056, 7.5
0, 1057, 7.25
0, 1058, 7.0
0, 1059, 6.75
0, 1060, 6.5
0, 1061, 6.25
0, 1062, 6.0
0, 1063, 5.75
0, 1064, 5.5
0, 1065, 5.25
0, 1066, 5.0
0, 1067, 4.75
0, 1068, 4.5
0, 1069, 4.25
0, 1070, 4.0
0, 1071, 3.75
0, 1072, 3.5
0, 1073, 3.25
0, 1074, 3.0
0, 1075, 2.75
0, 1076, 3.0
0, 1077, 3.25
0, 1078, 3.0
0, 1079, 2.75
0, 1080, 2.5
0, 1081, 2.25
0, 1082, 2.5
0, 1083, 2.75
0, 1084, 3.0
0, 1085, 3.25
0, 1086, 3.0
0, 1087, 2.75
0, 1088, 3.0
0, 1089, 3.25
0, 1090, 3.5
0, 1091, 3.75
0, 1092, 4.0
0, 1093, 4.25
0, 1094, 4.5
0, 1095, 4.75
0, 1096, 5.0
0, 1097, 5.25
0, 1098, 5.5
0, 1099, 5.75
0, 1100, 6.0
0, 1101, 6.25
0, 1102, 6.5
0, 1103, 6.75
0, 1104, 7.0
0, 1105, 7.25
0, 1106, 7.5
0, 1107, 7.75
0, 1108, 8.0
0, 1109, 8.25
0, 1110, 8.5
0, 1111, 8.75
0, 1112, 9.0
0, 1113, 9.25
0, 1114, 9.5
0, 1115, 9.75
0, 1116, 10.0
0, 1117, 10.25
0, 1118, 10.5
0, 1119, 10.75
0, 1120, 11.0
0, 1121, 11.25
0, 1122, 11.5
0, 1123, 11.75
0, 1124, 12.0
0, 1125, 12.25
0, 1126, 12.5
0, 1127, 12.75
0, 1128, 13.0
0, 1129, 13.25
0, 1130, 13.5
0, 1131, 13.75
0, 1132, 14.0
0, 1133, 14.25
0, 1134, 14.5
0, 1135, 14.75
0, 1136, 15.0
0, 1137, 15.25
0, 1138, 15.5
0, 1139, 15.75
0, 1140, 16.0
0, 1141, 16.25
0, 1142, 16.5
0, 1143, 16.75
0, 1144, 17.0
0, 1145, 17.25
0, 1146, 17.5
0, 1147, 17.75
0, 1148, 18.0
0, 1149, 18.25
0, 1150, 18.5
0, 1151, 18.75
0, 1152, 19.0
0, 1153, 19.25
0, 1154, 19.5
0, 1155, 19.75
0, 1156, 20.0
0, 1157, 20.25
0, 1158, 20.5
0, 1159, 20.75
0, 1160, 21.0
0, 1161, 21.25
0, 1162, 21.5
0, 1163, 21.75
0, 1164, 22.0
0, 1165, 22.25
0, 1166, 22.5
0, 1167, 22.75
0, 1168, 23.0
0, 1169, 23.25
0, 1170, 23.5
0, 1171, 23.75
0, 1172, 24.0
0, 1173, 24.25
0, 1174, 24.5
0, 1175, 24.75
0, 1176, 25.0
0, 1177, 25.25
0, 1178, 25.5
0, 1179, 25.75
0, 1180, 26.0
0, 1181, 26.25
0, 1182, 26.5
0, 1183, 26.75
0, 1184, 27.0
0, 1185, 27.25
0, 1186, 27.5
0, 1187, 27.75
0, 1188, 28.0
0, 1189, 28.25
0, 1190, 28.5
0, 1191, 28.75
0, 1192, 29.0
0, 1193, 29.25
0, 1194, 29.5
0, 1195, 29.75
0, 1196, 30.0
0, 1197, 30.25
0, 1198, 30.5
0, 1199, 30.75
0, 1200, 31.0
0, 1201, 31.25
0, 1202, 31.5
0, 1203, 31.75
0, 1204, 32.0
0, 1205, 32.25
0, 1206, 32.5
0, 1207, 32.75
0, 1208, 33.0
0, 1209, 33.25
0, 1210, 33.5
0, 1211, 33.75
0, 1212, 34.0
0, 1213, 34.25
0, 1214, 34.5
0, 1215, 34.75
0, 1216, 35.0
0, 1217, 35.25
0, 1218, 35.5
0, 1219, 35.75
0, 1220, 36.0
0, 1221, 36.25
0, 1222, 36.5
0, 1223, 36.75
0, 1224, 37.0
0, 1225, 37.25
0, 1226, 37.5
0, 1227, 37.75
0, 1228, 38.0
0, 1229, 38.25
0, 1230, 38.5
0, 1231, 38.75
0, 1232, 39.0
0, 1233, 39.25
0, 1234, 39.5
0, 1235, 39.75
0, 1236, 40.0
0, 1237, 40.25
0, 1238, 40.5
0, 1239, 40.75
0, 1240, 41.0
0, 1241, 41.25
0, 1242, 41.5
0, 1243, 41.75
0, 1244, 42.0
0, 1245, 42.25
0, 1246, 42.5
0, 1247, 42.75
0, 1248, 43.0
0, 1249, 43.25
0, 1250, 43.5
0, 1251, 43.75
0, 1252, 44.0
0, 1253, 44.25
0, 1254, 44.5
0, 1255, 44.75
0, 1256, 45.0
0, 1257, 45.25
0, 1258, 45.5
0, 1259, 45.75
0, 1260, 46.0
0, 1261, 46.25
0, 1262, 46.5
0, 1263, 46.75
0, 1264, 47.0
0, 1265, 47.25
0, 1266, 47.5
0, 1267, 47.75
0, 1268, 48.0
0, 1269, 48.25
0, 1270, 48.5
0, 1271, 48.75
0, 1272, 49.0
0, 1273, 49.25
0, 1274, 49.5
0, 1275, 49.75
0, 1276, 50.0
0, 1277, 50.25
0, 1278, 50.5
0, 1279, 50.75
0, 1280, 51.0
0, 1281, 51.25
0, 1282, 51.0
0, 1283, 50.75
0, 1284, 51.0
0, 1285, 51.25
0, 1286, 51.5
0, 1287, 51.75
0, 1288, 51.5
0, 1289, 51.25
0, 1290, 51.0
0, 1291, 50.75
0, 1292, 50.5
0, 1293, 50.75
0, 1294, 51.0
0, 1295, 50.75
0, 1296, 50.5
0, 1297, 50.25
0, 1298, 50.0
0, 1299, 49.75
0, 1300, 49.5
0, 1301, 49.75
0, 1302, 49.5
0, 1303, 49.25
0, 1304, 49.0
0, 1305, 48.75
0, 1306, 48.5
0, 1307, 48.25
0, 1308, 48.0
0, 1309, 47.75
0, 1310, 47.5
0, 1311, 47.25
0, 1312, 47.0
0, 1313, 46.75
0, 1314, 46.5
0, 1315, 46.25
0, 1316, 46.0
0, 1317, 45.75
0, 1318, 45.5
0, 1319, 45.25
0, 1320, 45.0
0, 1321, 44.75
0, 1322, 44.5
0, 1323, 44.25
0, 1324, 44.0
0, 1325, 43.75
0, 1326, 43.5
0, 1327, 43.25
0, 1328, 43.0
0, 1329, 42.75
0, 1330, 42.5
0, 1331, 42.25
0, 1332, 42.0
0, 1333, 41.75
0, 1334, 41.5
0, 1335, 41.25
0, 1336, 41.0
0, 1337, 40.75
0, 1338, 40.5
0, 1339, 40.25
0, 1340, 40.0
0, 1341, 39.75
0, 1342, 39.5
0, 1343, 39.25
0, 1344, 39.0
0, 1345, 38.75
0, 1346, 38.5
0, 1347, 38.25
0, 1348, 38.0
0, 1349, 37.75
0, 1350, 37.5
0, 1351, 37.25
0, 1352, 37.0
0, 1353, 36.75
0, 1354, 36.5
0, 1355, 36.25
0, 1356, 36.5
0, 1357, 36.75
0, 1358, 36.5
0, 1359, 36.25
0, 1360, 36.0
0, 1361, 35.75
0, 1362, 35.5
0, 1363, 35.75
0, 1364, 36.0
0, 1365, 36.25
0, 1366, 36.0
0, 1367, 35.75
0, 1368, 35.5
0, 1369, 35.75
0, 1370, 36.0
0, 1371, 36.25
0, 1372, 36.5
0, 1373, 36.25
0, 1374, 36.5
0, 1375, 36.75
0, 1376, 37.0
0, 1377, 37.25
0, 1378, 37.5
0, 1379, 37.75
0, 1380, 38.0
0, 1381, 38.25
0, 1382, 38.5
0, 1383, 38.75
0, 1384, 39.0
0, 1385, 39.25
0, 1386, 39.5
0, 1387, 39.75
0, 1388, 40.0
0, 1389, 40.25
0, 1390, 40.5
0, 1391, 40.75
0, 1392, 41.0
0, 1393, 41.25
0, 1394, 41.5
0, 1395, 41.75
0, 1396, 42.0
0, 1397, 42.25
0, 1398, 42.5
0, 1399, 42.75
0, 1400, 43.0
0, 1401, 43.25
0, 1402, 43.5
0, 1403, 43.75
0, 1404, 44.0
0, 1405, 44.25
0, 1406, 44.5
0, 1407, 44.75
0, 1408, 45.0
0, 1409, 45.25
0, 1410, 45.5
0, 1411, 45.75
0, 1412, 46.0
0, 1413, 46.25
0, 1414, 46.5
0, 1415, 46.75
0, 1416, 47.0
0, 1417, 47.25
0, 1418, 47.5
0, 1419, 47.75
0, 1420, 48.0
0, 1421, 48.25
0, 1422, 48.5
0, 1423, 48.75
0, 1424, 49.0
0, 1425, 49.25
0, 1426, 49.5
0, 1427, 49.75
0, 1428, 50.0
0, 1429, 50.25
0, 1430, 50.5
0, 1431, 50.75
0, 1432, 51.0
0, 1433, 51.25
0, 1434, 51.5
0, 1435, 51.75
0, 1436, 52.0
0, 1437, 52.25
0, 1438, 52.5
0, 1439, 52.75
0, 1440, 53.0
0, 1441, 53.25
0, 1442, 53.5
0, 1443, 53.75
0, 1444, 54.0
0, 1445, 54.25
0, 1446, 54.5
0, 1447, 54.75
0, 1448, 55.0
0, 1449, 55.25
0, 1450, 55.5
0, 1451, 55.75
0, 1452, 56.0
0, 1453, 56.25
0, 1454, 56.5
0, 1455, 56.75
0, 1456, 57.0
0, 1457, 57.25
0, 1458, 57.5
0, 1459, 57.75
0, 1460, 58.0
0, 1461, 58.25
0, 1462, 58.5
0, 1463, 58.75
0, 1464, 59.0
0, 1465, 59.25
0, 1466, 59.5
0, 1467, 59.75
0, 1468, 60.0
0, 1469, 60.25
0, 1470, 60.5
0, 1471, 60.75
0, 1472, 61.0
0, 1473, 61.25
0, 1474, 61.5
0, 1475, 61.75
0, 1476, 62.0
0, 1477, 62.25
0, 1478, 62.5
0, 1479, 62.75
0, 1480, 63.0
0, 1481, 63.25
0, 1482, 63.5
0, 1483, 63.75
0, 1484, 64.0
0, 1485, 64.25
0, 1486, 64.5
0, 1487, 64.75
0, 1488, 65.0
0, 1489, 65.25
0, 1490, 65.5
0, 1491, 65.75
0, 1492, 66.0
0, 1493, 66.25
0, 1494, 66.5
0, 1495, 66.75
0, 1496, 67.0
0, 1497, 67.25
0, 1498, 67.5
0, 1499, 67.75
0, 1500, 68.0
0, 1501, 68.25
0, 1502, 68.5
0, 1503, 68.75
0, 1504, 69.0
0, 1505, 69.25
0, 1506, 69.5
0, 1507, 69.75
0, 1508, 70.0
0, 1509, 70.25
0, 1510, 70.5
0, 1511, 70.75
0, 1512, 71.0
0, 1513, 70.75
0, 1514, 70.5
0, 1515, 70.25
0, 1516, 70.0
0, 1517, 69.75
0, 1518, 69.5
0, 1519, 69.25
0, 1520, 69.0
0, 1521, 68.75
0, 1522, 68.5
0, 1523, 68.25
0, 1524, 68.0
0, 1525, 67.75
0, 1526, 67.5
0, 1527, 67.25
0, 1528, 67.0
0, 1529, 66.75
0, 1530, 66.5
0, 1531, 66.25
0, 1532, 66.0
0, 1533, 65.75
0, 1534, 65.5
0, 1535, 65.25
0, 1536, 65.0
0, 1537, 64.75
0, 1538, 64.5
0, 1539, 64.25
0, 1540, 64.0
0, 1541, 63.75
0, 1542, 63.5
0, 1543, 63.25
0, 1544, 63.0
0, 1545, 62.75
0, 1546, 62.5
0, 1547, 62.25
0, 1548, 62.0
0, 1549, 61.75
0, 1550, 61.5
0, 1551, 61.25
0, 1552, 61.0
0, 1553, 60.75
0, 1554, 60.5
0, 1555, 60.25
0, 1556, 60.0
0, 1557, 59.75
0, 1558, 59.5
0, 1559, 59.25
0, 1560, 59.0
0, 1561, 58.75
0, 1562, 58.5
0, 1563, 58.25
0, 1564, 58.0
0, 1565, 57.75
0, 1566, 57.5
0, 1567, 57.25
0, 1568, 57.0
0, 1569, 56.75
0, 1570, 56.5
0, 1571, 56.25
0, 1572, 56.0
0, 1573, 55.75
0, 1574, 55.5
0, 1575, 55.25
0, 1576, 55.0
0, 1577, 54.75
0, 1578, 54.5
0, 1579, 54.25
0, 1580, 54.0
0, 1581, 53.75
0, 1582, 53.5
0, 1583, 53.25
0, 1584, 53.0
0, 1585, 52.75
0, 1586, 52.5
0, 1587, 52.25
0, 1588, 52.0
0, 1589, 51.75
0, 1590, 51.5
0, 1591, 51.25
0, 1592, 51.0
0, 1593, 50.75
0, 1594, 50.5
0, 1595, 50.25
0, 1596, 50.0
0, 1597, 49.75
0, 1598, 49.5
0, 1599, 49.25
0, 1600, 49.0
0, 1601, 48.75
0, 1602, 48.5
0, 1603, 48.25
0, 1604, 48.0
0, 1605, 47.75
0, 1606, 47.5
0, 1607, 47.25
0, 1608, 47.0
0, 1609, 46.75
0, 1610, 46.5
0, 1611, 46.25
0, 1612, 46.0
0, 1613, 45.75
0, 1614, 45.5
0, 1615, 45.25
0, 1616, 45.0
0, 1617, 44.75
0, 1618, 44.5
0, 1619, 44.25
0, 1620, 44.0
0, 1621, 43.75
0, 1622, 43.5
0, 1623, 43.25
0, 1624, 43.0
0, 1625, 42.75
0, 1626, 42.5
0, 1627, 42.25
0, 1628, 42.0
0, 1629, 41.75
0, 1630, 41.5
0, 1631, 41.25
0, 1632, 41.0
0, 1633, 40.75
0, 1634, 40.5
0, 1635, 40.25
0, 1636, 40.0
0, 1637, 39.75
0, 1638, 39.5
0, 1639, 39.25
0, 1640, 39.0
0, 1641, 38.75
0, 1642, 38.5
0, 1643, 38.25
0, 1644, 38.0
0, 1645, 37.75
0, 1646, 37.5
0, 1647, 37.25
0, 1648, 37.0
0, 1649, 36.75
0, 1650, 36.5
0, 1651, 36.25
0, 1652, 36.0
0, 1653, 35.75
0, 1654, 35.5
0, 1655, 35.25
0, 1656, 35.0
0, 1657, 34.75
0, 1658, 34.5
0, 1659, 34.25
0, 1660, 34.0
0, 1661, 33.75
0, 1662, 33.5
0, 1663, 33.25
0, 1664, 33.0
0, 1665, 32.75
0, 1666, 32.5
0, 1667, 32.25
0, 1668, 32.0
0, 1669, 31.75
0, 1670, 31.5
0, 1671, 31.25
0, 1672, 31.0
0, 1673, 30.75
0, 1674, 30.5
0, 1675, 30.25
0, 1676, 30.0
0, 1677, 29.75
0, 1678, 29.5
0, 1679, 29.25
0, 1680, 29.0
0, 1681, 28.75
0, 1682, 28.5
0, 1683, 28.25
0, 1684, 28.0
0, 1685, 27.75
0, 1686, 27.5
0, 1687, 27.25
0, 1688, 27.0
0, 1689, 26.75
0, 1690, 26.5
0, 1691, 26.25
0, 1692, 26.0
0, 1693, 25.75
0, 1694, 25.5
0, 1695, 25.25
0, 1696, 25.0
0, 1697, 24.75
0, 1698, 24.5
0, 1699, 24.25
0, 1700, 24.0
0, 1701, 23.75
0, 1702, 23.5
0, 1703, 23.25
0, 1704, 23.0
0, 1705, 22.75
0, 1706, 22.5
0, 1707, 22.25
0, 1708, 22.0
0, 1709, 21.75
0, 1710, 21.5
0, 1711, 21.25
0, 1712, 21.0
0, 1713, 20.75
0, 1714, 20.5
0, 1715, 20.25
0, 1716, 20.0
0, 1717, 19.75
0, 1718, 19.5
0, 1719, 19.25
0, 1720, 19.0
0, 1721, 18.75
0, 1722, 18.5
0, 1723, 18.25
0, 1724, 18.0
0, 1725, 17.75
0, 1726, 17.5
0, 1727, 17.25
0, 1728, 17.0
0, 1729, 16.75
0, 1730, 16.5
0, 1731, 16.25
0, 1732, 16.0
0, 1733, 15.75
0, 1734, 15.5
0, 1735, 15.25
0, 1736, 15.0
0, 1737, 14.75
0, 1738, 14.5
0, 1739, 14.25
0, 1740, 14.0
0, 1741, 13.75
0, 1742, 13.5
0, 1743, 13.25
0, 1744, 13.0
0, 1745, 12.75
0, 1746, 12.5
0, 1747, 12.25
0, 1748, 12.0
0, 1749, 11.75
0, 1750, 11.5
0, 1751, 11.25
0, 1752, 11.0
0, 1753, 10.75
0, 1754, 10.5
0, 1755, 10.25
0, 1756, 10.0
0, 1757, 9.75
0, 1758, 9.5
0, 1759, 9.25
0, 1760, 9.0
0, 1761, 8.75
0, 1762, 8.5
0, 1763, 8.25
0, 1764, 8.0
0, 1765, 7.75
0, 1766, 7.5
0, 1767, 7.25
0, 1768, 7.0
0, 1769, 6.75
0, 1770, 6.5
0, 1771, 6.25
0, 1772, 6.0
0, 1773, 5.75
0, 1774, 5.5
0, 1775, 5.25
0, 1776, 5.0
0, 1777, 4.75
0, 1778, 4.5
0, 1779, 4.25
0, 1780, 4.0
0, 1781, 3.75
0, 1782, 3.5
0, 1783, 3.25
0, 1784, 3.0
0, 1785, 2.75
0, 1786, 2.5
0, 1787, 2.25
0, 1788, 2.0
0, 1789, 1.75
0, 1790, 1.5
0, 1791, 1.25
0, 1792, 1.0
0, 1793, 0.75
0, 1794, 0.75
0, 1795, 0.75
0, 1796, 0.75
0, 1797, 0.75
0, 1798, 0.75
0, 1799, 0.75
0, 1800, 0.75
0, 1801, 0.75
0, 1802, 0.75
0, 1803, 0.75
0, 1804, 0.75
0, 1805, 0.75
0, 1806, 0.75
0, 1807, 0.75
0, 1808, 0.75
0, 1809, 0.75
0, 1810, 0.75
0, 1811, 0.75
0, 1812, 0.75
0, 1813, 0.75
0, 1814, 0.75
0, 1815, 0.75
0, 1816, 0.75
0, 1817, 0.75
0, 1818, 0.75
0, 1819, 0.75
0, 1820, 0.75
0, 1821, 0.75
0, 1822, 0.75
0, 1823, 0.75
0, 1824, 0.75
0, 1825, 0.75
0, 1826, 0.75
0, 1827, 0.75
0, 1828, 0.75
0, 1829, 0.75
0, 1830, 0.75
0, 1831, 0.75
0, 1832, 0.75
0, 1833, 0.75
0, 1834, 0.75
0, 1835, 0.75
0, 1836, 0.75
0, 1837, 0.75
0, 1838, 0.75
0, 1839, 0.75
0, 1840, 0.75
0, 1841, 0.75
0, 1842, 0.75
0, 1843, 0.75
0, 1844, 0.75
0, 1845, 0.75
0, 1846, 0.75
0, 1847, 0.75
0, 1848, 0.75
0, 1849, 0.75
0, 1850, 0.75
0, 1851, 0.75
0, 1852, 0.75
0, 1853, 0.75
0, 1854, 0.75
0, 1855, 0.75
0, 1856, 0.75
0, 1857, 0.75
0, 1858, 0.75
0, 1859, 0.75
0, 1860, 0.75
0, 1861, 0.75
0, 1862, 0.75
0, 1863, 0.75
0, 1864, 0.75
0, 1865, 0.75
0, 1866, 0.75
0, 1867, 0.75
0, 1868, 0.75
0, 1869, 0.75
0, 1870, 0.75
0, 1871, 0.75
0, 1872, 0.75
0, 1873, 0.75
0, 1874, 0.75
0, 1875, 0.75
0, 1876, 0.75
0, 1877, 0.75
0, 1878, 0.75
0, 1879, 0.75
0, 1880, 0.75
0, 1881, 1.0
0, 1882, 1.25
0, 1883, 1.0
0, 1884, 0.75
0, 1885, 0.75
0, 1886, 0.75
0, 1887, 1.0
0, 1888, 1.25
0, 1889, 1.5
0, 1890, 1.75
0, 1891, 1.5
0, 1892, 1.25
0, 1893, 1.5
0, 1894, 1.75
0, 1895, 2.0
0, 1896, 2.25
0, 1897, 2.5
0, 1898, 2.75
0, 1899, 3.0
0, 1900, 3.25
0, 1901, 3.5
0, 1902, 3.75
0, 1903, 4.0
0, 1904, 4.25
0, 1905, 4.5
0, 1906, 4.75
0, 1907, 5.0
0, 1908, 5.25
0, 1909, 5.5
0, 1910, 5.75
0, 1911, 6.0
0, 1912, 6.25
0, 1913, 6.5
0, 1914, 6.75
0, 1915, 7.0
0, 1916, 7.25
0, 1917, 7.5
0, 1918, 7.75
0, 1919, 8.0
0, 1920, 8.25
0, 1921, 8.5
0, 1922, 8.75
0, 1923, 9.0
0, 1924, 9.25
0, 1925, 9.5
0, 1926, 9.75
0, 1927, 10.0
0, 1928, 10.25
0, 1929, 10.5
0, 1930, 10.75
0, 1931, 11.0
0, 1932, 11.25
0, 1933, 11.5
0, 1934, 11.75
0, 1935, 12.0
0, 1936, 12.25
0, 1937, 12.5
0, 1938, 12.75
0, 1939, 13.0
0, 1940, 13.25
0, 1941, 13.5
0, 1942, 13.75
0, 1943, 14.0
0, 1944, 14.25
0, 1945, 14.5
0, 1946, 14.75
0, 1947, 15.0
0, 1948, 15.25
0, 1949, 15.5
0, 1950, 15.75
0, 1951, 16.0
0, 1952, 16.25
0, 1953, 16.5
0, 1954, 16.75
0, 1955, 17.0
0, 1956, 17.25
0, 1957, 17.5
0, 1958, 17.75
0, 1959, 18.0
0, 1960, 18.25
0, 1961, 18.5
0, 1962, 18.75
0, 1963, 19.0
0, 1964, 19.25
0, 1965, 19.5
0, 1966, 19.75
0, 1967, 20.0
0, 1968, 20.25
0, 1969, 20.5
0, 1970, 20.75
0, 1971, 21.0
0, 1972, 21.25
0, 1973, 21.5
0, 1974, 21.75
0, 1975, 22.0
0, 1976, 22.25
0, 1977, 22.5
0, 1978, 22.75
0, 1979, 23.0
0, 1980, 23.25
0, 1981, 23.5
0, 1982, 23.75
0, 1983, 24.0
0, 1984, 24.25
0, 1985, 24.5
0, 1986, 24.75
0, 1987, 25.0
0, 1988, 25.25
0, 1989, 25.5
0, 1990, 25.25
0, 1991, 25.5
0, 1992, 25.75
0, 1993, 26.0
0, 1994, 26.25
0, 1995, 26.0
0, 1996, 25.75
0, 1997, 25.5
0, 1998, 25.25
0, 1999, 25.0
0, 2000, 24.75
0, 2001, 24.5
0, 2002, 24.25
0, 2003, 24.0
0, 2004, 23.75
0, 2005, 23.5
0, 2006, 23.25
0, 2007, 23.0
0, 2008, 22.75
0, 2009, 22.5
0, 2010, 22.25
0, 2011, 22.0
0, 2012, 21.75
0, 2013, 21.5
0, 2014, 21.25
0, 2015, 21.0
0, 2016, 20.75
0, 2017, 20.5
0, 2018, 20.25
0, 2019, 20.0
0, 2020, 19.75
0, 2021, 19.5
0, 2022, 19.25
0, 2023, 19.0
0, 2024, 18.75
0, 2025, 18.5
0, 2026, 18.25
0, 2027, 18.0
0, 2028, 17.75
0, 2029, 17.5
0, 2030, 17.25
0, 2031, 17.0
0, 2032, 16.75
0, 2033, 16.5
0, 2034, 16.25
0, 2035, 16.0
0, 2036, 15.75
0, 2037, 15.5
0, 2038, 15.25
0, 2039, 15.0
0, 2040, 14.75
0, 2041, 14.5
0, 2042, 14.25
0, 2043, 14.0
0, 2044, 13.75
0, 2045, 13.5
0, 2046, 13.25
0, 2047, 13.0
0, 2048, 12.75
0, 2049, 12.5
0, 2050, 12.25
0, 2051, 12.0
0, 2052, 11.75
0, 2053, 11.5
0, 2054, 11.25
0, 2055, 11.0
0, 2056, 10.75
0, 2057, 10.5
0, 2058, 10.25
0, 2059, 10.0
0, 2060, 9.75
0, 2061, 9.5
0, 2062, 9.25
0, 2063, 9.0
0, 2064, 8.75
0, 2065, 8.5
0, 2066, 8.25
0, 2067, 8.0
0, 2068, 7.75
0, 2069, 7.5
0, 2070, 7.25
0, 2071, 7.0
0, 2072, 6.75
0, 2073, 6.5
0, 2074, 6.25
0, 2075, 6.0
0, 2076, 5.75
0, 2077, 5.5
0, 2078, 5.25
0, 2079, 5.0
0, 2080, 4.75
0, 2081, 4.5
0, 2082, 4.25
0, 2083, 4.0
0, 2084, 3.75
0, 2085, 3.5
0, 2086, 3.25
0, 2087, 3.0
0, 2088, 2.75
0, 2089, 2.5
0, 2090, 2.25
0, 2091, 2.0
0, 2092, 1.75
0, 2093, 1.5
0, 2094, 1.25
0, 2095, 1.0
0, 2096, 0.75
0, 2097, 0.75
0, 2098, 0.75
0, 2099, 0.75
0, 2100, 0.75
0, 2101, 0.75
0, 2102, 0.75
0, 2103, 0.75
0, 2104, 0.75
0, 2105, 0.75
0, 2106, 0.75
0, 2107, 0.75
0, 2108, 0.75
0, 2109, 0.75
0, 2110, 0.75
0, 2111, 0.75
0, 2112, 1.0
0, 2113, 1.25
0, 2114, 1.0
0, 2115, 0.75
0, 2116, 0.75
0, 2117, 1.0
0, 2118, 1.25
0, 2119, 1.5
0, 2120, 1.75
0, 2121, 2.0
0, 2122, 2.25
0, 2123, 2.5
0, 2124, 2.75
0, 2125, 3.0
0, 2126, 3.25
0, 2127, 3.5
0, 2128, 3.75
0, 2129, 4.0
0, 2130, 4.25
0, 2131, 4.5
0, 2132, 4.75
0, 2133, 5.0
0, 2134, 5.25
0, 2135, 5.5
0, 2136, 5.75
0, 2137, 6.0
0, 2138, 6.25
0, 2139, 6.5
0, 2140, 6.75
0, 2141, 7.0
0, 2142, 7.25
0, 2143, 7.5
0, 2144, 7.75
0, 2145, 8.0
0, 2146, 8.25
0, 2147, 8.5
0, 2148, 8.75
0, 2149, 9.0
0, 2150, 9.25
0, 2151, 9.5
0, 2152, 9.75
0, 2153, 10.0
0, 2154, 10.25
0, 2155, 10.5
0, 2156, 10.75
0, 2157, 11.0
0, 2158, 11.25
0, 2159, 11.5
0, 2160, 11.75
0, 2161, 12.0
0, 2162, 12.25
0, 2163, 12.5
0, 2164, 12.75
0, 2165, 13.0
0, 2166, 13.25
0, 2167, 13.5
0, 2168, 13.75
0, 2169, 14.0
0, 2170, 14.25
0, 2171, 14.5
0, 2172, 14.75
0, 2173, 15.0
0, 2174, 15.25
0, 2175, 15.5
0, 2176, 15.75
0, 2177, 16.0
0, 2178, 16.25
0, 2179, 16.5
0, 2180, 16.75
0, 2181, 17.0
0, 2182, 17.25
0, 2183, 17.5
0, 2184, 17.75
0, 2185, 18.0
0, 2186, 18.25
0, 2187, 18.5
0, 2188, 18.75
0, 2189, 19.0
0, 2190, 19.25
0, 2191, 19.5
0, 2192, 19.75
0, 2193, 20.0
0, 2194, 20.25
0, 2195, 20.5
0, 2196, 20.75
0, 2197, 21.0
0, 2198, 21.25
0, 2199, 21.5
0, 2200, 21.75
0, 2201, 22.0
0, 2202, 22.25
0, 2203, 22.5
0, 2204, 22.75
0, 2205, 23.0
0, 2206, 23.25
0, 2207, 23.5
0, 2208, 23.75
0, 2209, 24.0
0, 2210, 24.25
0, 2211, 24.5
0, 2212, 24.75
0, 2213, 25.0
0, 2214, 25.25
0, 2215, 25.5
0, 2216, 25.75
0, 2217, 26.0
0, 2218, 26.25
0, 2219, 26.5
0, 2220, 26.75
0, 2221, 27.0
0, 2222, 27.25
0, 2223, 27.5
0, 2224, 27.75
0, 2225, 28.0
0, 2226, 28.25
0, 2227, 28.5
0, 2228, 28.75
0, 2229, 29.0
0, 2230, 29.25
0, 2231, 29.5
0, 2232, 29.75
0, 2233, 30.0
0, 2234, 30.25
0, 2235, 30.5
0, 2236, 30.75
0, 2237, 31.0
0, 2238, 31.25
0, 2239, 31.5
0, 2240, 31.75
0, 2241, 32.0
0, 2242, 32.25
0, 2243, 32.5
0, 2244, 32.75
0, 2245, 33.0
0, 2246, 33.25
0, 2247, 33.5
0, 2248, 33.75
0, 2249, 34.0
0, 2250, 34.25
0, 2251, 34.5
0, 2252, 34.75
0, 2253, 35.0
0, 2254, 34.75
0, 2255, 34.5
0, 2256, 34.25
0, 2257, 34.0
0, 2258, 33.75
0, 2259, 33.5
0, 2260, 33.25
0, 2261, 33.0
0, 2262, 32.75
0, 2263, 32.5
0, 2264, 32.25
0, 2265, 32.0
0, 2266, 31.75
0, 2267, 31.5
0, 2268, 31.25
0, 2269, 31.0
0, 2270, 30.75
0, 2271, 30.5
0, 2272, 30.25
0, 2273, 30.0
0, 2274, 29.75
0, 2275, 29.5
0, 2276, 29.25
0, 2277, 29.0
0, 2278, 28.75
0, 2279, 28.5
0, 2280, 28.25
0, 2281, 28.0
0, 2282, 27.75
0, 2283, 27.5
0, 2284, 27.25
0, 2285, 27.0
0, 2286, 26.75
0, 2287, 26.5
0, 2288, 26.25
0, 2289, 26.0
0, 2290, 25.75
0, 2291, 25.5
0, 2292, 25.25
0, 2293, 25.0
0, 2294, 24.75
0, 2295, 24.5
0, 2296, 24.25
0, 2297, 24.0
0, 2298, 23.75
0, 2299, 23.5
0, 2300, 23.25
0, 2301, 23.0
0, 2302, 22.75
0, 2303, 22.5
0, 2304, 22.25
0, 2305, 22.0
0, 2306, 21.75
0, 2307, 21.5
0, 2308, 21.25
0, 2309, 21.0
0, 2310, 20.75
0, 2311, 20.5
0, 2312, 20.25
0, 2313, 20.0
0, 2314, 19.75
0, 2315, 19.5
0, 2316, 19.25
0, 2317, 19.0
0, 2318, 18.75
0, 2319, 18.5
0, 2320, 18.25
0, 2321, 18.0
0, 2322, 17.75
0, 2323, 17.5
0, 2324, 17.25
0, 2325, 17.0
0, 2326, 16.75
0, 2327, 16.5
0, 2328, 16.25
0, 2329, 16.0
0, 2330, 15.75
0, 2331, 15.5
0, 2332, 15.25
0, 2333, 15.0
0, 2334, 14.75
0, 2335, 14.5
0, 2336, 14.25
0, 2337, 14.0
0, 2338, 13.75
0, 2339, 13.5
0, 2340, 13.25
0, 2341, 13.0
0, 2342, 12.75
0, 2343, 12.5
0, 2344, 12.25
0, 2345, 12.0
0, 2346, 11.75
0, 2347, 11.5
0, 2348, 11.25
0, 2349, 11.0
0, 2350, 10.75
0, 2351, 10.5
0, 2352, 10.25
0, 2353, 10.0
0, 2354, 9.75
0, 2355, 9.5
0, 2356, 9.25
0, 2357, 9.0
0, 2358, 8.75
0, 2359, 8.5
0, 2360, 8.25
0, 2361, 8.0
0, 2362, 7.75
0, 2363, 7.5
0, 2364, 7.75
0, 2365, 8.0
0, 2366, 8.25
0, 2367, 8.0
0, 2368, 7.75
0, 2369, 8.0
0, 2370, 8.25
0, 2371, 8.5
0, 2372, 8.75
0, 2373, 9.0
0, 2374, 9.25
0, 2375, 9.5
0, 2376, 9.75
0, 2377, 10.0
0, 2378, 10.25
0, 2379, 10.5
0, 2380, 10.75
0, 2381, 11.0
0, 2382, 11.25
0, 2383, 11.5
0, 2384, 11.75
0, 2385, 12.0
0, 2386, 12.25
0, 2387, 12.5
0, 2388, 12.75
0, 2389, 13.0
0, 2390, 13.25
0, 2391, 13.5
0, 2392, 13.75
0, 2393, 14.0
0, 2394, 14.25
0, 2395, 14.5
0, 2396, 14.75
0, 2397, 15.0
0, 2398, 15.25
0, 2399, 15.5
0, 2400, 15.75
0, 2401, 16.0
0, 2402, 16.25
0, 2403, 16.5
0, 2404, 16.75
0, 2405, 17.0
0, 2406, 17.25
0, 2407, 17.5
0, 2408, 17.75
0, 2409, 18.0
0, 2410, 18.25
0, 2411, 18.5
0, 2412, 18.75
0, 2413, 19.0
0, 2414, 19.25
0, 2415, 19.5
0, 2416, 19.75
0, 2417, 20.0
0, 2418, 20.25
0, 2419, 20.5
0, 2420, 20.75
0, 2421, 21.0
0, 2422, 21.25
0, 2423, 21.5
0, 2424, 21.75
0, 2425, 22.0
0, 2426, 22.25
0, 2427, 22.5
0, 2428, 22.75
0, 2429, 23.0
0, 2430, 23.25
0, 2431, 23.5
0, 2432, 23.75
0, 2433, 24.0
0, 2434, 24.25
0, 2435, 24.5
0, 2436, 24.75
0, 2437, 25.0
0, 2438, 25.25
0, 2439, 25.5
0, 2440, 25.75
0, 2441, 26.0
0, 2442, 26.25
0, 2443, 26.5
0, 2444, 26.75
0, 2445, 27.0
0, 2446, 27.25
0, 2447, 27.5
0, 2448, 27.75
0, 2449, 28.0
0, 2450, 28.25
0, 2451, 28.5
0, 2452, 28.75
0, 2453, 29.0
0, 2454, 29.25
0, 2455, 29.5
0, 2456, 29.75
0, 2457, 30.0
0, 2458, 30.25
0, 2459, 30.5
0, 2460, 30.75
0, 2461, 31.0
0, 2462, 31.25
0, 2463, 31.5
0, 2464, 31.75
0, 2465, 32.0
0, 2466, 32.25
0, 2467, 32.5
0, 2468, 32.75
0, 2469, 33.0
0, 2470, 33.25
0, 2471, 33.5
0, 2472, 33.75
0, 2473, 34.0
0, 2474, 34.25
0, 2475, 34.5
0, 2476, 34.75
0, 2477, 35.0
0, 2478, 35.25
0, 2479, 35.5
0, 2480, 35.75
0, 2481, 36.0
0, 2482, 36.25
0, 2483, 36.5
0, 2484, 36.75
0, 2485, 37.0
0, 2486, 37.25
0, 2487, 37.5
0, 2488, 37.75
0, 2489, 38.0
0, 2490, 38.25
0, 2491, 38.5
0, 2492, 38.75
0, 2493, 39.0
0, 2494, 39.25
0, 2495, 39.5
0, 2496, 39.75
0, 2497, 40.0
0, 2498, 40.25
0, 2499, 40.5
0, 2500, 40.75
0, 2501, 41.0
0, 2502, 41.25
0, 2503, 41.5
0, 2504, 41.75
0, 2505, 42.0
0, 2506, 42.25
0, 2507, 42.5
0, 2508, 42.75
0, 2509, 43.0
0, 2510, 43.25
0, 2511, 43.5
0, 2512, 43.75
0, 2513, 44.0
0, 2514, 44.25
0, 2515, 44.5
0, 2516, 44.75
0, 2517, 45.0
0, 2518, 45.25
0, 2519, 45.5
0, 2520, 45.75
0, 2521, 46.0
0, 2522, 46.25
0, 2523, 46.5
0, 2524, 46.75
0, 2525, 47.0
0, 2526, 47.25
0, 2527, 47.5
0, 2528, 47.75
0, 2529, 48.0
0, 2530, 48.25
0, 2531, 48.5
0, 2532, 48.75
0, 2533, 49.0
0, 2534, 49.25
0, 2535, 49.5
0, 2536, 49.75
0, 2537, 50.0
0, 2538, 50.25
0, 2539, 50.5
0, 2540, 50.75
0, 2541, 51.0
0, 2542, 51.25
0, 2543, 51.5
0, 2544, 51.75
0, 2545, 52.0
0, 2546, 52.25
0, 2547, 52.5
0, 2548, 52.75
0, 2549, 53.0
0, 2550, 53.25
0, 2551, 53.5
0, 2552, 53.75
0, 2553, 54.0
0, 2554, 54.25
0, 2555, 54.5
0, 2556, 54.75
0, 2557, 55.0
0, 2558, 55.25
0, 2559, 55.5
0, 2560, 55.75
0, 2561, 56.0
0, 2562, 56.25
0, 2563, 56.5
0, 2564, 56.75
0, 2565, 57.0
0, 2566, 57.25
0, 2567, 57.5
0, 2568, 57.75
0, 2569, 58.0
0, 2570, 58.25
0, 2571, 58.5
0, 2572, 58.75
0, 2573, 59.0
0, 2574, 59.25
0, 2575, 59.5
0, 2576, 59.75
0, 2577, 60.0
0, 2578, 60.25
0, 2579, 60.5
0, 2580, 60.75
0, 2581, 61.0
0, 2582, 61.25
0, 2583, 61.5
0, 2584, 61.75
0, 2585, 62.0
0, 2586, 62.25
0, 2587, 62.5
0, 2588, 62.75
0, 2589, 63.0
0, 2590, 63.25
0, 2591, 63.5
0, 2592, 63.75
0, 2593, 64.0
0, 2594, 64.25
0, 2595, 64.5
0, 2596, 64.75
0, 2597, 65.0
0, 2598, 65.25
0, 2599, 65.5
0, 2600, 65.75
0, 2601, 66.0
0, 2602, 66.25
0, 2603, 66.5
0, 2604, 66.25
0, 2605, 66.0
0, 2606, 65.75
0, 2607, 65.5
0, 2608, 65.25
0, 2609, 65.0
0, 2610, 64.75
0, 2611, 64.5
0, 2612, 64.25
0, 2613, 64.0
0, 2614, 63.75
0, 2615, 63.5
0, 2616, 63.25
0, 2617, 63.0
0, 2618, 62.75
0, 2619, 62.5
0, 2620, 62.25
0, 2621, 62.0
0, 2622, 61.75
0, 2623, 61.5
0, 2624, 61.25
0, 2625, 61.0
0, 2626, 60.75
0, 2627, 60.5
0, 2628, 60.25
0, 2629, 60.0
0, 2630, 59.75
0, 2631, 59.5
0, 2632, 59.25
0, 2633, 59.0
0, 2634, 58.75
0, 2635, 58.5
0, 2636, 58.25
0, 2637, 58.0
0, 2638, 57.75
0, 2639, 57.5
0, 2640, 57.25
0, 2641, 57.0
0, 2642, 56.75
0, 2643, 56.5
0, 2644, 56.25
0, 2645, 56.0
0, 2646, 55.75
0, 2647, 55.5
0, 2648, 55.25
0, 2649, 55.0
0, 2650, 54.75
0, 2651, 54.5
0, 2652, 54.25
0, 2653, 54.0
0, 2654, 53.75
0, 2655, 53.5
0, 2656, 53.25
0, 2657, 53.0
0, 2658, 52.75
0, 2659, 52.5
0, 2660, 52.25
0, 2661, 52.0
0, 2662, 51.75
0, 2663, 51.5
0, 2664, 51.25
0, 2665, 51.0
0, 2666, 50.75
0, 2667, 50.5
0, 2668, 50.25
0, 2669, 50.0
0, 2670, 49.75
0, 2671, 49.5
0, 2672, 49.25
0, 2673, 49.0
0, 2674, 48.75
0, 2675, 48.5
0, 2676, 48.25
0, 2677, 48.0
0, 2678, 47.75
0, 2679, 47.5
0, 2680, 47.25
0, 2681, 47.0
0, 2682, 46.75
0, 2683, 46.5
0, 2684, 46.25
0, 2685, 46.0
0, 2686, 45.75
0, 2687, 45.5
0, 2688, 45.25
0, 2689, 45.0
0, 2690, 44.75
0, 2691, 44.5
0, 2692, 44.25
0, 2693, 44.0
0, 2694, 43.75
0, 2695, 43.5
0, 2696, 43.25
0, 2697, 43.0
0, 2698, 42.75
0, 2699, 42.5
0, 2700, 42.25
0, 2701, 42.0
0, 2702, 41.75
0, 2703, 41.5
0, 2704, 41.25
0, 2705, 41.0
0, 2706, 40.75
0, 2707, 40.5
0, 2708, 40.25
0, 2709, 40.0
0, 2710, 39.75
0, 2711, 39.5
0, 2712, 39.25
0, 2713, 39.0
0, 2714, 38.75
0, 2715, 38.5
0, 2716, 38.25
0, 2717, 38.0
0, 2718, 37.75
0, 2719, 37.5
0, 2720, 37.25
0, 2721, 37.0
0, 2722, 36.75
0, 2723, 36.5
0, 2724, 36.25
0, 2725, 36.0
0, 2726, 35.75
0, 2727, 35.5
0, 2728, 35.25
0, 2729, 35.0
0, 2730, 34.75
0, 2731, 34.5
0, 2732, 34.25
0, 2733, 34.0
0, 2734, 33.75
0, 2735, 33.5
0, 2736, 33.25
0, 2737, 33.0
0, 2738, 32.75
0, 2739, 32.5
0, 2740, 32.25
0, 2741, 32.0
0, 2742, 31.75
0, 2743, 31.5
0, 2744, 31.25
0, 2745, 31.0
0, 2746, 30.75
0, 2747, 30.5
0, 2748, 30.25
0, 2749, 30.0
0, 2750, 29.75
0, 2751, 29.5
0, 2752, 29.25
0, 2753, 29.0
0, 2754, 28.75
0, 2755, 28.5
0, 2756, 28.25
0, 2757, 28.0
0, 2758, 27.75
0, 2759, 27.5
0, 2760, 27.25
0, 2761, 27.0
0, 2762, 26.75
0, 2763, 26.5
0, 2764, 26.25
0, 2765, 26.0
0, 2766, 25.75
0, 2767, 25.5
0, 2768, 25.25
0, 2769, 25.0
0, 2770, 24.75
0, 2771, 24.5
0, 2772, 24.25
0, 2773, 24.0
0, 2774, 23.75
0, 2775, 23.5
0, 2776, 23.25
0, 2777, 23.0
0, 2778, 22.75
0, 2779, 22.5
0, 2780, 22.25
0, 2781, 22.0
0, 2782, 21.75
0, 2783, 21.5
0, 2784, 21.25
0, 2785, 21.0
0, 2786, 20.75
0, 2787, 20.5
0, 2788, 20.25
0, 2789, 20.0
0, 2790, 19.75
0, 2791, 19.5
0, 2792, 19.25
0, 2793, 19.0
0, 2794, 18.75
0, 2795, 18.5
0, 2796, 18.25
0, 2797, 18.0
0, 2798, 17.75
0, 2799, 17.5
0, 2800, 17.25
0, 2801, 17.0
0, 2802, 16.75
0, 2803, 16.5
0, 2804, 16.25
0, 2805, 16.0
0, 2806, 15.75
0, 2807, 15.5
0, 2808, 15.25
0, 2809, 15.0
0, 2810, 14.75
0, 2811, 14.5
0, 2812, 14.25
0, 2813, 14.0
0, 2814, 13.75
0, 2815, 13.5
0, 2816, 13.25
0, 2817, 13.0
0, 2818, 12.75
0, 2819, 12.5
0, 2820, 12.25
0, 2821, 12.0
0, 2822, 11.75
0, 2823, 11.5
0, 2824, 11.25
0, 2825, 11.0
0, 2826, 10.75
0, 2827, 10.5
0, 2828, 10.25
0, 2829, 10.0
0, 2830, 9.75
0, 2831, 9.5
0, 2832, 9.75
0, 2833, 10.0
0, 2834, 10.25
0, 2835, 10.0
0, 2836, 9.75
0, 2837, 10.0
0, 2838, 10.25
0, 2839, 10.5
0, 2840, 10.75
0, 2841, 11.0
0, 2842, 11.25
0, 2843, 11.5
0, 2844, 11.75
0, 2845, 12.0
0, 2846, 12.25
0, 2847, 12.5
0, 2848, 12.75
0, 2849, 13.0
0, 2850, 13.25
0, 2851, 13.5
0, 2852, 13.75
0, 2853, 14.0
0, 2854, 14.25
0, 2855, 14.5
0, 2856, 14.75
0, 2857, 15.0
0, 2858, 15.25
0, 2859, 15.5
0, 2860, 15.75
0, 2861, 16.0
0, 2862, 16.25
0, 2863, 16.5
0, 2864, 16.75
0, 2865, 17.0
0, 2866, 17.25
0, 2867, 17.5
0, 2868, 17.75
0, 2869, 18.0
0, 2870, 18.25
0, 2871, 18.5
0, 2872, 18.75
0, 2873, 19.0
0, 2874, 19.25
0, 2875, 19.5
0, 2876, 19.75
0, 2877, 20.0
0, 2878, 20.25
0, 2879, 20.5
0, 2880, 20.75
0, 2881, 21.0
0, 2882, 21.25
0, 2883, 21.5
0, 2884, 21.75
0, 2885, 22.0
0, 2886, 22.25
0, 2887, 22.5
0, 2888, 22.75
0, 2889, 23.0
0, 2890, 23.25
0, 2891, 23.5
0, 2892, 23.75
0, 2893, 24.0
0, 2894, 24.25
0, 2895, 24.5
0, 2896, 24.75
0, 2897, 25.0
0, 2898, 25.25
0, 2899, 25.5
0, 2900, 25.75
0, 2901, 26.0
0, 2902, 26.25
0, 2903, 26.5
0, 2904, 26.75
0, 2905, 27.0
0, 2906, 27.25
0, 2907, 27.5
0, 2908, 27.75
0, 2909, 28.0
0, 2910, 28.25
0, 2911, 28.5
0, 2912, 28.75
0, 2913, 29.0
0, 2914, 29.25
0, 2915, 29.5
0, 2916, 29.75
0, 2917, 30.0
0, 2918, 30.25
0, 2919, 30.5
0, 2920, 30.75
0, 2921, 31.0
0, 2922, 31.25
0, 2923, 31.5
0, 2924, 31.75
0, 2925, 32.0
0, 2926, 32.25
0, 2927, 32.5
0, 2928, 32.75
0, 2929, 33.0
0, 2930, 33.25
0, 2931, 33.5
0, 2932, 33.75
0, 2933, 34.0
0, 2934, 34.25
0, 2935, 34.5
0, 2936, 34.75
0, 2937, 35.0
0, 2938, 35.25
0, 2939, 35.5
0, 2940, 35.75
0, 2941, 36.0
0, 2942, 36.25
0, 2943, 36.5
0, 2944, 36.75
0, 2945, 37.0
0, 2946, 37.25
0, 2947, 37.0
0, 2948, 36.75
0, 2949, 36.5
0, 2950, 36.25
0, 2951, 36.0
0, 2952, 35.75
0, 2953, 35.5
0, 2954, 35.25
0, 2955, 35.0
0, 2956, 34.75
0, 2957, 34.5
0, 2958, 34.25
0, 2959, 34.0
0, 2960, 33.75
0, 2961, 33.5
0, 2962, 33.25
0, 2963, 33.0
0, 2964, 32.75
0, 2965, 32.5
0, 2966, 32.25
0, 2967, 32.0
0, 2968, 31.75
0, 2969, 31.5
0, 2970, 31.25
0, 2971, 31.0
0, 2972, 30.75
0, 2973, 30.5
0, 2974, 30.25
0, 2975, 30.0
0, 2976, 29.75
0, 2977, 29.5
0, 2978, 29.25
0, 2979, 29.0
0, 2980, 28.75
0, 2981, 28.5
0, 2982, 28.25
0, 2983, 28.0
0, 2984, 27.75
0, 2985, 27.5
0, 2986, 27.25
0, 2987, 27.0
0, 2988, 26.75
0, 2989, 26.5
0, 2990, 26.25
0, 2991, 26.0
0, 2992, 25.75
0, 2993, 25.5
0, 2994, 25.25
0, 2995, 25.0
0, 2996, 24.75
0, 2997, 24.5
0, 2998, 24.25
0, 2999, 24.0
0, 3000, 23.75
0, 3001, 23.5
0, 3002, 23.25
0, 3003, 23.0
0, 3004, 22.75
0, 3005, 22.5
0, 3006, 22.25
0, 3007, 22.0
0, 3008, 21.75
0, 3009, 21.5
0, 3010, 21.25
0, 3011, 21.0
0, 3012, 20.75
0, 3013, 20.5
0, 3014, 20.25
0, 3015, 20.0
0, 3016, 19.75
0, 3017, 19.5
0, 3018, 19.25
0, 3019, 19.0
0, 3020, 18.75
0, 3021, 18.5
0, 3022, 18.25
0, 3023, 18.0
0, 3024, 17.75
0, 3025, 17.5
0, 3026, 17.25
0, 3027, 17.0
0, 3028, 16.75
0, 3029, 16.5
0, 3030, 16.25
0, 3031, 16.0
0, 3032, 15.75
0, 3033, 15.5
0, 3034, 15.25
0, 3035, 15.0
0, 3036, 14.75
0, 3037, 14.5
0, 3038, 14.25
0, 3039, 14.0
0, 3040, 13.75
0, 3041, 13.5
0, 3042, 13.25
0, 3043, 13.0
0, 3044, 12.75
0, 3045, 12.5
0, 3046, 12.25
0, 3047, 12.0
0, 3048, 11.75
0, 3049, 11.5
0, 3050, 11.25
0, 3051, 11.0
0, 3052, 10.75
0, 3053, 10.5
0, 3054, 10.25
0, 3055, 10.0
0, 3056, 9.75
0, 3057, 9.5
0, 3058, 9.25
0, 3059, 9.0
0, 3060, 8.75
0, 3061, 8.5
0, 3062, 8.25
0, 3063, 8.0
0, 3064, 7.75
0, 3065, 7.5
0, 3066, 7.25
0, 3067, 7.0
0, 3068, 6.75
0, 3069, 6.5
0, 3070, 6.25
0, 3071, 6.0
0, 3072, 5.75
0, 3073, 5.5
0, 3074, 5.25
0, 3075, 5.0
0, 3076, 4.75
0, 3077, 4.5
0, 3078, 4.25
0, 3079, 4.0
0, 3080, 3.75
0, 3081, 3.5
0, 3082, 3.25
0, 3083, 3.0
0, 3084, 2.75
0, 3085, 2.5
0, 3086, 2.25
0, 3087, 2.0
0, 3088, 1.75
0, 3089, 1.5
0, 3090, 1.25
0, 3091, 1.0
0, 3092, 0.75
0, 3093, 0.75
0, 3094, 0.75
0, 3095, 0.75
0, 3096, 0.75
0, 3097, 0.75
0, 3098, 0.75
0, 3099, 0.75
0, 3100, 0.75
0, 3101, 0.75
0, 3102, 0.75
0, 3103, 0.75
0, 3104, 0.75
0, 3105, 0.75
0, 3106, 0.75
0, 3107, 0.75
0, 3108, 0.75
0, 3109, 0.75
0, 3110, 0.75
0, 3111, 0.75
0, 3112, 0.75
0, 3113, 0.75
0, 3114, 0.75
0, 3115, 0.75
0, 3116, 0.75
0, 3117, 0.75
0, 3118, 0.75
0, 3119, 0.75
0, 3120, 1.0
0, 3121, 1.25
0, 3122, 1.0
0, 3123, 0.75
0, 3124, 0.75
0, 3125, 1.0
0, 3126, 1.25
0, 3127, 1.5
0, 3128, 1.75
0, 3129, 2.0
0, 3130, 2.25
0, 3131, 2.5
0, 3132, 2.75
0, 3133, 3.0
0, 3134, 3.25
0, 3135, 3.5
0, 3136, 3.75
0, 3137, 4.0
0, 3138, 4.25
0, 3139, 4.5
0, 3140, 4.75
0, 3141, 5.0
0, 3142, 5.25
0, 3143, 5.5
0, 3144, 5.75
0, 3145, 6.0
0, 3146, 6.25
0, 3147, 6.5
0, 3148, 6.75
0, 3149, 7.0
0, 3150, 7.25
0, 3151, 7.5
0, 3152, 7.75
0, 3153, 8.0
0, 3154, 8.25
0, 3155, 8.5
0, 3156, 8.75
0, 3157, 9.0
0, 3158, 9.25
0, 3159, 9.5
0, 3160, 9.75
0, 3161, 10.0
0, 3162, 10.25
0, 3163, 10.5
0, 3164, 10.75
0, 3165, 11.0
0, 3166, 11.25
0, 3167, 11.5
0, 3168, 11.75
0, 3169, 12.0
0, 3170, 12.25
0, 3171, 12.5
0, 3172, 12.75
0, 3173, 13.0
0, 3174, 13.25
0, 3175, 13.5
0, 3176, 13.75
0, 3177, 14.0
0, 3178, 14.25
0, 3179, 14.5
0, 3180, 14.75
0, 3181, 15.0
0, 3182, 15.25
0, 3183, 15.5
0, 3184, 15.75
0, 3185, 16.0
0, 3186, 16.25
0, 3187, 16.5
0, 3188, 16.75
0, 3189, 17.0
0, 3190, 17.25
0, 3191, 17.5
0, 3192, 17.75
0, 3193, 18.0
0, 3194, 18.25
0, 3195, 18.5
0, 3196, 18.75
0, 3197, 19.0
0, 3198, 19.25
0, 3199, 19.5
0, 3200, 19.75
0, 3201, 20.0
0, 3202, 20.25
0, 3203, 20.5
0, 3204, 20.75
0, 3205, 21.0
0, 3206, 21.25
0, 3207, 21.5
0, 3208, 21.75
0, 3209, 22.0
0, 3210, 22.25
0, 3211, 22.5
0, 3212, 22.75
0, 3213, 23.0
0, 3214, 23.25
0, 3215, 23.5
0, 3216, 23.75
0, 3217, 24.0
0, 3218, 24.25
0, 3219, 24.5
0, 3220, 24.75
0, 3221, 25.0
0, 3222, 25.25
0, 3223, 25.5
0, 3224, 25.75
0, 3225, 26.0
0, 3226, 26.25
0, 3227, 26.5
0, 3228, 26.75
0, 3229, 27.0
0, 3230, 27.25
0, 3231, 27.5
0, 3232, 27.75
0, 3233, 28.0
0, 3234, 28.25
0, 3235, 28.5
0, 3236, 28.75
0, 3237, 29.0
0, 3238, 29.25
0, 3239, 29.5
0, 3240, 29.75
0, 3241, 30.0
0, 3242, 30.25
0, 3243, 30.5
0, 3244, 30.75
0, 3245, 31.0
0, 3246, 31.25
0, 3247, 31.5
0, 3248, 31.75
0, 3249, 32.0
0, 3250, 32.25
0, 3251, 32.5
0, 3252, 32.75
0, 3253, 33.0
0, 3254, 33.25
0, 3255, 33.5
0, 3256, 33.75
0, 3257, 34.0
0, 3258, 34.25
0, 3259, 34.5
0, 3260, 34.75
0, 3261, 35.0
0, 3262, 35.25
0, 3263, 35.0
0, 3264, 34.75
0, 3265, 34.5
0, 3266, 34.75
0, 3267, 35.0
0, 3268, 35.25
0, 3269, 35.0
0, 3270, 34.75
0, 3271, 34.5
0, 3272, 34.25
0, 3273, 34.0
0, 3274, 33.75
0, 3275, 33.5
0, 3276, 33.25
0, 3277, 33.0
0, 3278, 32.75
0, 3279, 32.5
0, 3280, 32.25
0, 3281, 32.0
0, 3282, 31.75
0, 3283, 31.5
0, 3284, 31.25
0, 3285, 31.0
0, 3286, 30.75
0, 3287, 30.5
0, 3288, 30.25
0, 3289, 30.0
0, 3290, 29.75
0, 3291, 29.5
0, 3292, 29.25
0, 3293, 29.0
0, 3294, 28.75
0, 3295, 28.5
0, 3296, 28.25
0, 3297, 28.0
0, 3298, 27.75
0, 3299, 27.5
0, 3300, 27.25
0, 3301, 27.0
0, 3302, 26.75
0, 3303, 26.5
0, 3304, 26.25
0, 3305, 26.0
0, 3306, 25.75
0, 3307, 25.5
0, 3308, 25.25
0, 3309, 25.0
0, 3310, 24.75
0, 3311, 24.5
0, 3312, 24.25
0, 3313, 24.0
0, 3314, 23.75
0, 3315, 23.5
0, 3316, 23.25
0, 3317, 23.0
0, 3318, 22.75
0, 3319, 22.5
0, 3320, 22.25
0, 3321, 22.0
0, 3322, 21.75
0, 3323, 21.5
0, 3324, 21.25
0, 3325, 21.0
0, 3326, 20.75
0, 3327, 20.5
0, 3328, 20.25
0, 3329, 20.0
0, 3330, 19.75
0, 3331, 19.5
0, 3332, 19.25
0, 3333, 19.0
0, 3334, 18.75
0, 3335, 18.5
0, 3336, 18.25
0, 3337, 18.0
0, 3338, 17.75
0, 3339, 17.5
0, 3340, 17.25
0, 3341, 17.0
0, 3342, 16.75
0, 3343, 16.5
0, 3344, 16.25
0, 3345, 16.0
0, 3346, 15.75
0, 3347, 15.5
0, 3348, 15.25
0, 3349, 15.0
0, 3350, 14.75
0, 3351, 14.5
0, 3352, 14.25
0, 3353, 14.0
0, 3354, 13.75
0, 3355, 13.5
0, 3356, 13.25
0, 3357, 13.0
0, 3358, 12.75
0, 3359, 12.5
0, 3360, 12.25
0, 3361, 12.0
0, 3362, 11.75
0, 3363, 11.5
0, 3364, 11.25
0, 3365, 11.0
0, 3366, 10.75
0, 3367, 10.5
0, 3368, 10.25
0, 3369, 10.0
0, 3370, 9.75
0, 3371, 9.5
0, 3372, 9.25
0, 3373, 9.0
0, 3374, 8.75
0, 3375, 8.5
0, 3376, 8.25
0, 3377, 8.0
0, 3378, 7.75
0, 3379, 7.5
0, 3380, 7.25
0, 3381, 7.0
0, 3382, 6.75
0, 3383, 6.5
0, 3384, 6.25
0, 3385, 6.0
0, 3386, 5.75
0, 3387, 5.5
0, 3388, 5.25
0, 3389, 5.0
0, 3390, 4.75
0, 3391, 4.5
0, 3392, 4.75
0, 3393, 5.0
0, 3394, 5.25
0, 3395, 5.5
0, 3396, 5.25
0, 3397, 5.5
0, 3398, 5.75
0, 3399, 6.0
0, 3400, 6.25
0, 3401, 6.5
0, 3402, 6.75
0, 3403, 6.5
0, 3404, 6.75
0, 3405, 7.0
0, 3406, 7.25
0, 3407, 7.5
0, 3408, 7.75
0, 3409, 8.0
0, 3410, 8.25
0, 3411, 8.5
0, 3412, 8.75
0, 3413, 9.0
0, 3414, 9.25
0, 3415, 9.5
0, 3416, 9.75
0, 3417, 10.0
0, 3418, 10.25
0, 3419, 10.5
0, 3420, 10.75
0, 3421, 11.0
0, 3422, 11.25
0, 3423, 11.5
0, 3424, 11.75
0, 3425, 12.0
0, 3426, 12.25
0, 3427, 12.5
0, 3428, 12.75
0, 3429, 13.0
0, 3430, 13.25
0, 3431, 13.5
0, 3432, 13.75
0, 3433, 14.0
0, 3434, 14.25
0, 3435, 14.5
0, 3436, 14.75
0, 3437, 15.0
0, 3438, 15.25
0, 3439, 15.5
0, 3440, 15.75
0, 3441, 16.0
0, 3442, 16.25
0, 3443, 16.5
0, 3444, 16.75
0, 3445, 17.0
0, 3446, 17.25
0, 3447, 17.5
0, 3448, 17.75
0, 3449, 18.0
0, 3450, 18.25
0, 3451, 18.5
0, 3452, 18.75
0, 3453, 19.0
0, 3454, 19.25
0, 3455, 19.5
0, 3456, 19.75
0, 3457, 20.0
0, 3458, 20.25
0, 3459, 20.5
0, 3460, 20.75
0, 3461, 21.0
0, 3462, 21.25
0, 3463, 21.5
0, 3464, 21.75
0, 3465, 22.0
0, 3466, 22.25
0, 3467, 22.5
0, 3468, 22.75
0, 3469, 23.0
0, 3470, 23.25
0, 3471, 23.5
0, 3472, 23.75
0, 3473, 24.0
0, 3474, 24.25
0, 3475, 24.5
0, 3476, 24.75
0, 3477, 25.0
0, 3478, 25.25
0, 3479, 25.5
0, 3480, 25.75
0, 3481, 26.0
0, 3482, 26.25
0, 3483, 26.5
0, 3484, 26.75
0, 3485, 27.0
0, 3486, 27.25
0, 3487, 27.5
0, 3488, 27.75
0, 3489, 28.0
0, 3490, 28.25
0, 3491, 28.5
0, 3492, 28.75
0, 3493, 29.0
0, 3494, 29.25
0, 3495, 29.5
0, 3496, 29.75
0, 3497, 30.0
0, 3498, 30.25
0, 3499, 30.5
0, 3500, 30.75
0, 3501, 31.0
0, 3502, 31.25
0, 3503, 31.5
0, 3504, 31.75
0, 3505, 32.0
0, 3506, 32.25
0, 3507, 32.5
0, 3508, 32.75
0, 3509, 33.0
0, 3510, 33.25
0, 3511, 33.5
0, 3512, 33.75
0, 3513, 34.0
0, 3514, 34.25
0, 3515, 34.5
0, 3516, 34.75
0, 3517, 35.0
0, 3518, 35.25
0, 3519, 35.5
0, 3520, 35.75
0, 3521, 36.0
0, 3522, 36.25
0, 3523, 36.5
0, 3524, 36.75
0, 3525, 37.0
0, 3526, 37.25
0, 3527, 37.5
0, 3528, 37.75
0, 3529, 38.0
0, 3530, 38.25
0, 3531, 38.5
0, 3532, 38.75
0, 3533, 39.0
0, 3534, 39.25
0, 3535, 39.5
0, 3536, 39.75
0, 3537, 40.0
0, 3538, 40.25
0, 3539, 40.5
0, 3540, 40.75
0, 3541, 41.0
0, 3542, 41.25
0, 3543, 41.5
0, 3544, 41.75
0, 3545, 42.0
0, 3546, 42.25
0, 3547, 42.5
0, 3548, 42.75
0, 3549, 43.0
0, 3550, 43.25
0, 3551, 43.5
0, 3552, 43.75
0, 3553, 44.0
0, 3554, 44.25
0, 3555, 44.5
0, 3556, 44.75
0, 3557, 44.5
0, 3558, 44.25
0, 3559, 44.0
0, 3560, 44.25
0, 3561, 44.5
0, 3562, 44.75
0, 3563, 44.5
0, 3564, 44.25
0, 3565, 44.0
0, 3566, 43.75
0, 3567, 43.5
0, 3568, 43.75
0, 3569, 44.0
0, 3570, 43.75
0, 3571, 43.5
0, 3572, 43.25
0, 3573, 43.0
0, 3574, 42.75
0, 3575, 42.5
0, 3576, 42.25
0, 3577, 42.0
0, 3578, 41.75
0, 3579, 41.5
0, 3580, 41.25
0, 3581, 41.0
0, 3582, 40.75
0, 3583, 40.5
0, 3584, 40.25
0, 3585, 40.0
0, 3586, 39.75
0, 3587, 39.5
0, 3588, 39.25
0, 3589, 39.0
0, 3590, 38.75
0, 3591, 38.5
0, 3592, 38.25
0, 3593, 38.0
0, 3594, 37.75
0, 3595, 37.5
0, 3596, 37.25
0, 3597, 37.0
0, 3598, 36.75
0, 3599, 36.5
0, 3600, 36.25
0, 3601, 36.0
0, 3602, 35.75
0, 3603, 35.5
0, 3604, 35.25
0, 3605, 35.0
0, 3606, 34.75
0, 3607, 34.5
0, 3608, 34.25
0, 3609, 34.0
0, 3610, 33.75
0, 3611, 33.5
0, 3612, 33.25
0, 3613, 33.0
0, 3614, 32.75
0, 3615, 32.5
0, 3616, 32.25
0, 3617, 32.0
0, 3618, 31.75
0, 3619, 31.5
0, 3620, 31.25
0, 3621, 31.0
0, 3622, 30.75
0, 3623, 30.5
0, 3624, 30.25
0, 3625, 30.0
0, 3626, 29.75
0, 3627, 29.5
0, 3628, 29.25
0, 3629, 29.0
0, 3630, 28.75
0, 3631, 28.5
0, 3632, 28.25
0, 3633, 28.0
0, 3634, 27.75
0, 3635, 27.5
0, 3636, 27.25
0, 3637, 27.0
0, 3638, 26.75
0, 3639, 26.5
0, 3640, 26.25
0, 3641, 26.0
0, 3642, 25.75
0, 3643, 25.5
0, 3644, 25.25
0, 3645, 25.0
0, 3646, 24.75
0, 3647, 24.5
0, 3648, 24.25
0, 3649, 24.0
0, 3650, 23.75
0, 3651, 23.5
0, 3652, 23.25
0, 3653, 23.0
0, 3654, 22.75
0, 3655, 22.5
0, 3656, 22.25
0, 3657, 22.0
0, 3658, 21.75
0, 3659, 21.5
0, 3660, 21.25
0, 3661, 21.0
0, 3662, 20.75
0, 3663, 20.5
0, 3664, 20.25
0, 3665, 20.0
0, 3666, 19.75
0, 3667, 19.5
0, 3668, 19.25
0, 3669, 19.0
0, 3670, 18.75
0, 3671, 18.5
0, 3672, 18.25
0, 3673, 18.0
0, 3674, 17.75
0, 3675, 17.5
0, 3676, 17.25
0, 3677, 17.0
0, 3678, 16.75
0, 3679, 17.0
0, 3680, 17.25
0, 3681, 17.5
0, 3682, 17.75
0, 3683, 18.0
0, 3684, 18.25
0, 3685, 18.5
0, 3686, 18.75
0, 3687, 19.0
0, 3688, 19.25
0, 3689, 19.5
0, 3690, 19.75
0, 3691, 20.0
0, 3692, 20.25
0, 3693, 20.5
0, 3694, 20.75
0, 3695, 21.0
0, 3696, 21.25
0, 3697, 21.5
0, 3698, 21.75
0, 3699, 22.0
0, 3700, 22.25
0, 3701, 22.5
0, 3702, 22.75
0, 3703, 23.0
0, 3704, 23.25
0, 3705, 23.5
0, 3706, 23.75
0, 3707, 24.0
0, 3708, 24.25
0, 3709, 24.5
0, 3710, 24.75
0, 3711, 25.0
0, 3712, 25.25
0, 3713, 25.5
0, 3714, 25.75
0, 3715, 26.0
0, 3716, 26.25
0, 3717, 26.5
0, 3718, 26.75
0, 3719, 27.0
0, 3720, 27.25
0, 3721, 27.5
0, 3722, 27.75
0, 3723, 28.0
0, 3724, 28.25
0, 3725, 28.5
0, 3726, 28.75
0, 3727, 29.0
0, 3728, 29.25
0, 3729, 29.5
0, 3730, 29.75
0, 3731, 30.0
0, 3732, 30.25
0, 3733, 30.5
0, 3734, 30.75
0, 3735, 31.0
0, 3736, 31.25
0, 3737, 31.5
0, 3738, 31.75
0, 3739, 32.0
0, 3740, 32.25
0, 3741, 32.5
0, 3742, 32.75
0, 3743, 33.0
0, 3744, 33.25
0, 3745, 33.5
0, 3746, 33.75
0, 3747, 34.0
0, 3748, 34.25
0, 3749, 34.5
0, 3750, 34.75
0, 3751, 35.0
0, 3752, 35.25
0, 3753, 35.5
0, 3754, 35.75
0, 3755, 36.0
0, 3756, 36.25
0, 3757, 36.5
0, 3758, 36.75
0, 3759, 37.0
0, 3760, 37.25
0, 3761, 37.5
0, 3762, 37.75
0, 3763, 38.0
0, 3764, 38.25
0, 3765, 38.5
0, 3766, 38.75
0, 3767, 39.0
0, 3768, 39.25
0, 3769, 39.5
0, 3770, 39.75
0, 3771, 40.0
0, 3772, 40.25
0, 3773, 40.5
0, 3774, 40.75
0, 3775, 41.0
0, 3776, 41.25
0, 3777, 41.5
0, 3778, 41.75
0, 3779, 42.0
0, 3780, 42.25
0, 3781, 42.5
0, 3782, 42.75
0, 3783, 43.0
0, 3784, 43.25
0, 3785, 43.5
0, 3786, 43.75
0, 3787, 44.0
0, 3788, 44.25
0, 3789, 44.5
0, 3790, 44.75
0, 3791, 45.0
0, 3792, 45.25
0, 3793, 45.5
0, 3794, 45.75
0, 3795, 46.0
0, 3796, 46.25
0, 3797, 46.5
0, 3798, 46.75
0, 3799, 47.0
0, 3800, 47.25
0, 3801, 47.5
0, 3802, 47.75
0, 3803, 48.0
0, 3804, 48.25
0, 3805, 48.5
0, 3806, 48.75
0, 3807, 49.0
0, 3808, 49.25
0, 3809, 49.5
0, 3810, 49.75
0, 3811, 50.0
0, 3812, 50.25
0, 3813, 50.5
0, 3814, 50.75
0, 3815, 51.0
0, 3816, 51.25
0, 3817, 51.5
0, 3818, 51.75
0, 3819, 52.0
0, 3820, 52.25
0, 3821, 52.5
0, 3822, 52.75
0, 3823, 53.0
0, 3824, 53.25
0, 3825, 53.5
0, 3826, 53.75
0, 3827, 54.0
0, 3828, 54.25
0, 3829, 54.5
0, 3830, 54.75
0, 3831, 55.0
0, 3832, 55.25
0, 3833, 55.5
0, 3834, 55.75
0, 3835, 56.0
0, 3836, 56.25
0, 3837, 56.0
0, 3838, 55.75
0, 3839, 55.5
0, 3840, 55.75
0, 3841, 56.0
0, 3842, 56.25
0, 3843, 56.0
0, 3844, 55.75
0, 3845, 55.5
0, 3846, 55.25
0, 3847, 55.0
0, 3848, 54.75
0, 3849, 54.5
0, 3850, 54.25
0, 3851, 54.0
0, 3852, 53.75
0, 3853, 53.5
0, 3854, 53.25
0, 3855, 53.0
0, 3856, 52.75
0, 3857, 52.5
0, 3858, 52.25
0, 3859, 52.0
0, 3860, 51.75
0, 3861, 51.5
0, 3862, 51.25
0, 3863, 51.0
0, 3864, 50.75
0, 3865, 50.5
0, 3866, 50.25
0, 3867, 50.0
0, 3868, 49.75
0, 3869, 49.5
0, 3870, 49.25
0, 3871, 49.0
0, 3872, 48.75
0, 3873, 48.5
0, 3874, 48.25
0, 3875, 48.0
0, 3876, 47.75
0, 3877, 47.5
0, 3878, 47.25
0, 3879, 47.0
0, 3880, 46.75
0, 3881, 46.5
0, 3882, 46.25
0, 3883, 46.0
0, 3884, 45.75
0, 3885, 45.5
0, 3886, 45.25
0, 3887, 45.0
0, 3888, 44.75
0, 3889, 44.5
0, 3890, 44.25
0, 3891, 44.0
0, 3892, 43.75
0, 3893, 43.5
0, 3894, 43.25
0, 3895, 43.0
0, 3896, 42.75
0, 3897, 42.5
0, 3898, 42.25
0, 3899, 42.0
0, 3900, 41.75
0, 3901, 41.5
0, 3902, 41.25
0, 3903, 41.0
0, 3904, 40.75
0, 3905, 40.5
0, 3906, 40.25
0, 3907, 40.0
0, 3908, 39.75
0, 3909, 39.5
0, 3910, 39.25
0, 3911, 39.0
0, 3912, 38.75
0, 3913, 38.5
0, 3914, 38.25
0, 3915, 38.0
0, 3916, 37.75
0, 3917, 37.5
0, 3918, 37.25
0, 3919, 37.0
0, 3920, 36.75
0, 3921, 36.5
0, 3922, 36.25
0, 3923, 36.0
0, 3924, 35.75
0, 3925, 35.5
0, 3926, 35.25
0, 3927, 35.0
0, 3928, 34.75
0, 3929, 34.5
0, 3930, 34.25
0, 3931, 34.0
0, 3932, 33.75
0, 3933, 33.5
0, 3934, 33.25
0, 3935, 33.0
0, 3936, 32.75
0, 3937, 32.5
0, 3938, 32.25
0, 3939, 32.0
0, 3940, 31.75
0, 3941, 31.5
0, 3942, 31.25
0, 3943, 31.0
0, 3944, 30.75
0, 3945, 30.5
0, 3946, 30.25
0, 3947, 30.0
0, 3948, 29.75
0, 3949, 29.5
0, 3950, 29.25
0, 3951, 29.0
0, 3952, 28.75
0, 3953, 28.5
0, 3954, 28.25
0, 3955, 28.0
0, 3956, 27.75
0, 3957, 27.5
0, 3958, 27.25
0, 3959, 27.0
0, 3960, 26.75
0, 3961, 26.5
0, 3962, 26.25
0, 3963, 26.0
0, 3964, 25.75
0, 3965, 25.5
0, 3966, 25.25
0, 3967, 25.0
0, 3968, 24.75
0, 3969, 24.5
0, 3970, 24.25
0, 3971, 24.0
0, 3972, 23.75
0, 3973, 23.5
0, 3974, 23.25
0, 3975, 23.0
0, 3976, 22.75
0, 3977, 22.5
0, 3978, 22.25
0, 3979, 22.0
0, 3980, 21.75
0, 3981, 21.5
0, 3982, 21.25
0, 3983, 21.0
0, 3984, 20.75
0, 3985, 20.5
0, 3986, 20.25
0, 3987, 20.0
0, 3988, 19.75
0, 3989, 19.5
0, 3990, 19.25
0, 3991, 19.0
0, 3992, 18.75
0, 3993, 18.5
0, 3994, 18.25
0, 3995, 18.0
0, 3996, 17.75
0, 3997, 17.5
0, 3998, 17.25
0, 3999, 17.0
0, 4000, 16.75
0, 4001, 16.5
0, 4002, 16.25
0, 4003, 16.0
0, 4004, 15.75
0, 4005, 15.5
0, 4006, 15.25
0, 4007, 15.0
0, 4008, 14.75
0, 4009, 14.5
0, 4010, 14.25
0, 4011, 14.0
0, 4012, 13.75
0, 4013, 13.5
0, 4014, 13.25
0, 4015, 13.0
0, 4016, 12.75
0, 4017, 12.5
0, 4018, 12.25
0, 4019, 12.0
0, 4020, 11.75
0, 4021, 11.5
0, 4022, 11.25
0, 4023, 11.0
0, 4024, 10.75
0, 4025, 10.5
0, 4026, 10.25
0, 4027, 10.0
0, 4028, 9.75
0, 4029, 9.5
0, 4030, 9.25
0, 4031, 9.0
0, 4032, 8.75
0, 4033, 8.5
0, 4034, 8.25
0, 4035, 8.0
0, 4036, 7.75
0, 4037, 7.5
0, 4038, 7.25
0, 4039, 7.0
0, 4040, 6.75
0, 4041, 6.5
0, 4042, 6.25
0, 4043, 6.0
0, 4044, 5.75
0, 4045, 5.5
0, 4046, 5.25
0, 4047, 5.0
0, 4048, 4.75
0, 4049, 4.5
0, 4050, 4.25
0, 4051, 4.0
0, 4052, 3.75
0, 4053, 3.5
0, 4054, 3.25
0, 4055, 3.0
0, 4056, 2.75
0, 4057, 2.5
0, 4058, 2.25
0, 4059, 2.0
0, 4060, 1.75
0, 4061, 1.5
0, 4062, 1.25
0, 4063, 1.0
0, 4064, 0.75
0, 4065, 0.75
0, 4066, 0.75
0, 4067, 0.75
0, 4068, 0.75
0, 4069, 0.75
0, 4070, 0.75
0, 4071, 0.75
0, 4072, 1.0
0, 4073, 1.25
0, 4074, 1.5
0, 4075, 1.25
0, 4076, 1.0
0, 4077, 1.25
0, 4078, 1.5
0, 4079, 1.75
0, 4080, 2.0
0, 4081, 2.25
0, 4082, 2.5
0, 4083, 2.75
0, 4084, 3.0
0, 4085, 3.25
0, 4086, 3.5
0, 4087, 3.75
0, 4088, 4.0
0, 4089, 4.25
0, 4090, 4.5
0, 4091, 4.75
0, 4092, 5.0
0, 4093, 5.25
0, 4094, 5.5
0, 4095, 5.75
0, 4096, 6.0
0, 4097, 6.25
0, 4098, 6.5
0, 4099, 6.75
0, 4100, 7.0
0, 4101, 7.25
0, 4102, 7.5
0, 4103, 7.75
0, 4104, 8.0
0, 4105, 8.25
0, 4106, 8.5
0, 4107, 8.75
0, 4108, 9.0
0, 4109, 9.25
0, 4110, 9.5
0, 4111, 9.75
0, 4112, 10.0
0, 4113, 10.25
0, 4114, 10.5
0, 4115, 10.75
0, 4116, 11.0
0, 4117, 11.25
0, 4118, 11.5
0, 4119, 11.75
0, 4120, 12.0
0, 4121, 12.25
0, 4122, 12.5
0, 4123, 12.75
0, 4124, 13.0
0, 4125, 13.25
0, 4126, 13.5
0, 4127, 13.75
0, 4128, 14.0
0, 4129, 14.25
0, 4130, 14.5
0, 4131, 14.75
0, 4132, 15.0
0, 4133, 15.25
0, 4134, 15.5
0, 4135, 15.75
0, 4136, 16.0
0, 4137, 16.25
0, 4138, 16.5
0, 4139, 16.75
0, 4140, 17.0
0, 4141, 17.25
0, 4142, 17.5
0, 4143, 17.75
0, 4144, 18.0
0, 4145, 18.25
0, 4146, 18.5
0, 4147, 18.75
0, 4148, 19.0
0, 4149, 19.25
0, 4150, 19.5
0, 4151, 19.75
0, 4152, 20.0
0, 4153, 20.25
0, 4154, 20.5
0, 4155, 20.75
0, 4156, 21.0
0, 4157, 21.25
0, 4158, 21.5
0, 4159, 21.75
0, 4160, 22.0
0, 4161, 22.25
0, 4162, 22.5
0, 4163, 22.75
0, 4164, 23.0
0, 4165, 23.25
0, 4166, 23.5
0, 4167, 23.75
0, 4168, 24.0
0, 4169, 24.25
0, 4170, 24.5
0, 4171, 24.75
0, 4172, 25.0
0, 4173, 25.25
0, 4174, 25.5
0, 4175, 25.75
0, 4176, 26.0
0, 4177, 26.25
0, 4178, 26.5
0, 4179, 26.75
0, 4180, 27.0
0, 4181, 27.25
0, 4182, 27.5
0, 4183, 27.75
0, 4184, 28.0
0, 4185, 28.25
0, 4186, 28.5
0, 4187, 28.75
0, 4188, 29.0
0, 4189, 29.25
0, 4190, 29.5
0, 4191, 29.75
0, 4192, 30.0
0, 4193, 30.25
0, 4194, 30.5
0, 4195, 30.75
0, 4196, 31.0
0, 4197, 31.25
0, 4198, 31.5
0, 4199, 31.75
0, 4200, 32.0
0, 4201, 32.25
0, 4202, 32.5
0, 4203, 32.75
0, 4204, 33.0
0, 4205, 33.25
0, 4206, 33.5
0, 4207, 33.75
0, 4208, 34.0
0, 4209, 34.25
0, 4210, 34.5
0, 4211, 34.75
0, 4212, 35.0
0, 4213, 35.25
0, 4214, 35.5
0, 4215, 35.75
0, 4216, 36.0
0, 4217, 36.25
0, 4218, 36.5
0, 4219, 36.75
0, 4220, 37.0
0, 4221, 37.25
0, 4222, 37.5
0, 4223, 37.75
0, 4224, 38.0
0, 4225, 38.25
0, 4226, 38.5
0, 4227, 38.75
0, 4228, 39.0
0, 4229, 38.75
0, 4230, 38.5
0, 4231, 38.75
0, 4232, 39.0
0, 4233, 39.25
0, 4234, 39.5
0, 4235, 39.25
0, 4236, 39.0
0, 4237, 38.75
0, 4238, 38.5
0, 4239, 38.25
0, 4240, 38.0
0, 4241, 37.75
0, 4242, 37.5
0, 4243, 37.25
0, 4244, 37.0
0, 4245, 36.75
0, 4246, 36.5
0, 4247, 36.25
0, 4248, 36.0
0, 4249, 35.75
0, 4250, 35.5
0, 4251, 35.25
0, 4252, 35.0
0, 4253, 34.75
0, 4254, 34.5
0, 4255, 34.25
0, 4256, 34.0
0, 4257, 33.75
0, 4258, 33.5
0, 4259, 33.25
0, 4260, 33.0
0, 4261, 32.75
0, 4262, 32.5
0, 4263, 32.25
0, 4264, 32.0
0, 4265, 31.75
0, 4266, 31.5
0, 4267, 31.25
0, 4268, 31.0
0, 4269, 30.75
0, 4270, 30.5
0, 4271, 30.25
0, 4272, 30.0
0, 4273, 29.75
0, 4274, 29.5
0, 4275, 29.25
0, 4276, 29.0
0, 4277, 28.75
0, 4278, 28.5
0, 4279, 28.25
0, 4280, 28.0
0, 4281, 27.75
0, 4282, 27.5
0, 4283, 27.25
0, 4284, 27.0
0, 4285, 26.75
0, 4286, 26.5
0, 4287, 26.25
0, 4288, 26.0
0, 4289, 25.75
0, 4290, 25.5
0, 4291, 25.25
0, 4292, 25.0
0, 4293, 24.75
0, 4294, 24.5
0, 4295, 24.25
0, 4296, 24.0
0, 4297, 23.75
0, 4298, 23.5
0, 4299, 23.25
0, 4300, 23.0
0, 4301, 22.75
0, 4302, 22.5
0, 4303, 22.25
0, 4304, 22.0
0, 4305, 21.75
0, 4306, 21.5
0, 4307, 21.25
0, 4308, 21.0
0, 4309, 20.75
0, 4310, 20.5
0, 4311, 20.25
0, 4312, 20.0
0, 4313, 19.75
0, 4314, 19.5
0, 4315, 19.25
0, 4316, 19.0
0, 4317, 18.75
0, 4318, 18.5
0, 4319, 18.25
0, 4320, 18.0
0, 4321, 17.75
0, 4322, 17.5
0, 4323, 17.25
0, 4324, 17.0
0, 4325, 16.75
0, 4326, 16.5
0, 4327, 16.25
0, 4328, 16.0
0, 4329, 15.75
0, 4330, 15.5
0, 4331, 15.25
0, 4332, 15.0
0, 4333, 14.75
0, 4334, 14.5
0, 4335, 14.25
0, 4336, 14.0
0, 4337, 13.75
0, 4338, 13.5
0, 4339, 13.25
0, 4340, 13.0
0, 4341, 12.75
0, 4342, 12.5
0, 4343, 12.25
0, 4344, 12.0
0, 4345, 11.75
0, 4346, 11.5
0, 4347, 11.25
0, 4348, 11.0
0, 4349, 10.75
0, 4350, 10.5
0, 4351, 10.25
0, 4352, 10.0
0, 4353, 9.75
0, 4354, 9.5
0, 4355, 9.25
0, 4356, 9.0
0, 4357, 8.75
0, 4358, 8.5
0, 4359, 8.25
0, 4360, 8.0
0, 4361, 7.75
0, 4362, 7.5
0, 4363, 7.25
0, 4364, 7.0
0, 4365, 6.75
0, 4366, 6.5
0, 4367, 6.25
0, 4368, 6.0
0, 4369, 5.75
0, 4370, 5.5
0, 4371, 5.25
0, 4372, 5.0
0, 4373, 4.75
0, 4374, 4.5
0, 4375, 4.25
0, 4376, 4.0
0, 4377, 3.75
0, 4378, 3.5
0, 4379, 3.25
0, 4380, 3.0
0, 4381, 2.75
0, 4382, 2.5
0, 4383, 2.25
0, 4384, 2.0
0, 4385, 1.75
0, 4386, 1.5
0, 4387, 1.25
0, 4388, 1.0
0, 4389, 0.75
0, 4390, 0.75
0, 4391, 0.75
0, 4392, 0.75
0, 4393, 0.75
0, 4394, 1.0
0, 4395, 1.25
0, 4396, 1.5
0, 4397, 1.25
0, 4398, 1.0
0, 4399, 1.25
0, 4400, 1.5
0, 4401, 1.75
0, 4402, 2.0
0, 4403, 2.25
0, 4404, 2.5
0, 4405, 2.75
0, 4406, 3.0
0, 4407, 3.25
0, 4408, 3.5
0, 4409, 3.75
0, 4410, 4.0
0, 4411, 4.25
0, 4412, 4.5
0, 4413, 4.75
0, 4414, 5.0
0, 4415, 5.25
0, 4416, 5.5
0, 4417, 5.75
0, 4418, 6.0
0, 4419, 6.25
0, 4420, 6.5
0, 4421, 6.75
0, 4422, 7.0
0, 4423, 7.25
0, 4424, 7.5
0, 4425, 7.75
0, 4426, 8.0
0, 4427, 8.25
0, 4428, 8.5
0, 4429, 8.75
0, 4430, 9.0
0, 4431, 9.25
0, 4432, 9.5
0, 4433, 9.75
0, 4434, 10.0
0, 4435, 10.25
0, 4436, 10.5
0, 4437, 10.75
0, 4438, 11.0
0, 4439, 11.25
0, 4440, 11.5
0, 4441, 11.75
0, 4442, 12.0
0, 4443, 12.25
0, 4444, 12.5
0, 4445, 12.75
0, 4446, 13.0
0, 4447, 13.25
0, 4448, 13.5
0, 4449, 13.75
0, 4450, 14.0
0, 4451, 14.25
0, 4452, 14.5
0, 4453, 14.75
0, 4454, 15.0
0, 4455, 15.25
0, 4456, 15.5
0, 4457, 15.75
0, 4458, 16.0
0, 4459, 16.25
0, 4460, 16.5
0, 4461, 16.75
0, 4462, 17.0
0, 4463, 17.25
0, 4464, 17.5
0, 4465, 17.75
0, 4466, 18.0
0, 4467, 18.25
0, 4468, 18.5
0, 4469, 18.75
0, 4470, 19.0
0, 4471, 19.25
0, 4472, 19.5
0, 4473, 19.75
0, 4474, 20.0
0, 4475, 20.25
0, 4476, 20.5
0, 4477, 20.75
0, 4478, 21.0
0, 4479, 21.25
0, 4480, 21.5
0, 4481, 21.75
0, 4482, 22.0
0, 4483, 22.25
0, 4484, 22.5
0, 4485, 22.75
0, 4486, 23.0
0, 4487, 23.25
0, 4488, 23.5
0, 4489, 23.75
0, 4490, 24.0
0, 4491, 24.25
0, 4492, 24.5
0, 4493, 24.75
0, 4494, 25.0
0, 4495, 25.25
0, 4496, 25.5
0, 4497, 25.75
0, 4498, 26.0
0, 4499, 26.25
0, 4500, 26.5
0, 4501, 26.75
0, 4502, 27.0
0, 4503, 27.25
0, 4504, 27.5
0, 4505, 27.75
0, 4506, 28.0
0, 4507, 28.25
0, 4508, 28.5
0, 4509, 28.75
0, 4510, 29.0
0, 4511, 29.25
0, 4512, 29.5
0, 4513, 29.75
0, 4514, 30.0
0, 4515, 30.25
0, 4516, 30.5
0, 4517, 30.75
0, 4518, 31.0
0, 4519, 31.25
0, 4520, 31.5
0, 4521, 31.75
0, 4522, 32.0
0, 4523, 32.25
0, 4524, 32.5
0, 4525, 32.75
0, 4526, 33.0
0, 4527, 33.25
0, 4528, 33.5
0, 4529, 33.75
0, 4530, 34.0
0, 4531, 34.25
0, 4532, 34.5
0, 4533, 34.75
0, 4534, 35.0
0, 4535, 35.25
0, 4536, 35.5
0, 4537, 35.75
0, 4538, 36.0
0, 4539, 36.25
0, 4540, 36.5
0, 4541, 36.75
0, 4542, 37.0
0, 4543, 37.25
0, 4544, 37.5
0, 4545, 37.75
0, 4546, 38.0
0, 4547, 38.25
0, 4548, 38.5
0, 4549, 38.75
0, 4550, 39.0
0, 4551, 39.25
0, 4552, 39.5
0, 4553, 39.75
0, 4554, 40.0
0, 4555, 40.25
0, 4556, 40.5
0, 4557, 40.25
0, 4558, 40.0
0, 4559, 39.75
0, 4560, 39.5
0, 4561, 39.25
0, 4562, 39.0
0, 4563, 38.75
0, 4564, 38.5
0, 4565, 38.25
0, 4566, 38.0
0, 4567, 37.75
0, 4568, 37.5
0, 4569, 37.25
0, 4570, 37.0
0, 4571, 36.75
0, 4572, 36.5
0, 4573, 36.25
0, 4574, 36.0
0, 4575, 35.75
0, 4576, 35.5
0, 4577, 35.25
0, 4578, 35.0
0, 4579, 34.75
0, 4580, 34.5
0, 4581, 34.25
0, 4582, 34.0
0, 4583, 33.75
0, 4584, 33.5
0, 4585, 33.25
0, 4586, 33.0
0, 4587, 32.75
0, 4588, 32.5
0, 4589, 32.25
0, 4590, 32.0
0, 4591, 31.75
0, 4592, 31.5
0, 4593, 31.25
0, 4594, 31.0
0, 4595, 30.75
0, 4596, 30.5
0, 4597, 30.25
0, 4598, 30.0
0, 4599, 29.75
0, 4600, 29.5
0, 4601, 29.25
0, 4602, 29.0
0, 4603, 28.75
0, 4604, 28.5
0, 4605, 28.25
0, 4606, 28.0
0, 4607, 27.75
0, 4608, 27.5
0, 4609, 27.25
0, 4610, 27.0
0, 4611, 26.75
0, 4612, 26.5
0, 4613, 26.25
0, 4614, 26.0
0, 4615, 25.75
0, 4616, 25.5
0, 4617, 25.25
0, 4618, 25.0
0, 4619, 24.75
0, 4620, 24.5
0, 4621, 24.25
0, 4622, 24.0
0, 4623, 23.75
0, 4624, 23.5
0, 4625, 23.25
0, 4626, 23.0
0, 4627, 22.75
0, 4628, 22.5
0, 4629, 22.25
0, 4630, 22.0
0, 4631, 21.75
0, 4632, 21.5
0, 4633, 21.25
0, 4634, 21.0
0, 4635, 20.75
0, 4636, 20.5
0, 4637, 20.25
0, 4638, 20.0
0, 4639, 19.75
0, 4640, 19.5
0, 4641, 19.25
0, 4642, 19.0
0, 4643, 18.75
0, 4644, 18.5
0, 4645, 18.25
0, 4646, 18.0
0, 4647, 17.75
0, 4648, 17.5
0, 4649, 17.25
0, 4650, 17.0
0, 4651, 16.75
0, 4652, 16.5
0, 4653, 16.25
0, 4654, 16.0
0, 4655, 15.75
0, 4656, 15.5
0, 4657, 15.25
0, 4658, 15.0
0, 4659, 14.75
0, 4660, 14.5
0, 4661, 14.25
0, 4662, 14.0
0, 4663, 13.75
0, 4664, 13.5
0, 4665, 13.25
0, 4666, 13.0
0, 4667, 12.75
0, 4668, 12.5
0, 4669, 12.25
0, 4670, 12.0
0, 4671, 11.75
0, 4672, 11.5
0, 4673, 11.25
0, 4674, 11.0
0, 4675, 10.75
0, 4676, 10.5
0, 4677, 10.25
0, 4678, 10.0
0, 4679, 9.75
0, 4680, 9.5
0, 4681, 9.25
0, 4682, 9.0
0, 4683, 8.75
0, 4684, 8.5
0, 4685, 8.25
0, 4686, 8.0
0, 4687, 7.75
0, 4688, 7.5
0, 4689, 7.25
0, 4690, 7.0
0, 4691, 6.75
0, 4692, 6.5
0, 4693, 6.25
0, 4694, 6.0
0, 4695, 5.75
0, 4696, 5.5
0, 4697, 5.25
0, 4698, 5.0
0, 4699, 4.75
0, 4700, 4.5
0, 4701, 4.75
0, 4702, 5.0
0, 4703, 5.25
0, 4704, 5.5
0, 4705, 5.25
0, 4706, 5.5
0, 4707, 5.75
0, 4708, 6.0
0, 4709, 6.25
0, 4710, 6.5
0, 4711, 6.75
0, 4712, 7.0
0, 4713, 7.25
0, 4714, 7.5
0, 4715, 7.75
0, 4716, 8.0
0, 4717, 8.25
0, 4718, 8.5
0, 4719, 8.75
0, 4720, 9.0
0, 4721, 9.25
0, 4722, 9.5
0, 4723, 9.75
0, 4724, 10.0
0, 4725, 10.25
0, 4726, 10.5
0, 4727, 10.75
0, 4728, 11.0
0, 4729, 11.25
0, 4730, 11.5
0, 4731, 11.75
0, 4732, 12.0
0, 4733, 12.25
0, 4734, 12.5
0, 4735, 12.75
0, 4736, 13.0
0, 4737, 13.25
0, 4738, 13.5
0, 4739, 13.75
0, 4740, 14.0
0, 4741, 14.25
0, 4742, 14.5
0, 4743, 14.75
0, 4744, 15.0
0, 4745, 15.25
0, 4746, 15.5
0, 4747, 15.75
0, 4748, 16.0
0, 4749, 16.25
0, 4750, 16.5
0, 4751, 16.75
0, 4752, 17.0
0, 4753, 17.25
0, 4754, 17.5
0, 4755, 17.75
0, 4756, 18.0
0, 4757, 18.25
0, 4758, 18.5
0, 4759, 18.75
0, 4760, 19.0
0, 4761, 19.25
0, 4762, 19.5
0, 4763, 19.75
0, 4764, 20.0
0, 4765, 20.25
0, 4766, 20.5
0, 4767, 20.75
0, 4768, 21.0
0, 4769, 21.25
0, 4770, 21.5
0, 4771, 21.75
0, 4772, 22.0
0, 4773, 22.25
0, 4774, 22.5
0, 4775, 22.75
0, 4776, 23.0
0, 4777, 23.25
0, 4778, 23.5
0, 4779, 23.75
0, 4780, 24.0
0, 4781, 24.25
0, 4782, 24.5
0, 4783, 24.75
0, 4784, 25.0
0, 4785, 25.25
0, 4786, 25.5
0, 4787, 25.75
0, 4788, 26.0
0, 4789, 26.25
0, 4790, 26.5
0, 4791, 26.75
0, 4792, 27.0
0, 4793, 27.25
0, 4794, 27.5
0, 4795, 27.75
0, 4796, 28.0
0, 4797, 28.25
0, 4798, 28.5
0, 4799, 28.75
0, 4800, 29.0
0, 4801, 29.25
0, 4802, 29.5
0, 4803, 29.75
0, 4804, 30.0
0, 4805, 30.25
0, 4806, 30.5
0, 4807, 30.75
0, 4808, 31.0
0, 4809, 31.25
0, 4810, 31.5
0, 4811, 31.75
0, 4812, 32.0
0, 4813, 32.25
0, 4814, 32.5
0, 4815, 32.75
0, 4816, 33.0
0, 4817, 33.25
0, 4818, 33.5
0, 4819, 33.75
0, 4820, 34.0
0, 4821, 34.25
0, 4822, 34.5
0, 4823, 34.75
0, 4824, 35.0
0, 4825, 35.25
0, 4826, 35.5
0, 4827, 35.75
0, 4828, 36.0
0, 4829, 36.25
0, 4830, 36.5
0, 4831, 36.75
0, 4832, 37.0
0, 4833, 37.25
0, 4834, 37.5
0, 4835, 37.75
0, 4836, 38.0
0, 4837, 38.25
0, 4838, 38.5
0, 4839, 38.75
0, 4840, 39.0
0, 4841, 39.25
0, 4842, 39.5
0, 4843, 39.75
0, 4844, 40.0
0, 4845, 40.25
0, 4846, 40.5
0, 4847, 40.75
0, 4848, 41.0
0, 4849, 41.25
0, 4850, 41.5
0, 4851, 41.75
0, 4852, 42.0
0, 4853, 42.25
0, 4854, 42.5
0, 4855, 42.75
0, 4856, 43.0
0, 4857, 43.25
0, 4858, 43.5
0, 4859, 43.75
0, 4860, 44.0
0, 4861, 44.25
0, 4862, 44.5
0, 4863, 44.75
0, 4864, 45.0
0, 4865, 45.25
0, 4866, 45.5
0, 4867, 45.75
0, 4868, 46.0
0, 4869, 46.25
0, 4870, 46.5
0, 4871, 46.75
0, 4872, 47.0
0, 4873, 47.25
0, 4874, 47.5
0, 4875, 47.75
0, 4876, 48.0
0, 4877, 48.25
0, 4878, 48.5
0, 4879, 48.75
0, 4880, 49.0
0, 4881, 49.25
0, 4882, 49.5
0, 4883, 49.75
0, 4884, 50.0
0, 4885, 50.25
0, 4886, 50.5
0, 4887, 50.75
0, 4888, 51.0
0, 4889, 51.25
0, 4890, 51.5
0, 4891, 51.75
0, 4892, 52.0
0, 4893, 52.25
0, 4894, 52.5
0, 4895, 52.75
0, 4896, 53.0
0, 4897, 53.25
0, 4898, 53.5
0, 4899, 53.75
0, 4900, 54.0
0, 4901, 54.25
0, 4902, 54.5
0, 4903, 54.75
0, 4904, 55.0
0, 4905, 55.25
0, 4906, 55.5
0, 4907, 55.75
0, 4908, 55.5
0, 4909, 55.25
0, 4910, 55.0
0, 4911, 54.75
0, 4912, 54.5
0, 4913, 54.25
0, 4914, 54.0
0, 4915, 53.75
0, 4916, 53.5
0, 4917, 53.25
0, 4918, 53.0
0, 4919, 52.75
0, 4920, 52.5
0, 4921, 52.25
0, 4922, 52.0
0, 4923, 51.75
0, 4924, 51.5
0, 4925, 51.25
0, 4926, 51.0
0, 4927, 50.75
0, 4928, 50.5
0, 4929, 50.25
0, 4930, 50.0
0, 4931, 49.75
0, 4932, 49.5
0, 4933, 49.25
0, 4934, 49.0
0, 4935, 48.75
0, 4936, 48.5
0, 4937, 48.25
0, 4938, 48.0
0, 4939, 47.75
0, 4940, 47.5
0, 4941, 47.25
0, 4942, 47.0
0, 4943, 46.75
0, 4944, 46.5
0, 4945, 46.25
0, 4946, 46.0
0, 4947, 45.75
0, 4948, 45.5
0, 4949, 45.25
0, 4950, 45.0
0, 4951, 44.75
0, 4952, 44.5
0, 4953, 44.25
0, 4954, 44.0
0, 4955, 43.75
0, 4956, 43.5
0, 4957, 43.25
0, 4958, 43.0
0, 4959, 42.75
0, 4960, 42.5
0, 4961, 42.25
0, 4962, 42.0
0, 4963, 41.75
0, 4964, 41.5
0, 4965, 41.25
0, 4966, 41.0
0, 4967, 40.75
0, 4968, 40.5
0, 4969, 40.25
0, 4970, 40.0
0, 4971, 39.75
0, 4972, 39.5
0, 4973, 39.25
0, 4974, 39.0
0, 4975, 38.75
0, 4976, 38.5
0, 4977, 38.25
0, 4978, 38.0
0, 4979, 37.75
0, 4980, 37.5
0, 4981, 37.25
0, 4982, 37.0
0, 4983, 36.75
0, 4984, 36.5
0, 4985, 36.25
0, 4986, 36.0
0, 4987, 35.75
0, 4988, 35.5
0, 4989, 35.25
0, 4990, 35.0
0, 4991, 34.75
0, 4992, 34.5
0, 4993, 34.25
0, 4994, 34.0
0, 4995, 33.75
0, 4996, 33.5
0, 4997, 33.25
0, 4998, 33.0
0, 4999, 32.75
