Replication, Day, Arrival Amount
0, 0, 30.0
0, 1, 30.25
0, 2, 30.5
0, 3, 30.75
0, 4, 31.0
0, 5, 31.25
0, 6, 31.5
0, 7, 31.75
0, 8, 32.0
0, 9, 32.25
0, 10, 32.5
0, 11, 32.75
0, 12, 33.0
0, 13, 33.25
0, 14, 33.5
0, 15, 33.75
0, 16, 34.0
0, 17, 34.25
0, 18, 34.5
0, 19, 34.75
0, 20, 35.0
0, 21, 35.25
0, 22, 35.5
0, 23, 35.75
0, 24, 36.0
0, 25, 36.25
0, 26, 36.5
0, 27, 36.75
0, 28, 37.0
0, 29, 37.25
0, 30, 37.5
0, 31, 37.75
0, 32, 38.0
0, 33, 38.25
0, 34, 38.5
0, 35, 38.75
0, 36, 39.0
0, 37, 39.25
0, 38, 39.5
0, 39, 39.75
0, 40, 40.0
0, 41, 40.25
0, 42, 40.5
0, 43, 40.75
0, 44, 41.0
0, 45, 41.25
0, 46, 41.5
0, 47, 41.75
0, 48, 42.0
0, 49, 42.25
0, 50, 42.5
0, 51, 42.75
0, 52, 43.0
0, 53, 43.25
0, 54, 43.5
0, 55, 43.75
0, 56, 44.0
0, 57, 44.25
0, 58, 44.5
0, 59, 44.75
0, 60, 45.0
0, 61, 45.25
0, 62, 45.5
0, 63, 45.75
0, 64, 46.0
0, 65, 46.25
0, 66, 46.5
0, 67, 46.75
0, 68, 47.0
0, 69, 47.25
0, 70, 47.5
0, 71, 47.75
0, 72, 48.0
0, 73, 48.25
0, 74, 48.5
0, 75, 48.75
0, 76, 49.0
0, 77, 49.25
0, 78, 49.5
0, 79, 49.75
0, 80, 50.0
0, 81, 50.25
0, 82, 50.5
0, 83, 50.75
0, 84, 51.0
0, 85, 51.25
0, 86, 51.5
0, 87, 51.75
0, 88, 52.0
0, 89, 52.25
0, 90, 52.5
0, 91, 52.75
0, 92, 53.0
0, 93, 53.25
0, 94, 53.5
0, 95, 53.75
0, 96, 54.0
0, 97, 54.25
0, 98, 54.5
0, 99, 54.75
0, 100, 55.0
0, 101, 55.25
0, 102, 55.5
0, 103, 55.75
0, 104, 56.0
0, 105, 56.25
0, 106, 56.5
0, 107, 56.75
0, 108, 57.0
0, 109, 57.25
0, 110, 57.5
0, 111, 57.75
0, 112, 58.0
0, 113, 58.25
0, 114, 58.5
0, 115, 58.75
0, 116, 59.0
0, 117, 59.25
0, 118, 59.5
0, 119, 59.75
0, 120, 60.0
0, 121, 60.25
0, 122, 60.5
0, 123, 60.75
0, 124, 61.0
0, 125, 61.25
0, 126, 61.5
0, 127, 61.75
0, 128, 62.0
0, 129, 62.25
0, 130, 62.5
0, 131, 62.75
0, 132, 63.0
0, 133, 63.25
0, 134, 63.5
0, 135, 63.75
0, 136, 64.0
0, 137, 64.25
0, 138, 64.5
0, 139, 64.75
0, 140, 65.0
0, 141, 65.25
0, 142, 65.5
0, 143, 65.75
0, 144, 66.0
0, 145, 66.25
0, 146, 66.5
0, 147, 66.75
0, 148, 67.0
0, 149, 67.25
0, 150, 67.5
0, 151, 67.75
0, 152, 68.0
0, 153, 68.25
0, 154, 68.5
0, 155, 68.75
0, 156, 69.0
0, 157, 69.25
0, 158, 69.5
0, 159, 69.75
0, 160, 70.0
0, 161, 70.25
0, 162, 70.5
0, 163, 70.75
0, 164, 71.0
0, 165, 71.25
0, 166, 71.5
0, 167, 71.75
0, 168, 72.0
0, 169, 72.25
0, 170, 72.5
0, 171, 72.75
0, 172, 73.0
0, 173, 73.25
0, 174, 73.5
0, 175, 73.75
0, 176, 74.0
0, 177, 74.25
0, 178, 74.5
0, 179, 74.75
0, 180, 75.0
0, 181, 75.25
0, 182, 75.5
0, 183, 75.75
0, 184, 76.0
0, 185, 76.25
0, 186, 76.5
0, 187, 76.75
0, 188, 77.0
0, 189, 77.25
0, 190, 77.5
0, 191, 77.75
0, 192, 78.0
0, 193, 78.25
0, 194, 78.5
0, 195, 78.75
0, 196, 79.0
0, 197, 79.25
0, 198, 79.5
0, 199, 79.75
0, 200, 80.0
0, 201, 80.25
0, 202, 80.5
0, 203, 80.75
0, 204, 81.0
0, 205, 81.25
0, 206, 81.5
0, 207, 81.75
0, 208, 82.0
0, 209, 82.25
0, 210, 82.5
0, 211, 82.75
0, 212, 83.0
0, 213, 83.25
0, 214, 83.5
0, 215, 83.75
0, 216, 84.0
0, 217, 84.25
0, 218, 84.5
0, 219, 84.75
0, 220, 85.0
0, 221, 85.25
0, 222, 85.5
0, 223, 85.75
0, 224, 86.0
0, 225, 86.25
0, 226, 86.5
0, 227, 86.75
0, 228, 87.0
0, 229, 87.25
0, 230, 87.5
0, 231, 87.75
0, 232, 88.0
0, 233, 88.25
0, 234, 88.5
0, 235, 88.75
0, 236, 89.0
0, 237, 89.25
0, 238, 89.5
0, 239, 89.25
0, 240, 89.0
0, 241, 88.75
0, 242, 88.5
0, 243, 88.75
0, 244, 89.0
0, 245, 88.75
0, 246, 88.5
0, 247, 88.25
0, 248, 88.0
0, 249, 87.75
0, 250, 87.5
0, 251, 87.25
0, 252, 87.0
0, 253, 86.75
0, 254, 86.5
0, 255, 86.25
0, 256, 86.0
0, 257, 85.75
0, 258, 85.5
0, 259, 85.25
0, 260, 85.0
0, 261, 84.75
0, 262, 84.5
0, 263, 84.25
0, 264, 84.0
0, 265, 83.75
0, 266, 83.5
0, 267, 83.25
0, 268, 83.0
0, 269, 82.75
0, 270, 82.5
0, 271, 82.25
0, 272, 82.0
0, 273, 81.75
0, 274, 81.5
0, 275, 81.25
0, 276, 81.0
0, 277, 80.75
0, 278, 80.5
0, 279, 80.25
0, 280, 80.0
0, 281, 79.75
0, 282, 79.5
0, 283, 79.25
0, 284, 79.0
0, 285, 78.75
0, 286, 78.5
0, 287, 78.25
0, 288, 78.0
0, 289, 77.75
0, 290, 77.5
0, 291, 77.25
0, 292, 77.0
0, 293, 76.75
0, 294, 76.5
0, 295, 76.25
0, 296, 76.0
0, 297, 75.75
0, 298, 75.5
0, 299, 75.25
0, 300, 75.0
0, 301, 74.75
0, 302, 74.5
0, 303, 74.25
0, 304, 74.0
0, 305, 73.75
0, 306, 73.5
0, 307, 73.25
0, 308, 73.0
0, 309, 72.75
0, 310, 72.5
0, 311, 72.25
0, 312, 72.0
0, 313, 71.75
0, 314, 71.5
0, 315, 71.25
0, 316, 71.0
0, 317, 70.75
0, 318, 70.5
0, 319, 70.25
0, 320, 70.0
0, 321, 69.75
0, 322, 69.5
0, 323, 69.25
0, 324, 69.0
0, 325, 68.75
0, 326, 68.5
0, 327, 68.25
0, 328, 68.0
0, 329, 67.75
0, 330, 67.5
0, 331, 67.25
0, 332, 67.0
0, 333, 66.75
0, 334, 66.5
0, 335, 66.25
0, 336, 66.0
0, 337, 65.75
0, 338, 65.5
0, 339, 65.25
0, 340, 65.0
0, 341, 64.75
0, 342, 64.5
0, 343, 64.25
0, 344, 64.0
0, 345, 63.75
0, 346, 63.5
0, 347, 63.25
0, 348, 63.0
0, 349, 62.75
0, 350, 62.5
0, 351, 62.25
0, 352, 62.0
0, 353, 61.75
0, 354, 61.5
0, 355, 61.25
0, 356, 61.0
0, 357, 60.75
0, 358, 60.5
0, 359, 60.25
0, 360, 60.0
0, 361, 59.75
0, 362, 59.5
0, 363, 59.25
0, 364, 59.0
0, 365, 58.75
0, 366, 58.5
0, 367, 58.25
0, 368, 58.0
0, 369, 57.75
0, 370, 57.5
0, 371, 57.25
0, 372, 57.0
0, 373, 56.75
0, 374, 56.5
0, 375, 56.25
0, 376, 56.0
0, 377, 55.75
0, 378, 55.5
0, 379, 55.25
0, 380, 55.0
0, 381, 54.75
0, 382, 54.5
0, 383, 54.25
0, 384, 54.0
0, 385, 53.75
0, 386, 53.5
0, 387, 53.25
0, 388, 53.0
0, 389, 52.75
0, 390, 52.5
0, 391, 52.25
0, 392, 52.0
0, 393, 51.75
0, 394, 51.5
0, 395, 51.25
0, 396, 51.0
0, 397, 50.75
0, 398, 50.5
0, 399, 50.25
0, 400, 50.0
0, 401, 49.75
0, 402, 49.5
0, 403, 49.25
0, 404, 49.0
0, 405, 48.75
0, 406, 48.5
0, 407, 48.25
0, 408, 48.0
0, 409, 47.75
0, 410, 47.5
0, 411, 47.25
0, 412, 47.0
0, 413, 46.75
0, 414, 46.5
0, 415, 46.25
0, 416, 46.0
0, 417, 45.75
0, 418, 45.5
0, 419, 45.25
0, 420, 45.0
0, 421, 44.75
0, 422, 44.5
0, 423, 44.25
0, 424, 44.0
0, 425, 43.75
0, 426, 43.5
0, 427, 43.25
0, 428, 43.0
0, 429, 42.75
0, 430, 42.5
0, 431, 42.25
0, 432, 42.0
0, 433, 41.75
0, 434, 41.5
0, 435, 41.25
0, 436, 41.0
0, 437, 40.75
0, 438, 40.5
0, 439, 40.75
0, 440, 41.0
0, 441, 41.25
0, 442, 41.0
0, 443, 41.25
0, 444, 41.5
0, 445, 41.75
0, 446, 42.0
0, 447, 42.25
0, 448, 42.5
0, 449, 42.75
0, 450, 43.0
0, 451, 43.25
0, 452, 43.5
0, 453, 43.75
0, 454, 44.0
0, 455, 44.25
0, 456, 44.5
0, 457, 44.75
0, 458, 45.0
0, 459, 45.25
0, 460, 45.5
0, 461, 45.75
0, 462, 46.0
0, 463, 46.25
0, 464, 46.5
0, 465, 46.75
0, 466, 47.0
0, 467, 47.25
0, 468, 47.5
0, 469, 47.75
0, 470, 48.0
0, 471, 48.25
0, 472, 48.5
0, 473, 48.75
0, 474, 49.0
0, 475, 49.25
0, 476, 49.5
0, 477, 49.75
0, 478, 50.0
0, 479, 50.25
0, 480, 50.5
0, 481, 50.75
0, 482, 51.0
0, 483, 51.25
0, 484, 51.5
0, 485, 51.75
0, 486, 52.0
0, 487, 52.25
0, 488, 52.5
0, 489, 52.75
0, 490, 53.0
0, 491, 53.25
0, 492, 53.5
0, 493, 53.75
0, 494, 54.0
0, 495, 54.25
0, 496, 54.5
0, 497, 54.75
0, 498, 55.0
0, 499, 55.25
0, 500, 55.5
0, 501, 55.75
0, 502, 56.0
0, 503, 56.25
0, 504, 56.5
0, 505, 56.75
0, 506, 57.0
0, 507, 57.25
0, 508, 57.5
0, 509, 57.75
0, 510, 58.0
0, 511, 58.25
0, 512, 58.5
0, 513, 58.75
0, 514, 59.0
0, 515, 59.25
0, 516, 59.5
0, 517, 59.75
0, 518, 60.0
0, 519, 60.25
0, 520, 60.5
0, 521, 60.75
0, 522, 61.0
0, 523, 61.25
0, 524, 61.5
0, 525, 61.75
0, 526, 62.0
0, 527, 62.25
0, 528, 62.5
0, 529, 62.75
0, 530, 63.0
0, 531, 63.25
0, 532, 63.5
0, 533, 63.75
0, 534, 64.0
0, 535, 64.25
0, 536, 64.5
0, 537, 64.75
0, 538, 65.0
0, 539, 65.25
0, 540, 65.5
0, 541, 65.75
0, 542, 66.0
0, 543, 66.25
0, 544, 66.5
0, 545, 66.75
0, 546, 67.0
0, 547, 67.25
0, 548, 67.5
0, 549, 67.75
0, 550, 68.0
0, 551, 68.25
0, 552, 68.5
0, 553, 68.75
0, 554, 69.0
0, 555, 69.25
0, 556, 69.5
0, 557, 69.75
0, 558, 70.0
0, 559, 70.25
0, 560, 70.5
0, 561, 70.75
0, 562, 71.0
0, 563, 71.25
0, 564, 71.5
0, 565, 71.75
0, 566, 72.0
0, 567, 72.25
0, 568, 72.5
0, 569, 72.75
0, 570, 73.0
0, 571, 73.25
0, 572, 73.5
0, 573, 73.75
0, 574, 74.0
0, 575, 74.25
0, 576, 74.5
0, 577, 74.75
0, 578, 75.0
0, 579, 75.25
0, 580, 75.5
0, 581, 75.75
0, 582, 76.0
0, 583, 76.25
0, 584, 76.5
0, 585, 76.75
0, 586, 77.0
0, 587, 77.25
0, 588, 77.5
0, 589, 77.75
0, 590, 78.0
0, 591, 78.25
0, 592, 78.5
0, 593, 78.75
0, 594, 79.0
0, 595, 79.25
0, 596, 79.5
0, 597, 79.75
0, 598, 80.0
0, 599, 80.25
0, 600, 80.5
0, 601, 80.75
0, 602, 81.0
0, 603, 81.25
0, 604, 81.5
0, 605, 81.75
0, 606, 82.0
0, 607, 82.25
0, 608, 82.5
0, 609, 82.75
0, 610, 83.0
0, 611, 83.25
0, 612, 83.5
0, 613, 83.75
0, 614, 84.0
0, 615, 84.25
0, 616, 84.5
0, 617, 84.75
0, 618, 85.0
0, 619, 85.25
0, 620, 85.5
0, 621, 85.75
0, 622, 86.0
0, 623, 86.25
0, 624, 86.5
0, 625, 86.75
0, 626, 87.0
0, 627, 87.25
0, 628, 87.5
0, 629, 87.75
0, 630, 88.0
0, 631, 87.75
0, 632, 87.5
0, 633, 87.25
0, 634, 87.0
0, 635, 86.75
0, 636, 86.5
0, 637, 86.25
0, 638, 86.0
0, 639, 85.75
0, 640, 85.5
0, 641, 85.25
0, 642, 85.0
0, 643, 84.75
0, 644, 84.5
0, 645, 84.25
0, 646, 84.0
0, 647, 83.75
0, 648, 83.5
0, 649, 83.25
0, 650, 83.0
0, 651, 82.75
0, 652, 82.5
0, 653, 82.25
0, 654, 82.0
0, 655, 81.75
0, 656, 81.5
0, 657, 81.25
0, 658, 81.0
0, 659, 80.75
0, 660, 80.5
0, 661, 80.25
0, 662, 80.0
0, 663, 79.75
0, 664, 79.5
0, 665, 79.25
0, 666, 79.0
0, 667, 78.75
0, 668, 78.5
0, 669, 78.25
0, 670, 78.0
0, 671, 77.75
0, 672, 77.5
0, 673, 77.25
0, 674, 77.0
0, 675, 76.75
0, 676, 76.5
0, 677, 76.25
0, 678, 76.0
0, 679, 75.75
0, 680, 75.5
0, 681, 75.25
0, 682, 75.0
0, 683, 74.75
0, 684, 74.5
0, 685, 74.25
0, 686, 74.0
0, 687, 73.75
0, 688, 73.5
0, 689, 73.25
0, 690, 73.0
0, 691, 72.75
0, 692, 72.5
0, 693, 72.25
0, 694, 72.0
0, 695, 71.75
0, 696, 71.5
0, 697, 71.25
0, 698, 71.0
0, 699, 70.75
0, 700, 70.5
0, 701, 70.25
0, 702, 70.0
0, 703, 69.75
0, 704, 69.5
0, 705, 69.25
0, 706, 69.0
0, 707, 68.75
0, 708, 68.5
0, 709, 68.25
0, 710, 68.0
0, 711, 67.75
0, 712, 67.5
0, 713, 67.25
0, 714, 67.0
0, 715, 66.75
0, 716, 66.5
0, 717, 66.25
0, 718, 66.0
0, 719, 65.75
0, 720, 65.5
0, 721, 65.25
0, 722, 65.0
0, 723, 64.75
0, 724, 64.5
0, 725, 64.25
0, 726, 64.0
0, 727, 63.75
0, 728, 63.5
0, 729, 63.25
0, 730, 63.0
0, 731, 62.75
0, 732, 62.5
0, 733, 62.25
0, 734, 62.0
0, 735, 61.75
0, 736, 61.5
0, 737, 61.25
0, 738, 61.0
0, 739, 60.75
0, 740, 60.5
0, 741, 60.25
0, 742, 60.0
0, 743, 59.75
0, 744, 59.5
0, 745, 59.25
0, 746, 59.0
0, 747, 58.75
0, 748, 58.5
0, 749, 58.25
0, 750, 58.0
0, 751, 57.75
0, 752, 57.5
0, 753, 57.25
0, 754, 57.0
0, 755, 56.75
0, 756, 56.5
0, 757, 56.25
0, 758, 56.0
0, 759, 55.75
0, 760, 55.5
0, 761, 55.25
0, 762, 55.0
0, 763, 54.75
0, 764, 54.5
0, 765, 54.25
0, 766, 54.0
0, 767, 53.75
0, 768, 53.5
0, 769, 53.25
0, 770, 53.0
0, 771, 52.75
0, 772, 52.5
0, 773, 52.25
0, 774, 52.0
0, 775, 51.75
0, 776, 51.5
0, 777, 51.25
0, 778, 51.0
0, 779, 50.75
0, 780, 50.5
0, 781, 50.25
0, 782, 50.0
0, 783, 49.75
0, 784, 49.5
0, 785, 49.25
0, 786, 49.0
0, 787, 48.75
0, 788, 48.5
0, 789, 48.25
0, 790, 48.0
0, 791, 47.75
0, 792, 47.5
0, 793, 47.25
0, 794, 47.0
0, 795, 46.75
0, 796, 46.5
0, 797, 46.25
0, 798, 46.0
0, 799, 45.75
0, 800, 45.5
0, 801, 45.25
0, 802, 45.0
0, 803, 44.75
0, 804, 44.5
0, 805, 44.25
0, 806, 44.0
0, 807, 43.75
0, 808, 43.5
0, 809, 43.25
0, 810, 43.0
0, 811, 42.75
0, 812, 42.5
0, 813, 42.25
0, 814, 42.0
0, 815, 41.75
0, 816, 41.5
0, 817, 41.25
0, 818, 41.0
0, 819, 40.75
0, 820, 40.5
0, 821, 40.25
0, 822, 40.0
0, 823, 39.75
0, 824, 39.5
0, 825, 39.25
0, 826, 39.0
0, 827, 38.75
0, 828, 38.5
0, 829, 38.25
0, 830, 38.0
0, 831, 37.75
0, 832, 37.5
0, 833, 37.25
0, 834, 37.0
0, 835, 36.75
0, 836, 36.5
0, 837, 36.25
0, 838, 36.0
0, 839, 35.75
0, 840, 35.5
0, 841, 35.25
0, 842, 35.0
0, 843, 34.75
0, 844, 34.5
0, 845, 34.25
0, 846, 34.0
0, 847, 33.75
0, 848, 33.5
0, 849, 33.25
0, 850, 33.0
0, 851, 32.75
0, 852, 32.5
0, 853, 32.25
0, 854, 32.0
0, 855, 31.75
0, 856, 31.5
0, 857, 31.25
0, 858, 31.0
0, 859, 30.75
0, 860, 30.5
0, 861, 30.25
0, 862, 30.0
0, 863, 29.75
0, 864, 29.5
0, 865, 29.25
0, 866, 29.0
0, 867, 28.75
0, 868, 28.5
0, 869, 28.25
0, 870, 28.0
0, 871, 27.75
0, 872, 27.5
0, 873, 27.25
0, 874, 27.0
0, 875, 26.75
0, 876, 26.5
0, 877, 26.25
0, 878, 26.0
0, 879, 25.75
0, 880, 25.5
0, 881, 25.25
0, 882, 25.0
0, 883, 24.75
0, 884, 24.5
0, 885, 24.25
0, 886, 24.0
0, 887, 23.75
0, 888, 23.5
0, 889, 23.25
0, 890, 23.0
0, 891, 22.75
0, 892, 22.5
0, 893, 22.25
0, 894, 22.0
0, 895, 21.75
0, 896, 21.5
0, 897, 21.25
0, 898, 21.0
0, 899, 20.75
0, 900, 20.5
0, 901, 20.25
0, 902, 20.0
0, 903, 19.75
0, 904, 19.5
0, 905, 19.25
0, 906, 19.0
0, 907, 18.75
0, 908, 18.5
0, 909, 18.25
0, 910, 18.0
0, 911, 17.75
0, 912, 17.5
0, 913, 17.25
0, 914, 17.0
0, 915, 16.75
0, 916, 16.5
0, 917, 16.25
0, 918, 16.0
0, 919, 15.75
0, 920, 15.5
0, 921, 15.25
0, 922, 15.0
0, 923, 14.75
0, 924, 14.5
0, 925, 14.25
0, 926, 14.0
0, 927, 13.75
0, 928, 13.5
0, 929, 13.25
0, 930, 13.0
0, 931, 12.75
0, 932, 12.5
0, 933, 12.25
0, 934, 12.0
0, 935, 11.75
0, 936, 11.5
0, 937, 11.25
0, 938, 11.0
0, 939, 10.75
0, 940, 10.5
0, 941, 10.25
0, 942, 10.0
0, 943, 9.75
0, 944, 9.5
0, 945, 9.25
0, 946, 9.0
0, 947, 8.75
0, 948, 8.5
0, 949, 8.25
0, 950, 8.0
0, 951, 7.75
0, 952, 7.5
0, 953, 7.25
0, 954, 7.0
0, 955, 6.75
0, 956, 6.5
0, 957, 6.25
0, 958, 6.0
0, 959, 5.75
0, 960, 5.5
0, 961, 5.25
0, 962, 5.0
0, 963, 4.75
0, 964, 4.5
0, 965, 4.25
0, 966, 4.0
0, 967, 3.75
0, 968, 3.5
0, 969, 3.25
0, 970, 3.0
0, 971, 2.75
0, 972, 2.5
0, 973, 2.25
0, 974, 2.0
0, 975, 1.75
0, 976, 1.5
0, 977, 1.25
0, 978, 1.0
0, 979, 0.75
0, 980, 0.75
0, 981, 0.75
0, 982, 0.75
0, 983, 0.75
0, 984, 0.75
0, 985, 0.75
0, 986, 0.75
0, 987, 0.75
0, 988, 0.75
0, 989, 0.75
0, 990, 0.75
0, 991, 0.75
0, 992, 0.75
0, 993, 0.75
0, 994, 0.75
0, 995, 0.75
0, 996, 0.75
0, 997, 0.75
0, 998, 0.75
0, 999, 0.75
0, 1000, 0.75
0, 1001, 0.75
0, 1002, 0.75
0, 1003, 0.75
0, 1004, 0.75
0, 1005, 0.75
0, 1006, 0.75
0, 1007, 0.75
0, 1008, 0.75
0, 1009, 0.75
0, 1010, 0.75
0, 1011, 0.75
0, 1012, 0.75
0, 1013, 0.75
0, 1014, 0.75
0, 1015, 0.75
0, 1016, 0.75
0, 1017, 0.75
0, 1018, 0.75
0, 1019, 0.75
0, 1020, 0.75
0, 1021, 0.75
0, 1022, 0.75
0, 1023, 0.75
0, 1024, 0.75
0, 1025, 0.75
0, 1026, 0.75
0, 1027, 0.75
0, 1028, 0.75
0, 1029, 0.75
0, 1030, 0.75
0, 1031, 0.75
0, 1032, 0.75
0, 1033, 0.75
0, 1034, 0.75
0, 1035, 0.75
0, 1036, 0.75
0, 1037, 0.75
0, 1038, 0.75
0, 1039, 0.75
0, 1040, 0.75
0, 1041, 0.75
0, 1042, 0.75
0, 1043, 0.75
0, 1044, 0.75
0, 1045, 0.75
0, 1046, 0.75
0, 1047, 0.75
0, 1048, 0.75
0, 1049, 0.75
0, 1050, 0.75
0, 1051, 0.75
0, 1052, 0.75
0, 1053, 0.75
0, 1054, 0.75
0, 1055, 0.75
0, 1056, 0.75
0, 1057, 0.75
0, 1058, 0.75
0, 1059, 0.75
0, 1060, 0.75
0, 1061, 0.75
0, 1062, 0.75
0, 1063, 0.75
0, 1064, 0.75
0, 1065, 0.75
0, 1066, 0.75
0, 1067, 0.75
0, 1068, 0.75
0, 1069, 0.75
0, 1070, 0.75
0, 1071, 0.75
0, 1072, 0.75
0, 1073, 0.75
0, 1074, 0.75
0, 1075, 0.75
0, 1076, 0.75
0, 1077, 0.75
0, 1078, 0.75
0, 1079, 0.75
0, 1080, 0.75
0, 1081, 0.75
0, 1082, 0.75
0, 1083, 0.75
0, 1084, 0.75
0, 1085, 0.75
0, 1086, 0.75
0, 1087, 0.75
0, 1088, 0.75
0, 1089, 0.75
0, 1090, 0.75
0, 1091, 0.75
0, 1092, 0.75
0, 1093, 0.75
0, 1094, 0.75
0, 1095, 0.75
0, 1096, 0.75
0, 1097, 0.75
0, 1098, 0.75
0, 1099, 0.75
0, 1100, 0.75
0, 1101, 0.75
0, 1102, 0.75
0, 1103, 0.75
0, 1104, 0.75
0, 1105, 0.75
0, 1106, 0.75
0, 1107, 0.75
0, 1108, 0.75
0, 1109, 0.75
0, 1110, 0.75
0, 1111, 0.75
0, 1112, 0.75
0, 1113, 0.75
0, 1114, 0.75
0, 1115, 0.75
0, 1116, 0.75
0, 1117, 0.75
0, 1118, 0.75
0, 1119, 0.75
0, 1120, 0.75
0, 1121, 0.75
0, 1122, 0.75
0, 1123, 0.75
0, 1124, 0.75
0, 1125, 0.75
0, 1126, 0.75
0, 1127, 0.75
0, 1128, 0.75
0, 1129, 0.75
0, 1130, 0.75
0, 1131, 0.75
0, 1132, 0.75
0, 1133, 0.75
0, 1134, 0.75
0, 1135, 0.75
0, 1136, 0.75
0, 1137, 0.75
0, 1138, 0.75
0, 1139, 0.75
0, 1140, 0.75
0, 1141, 0.75
0, 1142, 0.75
0, 1143, 0.75
0, 1144, 0.75
0, 1145, 0.75
0, 1146, 0.75
0, 1147, 0.75
0, 1148, 0.75
0, 1149, 0.75
0, 1150, 0.75
0, 1151, 0.75
0, 1152, 0.75
0, 1153, 0.75
0, 1154, 0.75
0, 1155, 0.75
0, 1156, 0.75
0, 1157, 0.75
0, 1158, 0.75
0, 1159, 0.75
0, 1160, 0.75
0, 1161, 0.75
0, 1162, 0.75
0, 1163, 0.75
0, 1164, 0.75
0, 1165, 0.75
0, 1166, 0.75
0, 1167, 0.75
0, 1168, 0.75
0, 1169, 0.75
0, 1170, 0.75
0, 1171, 0.75
0, 1172, 0.75
0, 1173, 0.75
0, 1174, 0.75
0, 1175, 0.75
0, 1176, 0.75
0, 1177, 0.75
0, 1178, 0.75
0, 1179, 0.75
0, 1180, 0.75
0, 1181, 0.75
0, 1182, 0.75
0, 1183, 0.75
0, 1184, 0.75
0, 1185, 0.75
0, 1186, 0.75
0, 1187, 0.75
0, 1188, 0.75
0, 1189, 0.75
0, 1190, 0.75
0, 1191, 0.75
0, 1192, 0.75
0, 1193, 0.75
0, 1194, 0.75
0, 1195, 0.75
0, 1196, 0.75
0, 1197, 0.75
0, 1198, 0.75
0, 1199, 0.75
0, 1200, 0.75
0, 1201, 0.75
0, 1202, 0.75
0, 1203, 0.75
0, 1204, 0.75
0, 1205, 0.75
0, 1206, 0.75
0, 1207, 0.75
0, 1208, 0.75
0, 1209, 0.75
0, 1210, 0.75
0, 1211, 0.75
0, 1212, 0.75
0, 1213, 0.75
0, 1214, 0.75
0, 1215, 0.75
0, 1216, 0.75
0, 1217, 0.75
0, 1218, 0.75
0, 1219, 0.75
0, 1220, 0.75
0, 1221, 0.75
0, 1222, 0.75
0, 1223, 0.75
0, 1224, 0.75
0, 1225, 0.75
0, 1226, 0.75
0, 1227, 0.75
0, 1228, 0.75
0, 1229, 0.75
0, 1230, 0.75
0, 1231, 0.75
0, 1232, 0.75
0, 1233, 0.75
0, 1234, 0.75
0, 1235, 0.75
0, 1236, 0.75
0, 1237, 0.75
0, 1238, 0.75
0, 1239, 0.75
0, 1240, 0.75
0, 1241, 0.75
0, 1242, 0.75
0, 1243, 0.75
0, 1244, 0.75
0, 1245, 0.75
0, 1246, 0.75
0, 1247, 0.75
0, 1248, 0.75
0, 1249, 0.75
0, 1250, 0.75
0, 1251, 0.75
0, 1252, 0.75
0, 1253, 0.75
0, 1254, 0.75
0, 1255, 0.75
0, 1256, 0.75
0, 1257, 0.75
0, 1258, 0.75
0, 1259, 0.75
0, 1260, 0.75
0, 1261, 0.75
0, 1262, 0.75
0, 1263, 0.75
0, 1264, 0.75
0, 1265, 0.75
0, 1266, 0.75
0, 1267, 0.75
0, 1268, 0.75
0, 1269, 0.75
0, 1270, 0.75
0, 1271, 0.75
0, 1272, 0.75
0, 1273, 0.75
0, 1274, 0.75
0, 1275, 0.75
0, 1276, 0.75
0, 1277, 0.75
0, 1278, 0.75
0, 1279, 0.75
0, 1280, 0.75
0, 1281, 0.75
0, 1282, 0.75
0, 1283, 0.75
0, 1284, 0.75
0, 1285, 0.75
0, 1286, 0.75
0, 1287, 0.75
0, 1288, 0.75
0, 1289, 0.75
0, 1290, 0.75
0, 1291, 0.75
0, 1292, 0.75
0, 1293, 0.75
0, 1294, 0.75
0, 1295, 0.75
0, 1296, 0.75
0, 1297, 0.75
0, 1298, 0.75
0, 1299, 0.75
0, 1300, 0.75
0, 1301, 0.75
0, 1302, 0.75
0, 1303, 0.75
0, 1304, 0.75
0, 1305, 0.75
0, 1306, 0.75
0, 1307, 0.75
0, 1308, 0.75
0, 1309, 0.75
0, 1310, 0.75
0, 1311, 0.75
0, 1312, 0.75
0, 1313, 0.75
0, 1314, 0.75
0, 1315, 0.75
0, 1316, 0.75
0, 1317, 0.75
0, 1318, 0.75
0, 1319, 0.75
0, 1320, 0.75
0, 1321, 0.75
0, 1322, 0.75
0, 1323, 0.75
0, 1324, 0.75
0, 1325, 0.75
0, 1326, 0.75
0, 1327, 0.75
0, 1328, 0.75
0, 1329, 0.75
0, 1330, 0.75
0, 1331, 0.75
0, 1332, 0.75
0, 1333, 0.75
0, 1334, 0.75
0, 1335, 0.75
0, 1336, 0.75
0, 1337, 0.75
0, 1338, 0.75
0, 1339, 0.75
0, 1340, 0.75
0, 1341, 0.75
0, 1342, 0.75
0, 1343, 0.75
0, 1344, 0.75
0, 1345, 0.75
0, 1346, 0.75
0, 1347, 0.75
0, 1348, 0.75
0, 1349, 0.75
0, 1350, 0.75
0, 1351, 0.75
0, 1352, 0.75
0, 1353, 0.75
0, 1354, 0.75
0, 1355, 0.75
0, 1356, 0.75
0, 1357, 0.75
0, 1358, 0.75
0, 1359, 0.75
0, 1360, 0.75
0, 1361, 0.75
0, 1362, 0.75
0, 1363, 0.75
0, 1364, 1.0
0, 1365, 1.25
0, 1366, 1.0
0, 1367, 0.75
0, 1368, 0.75
0, 1369, 1.0
0, 1370, 1.25
0, 1371, 1.5
0, 1372, 1.75
0, 1373, 2.0
0, 1374, 2.25
0, 1375, 2.5
0, 1376, 2.75
0, 1377, 3.0
0, 1378, 3.25
0, 1379, 3.5
0, 1380, 3.75
0, 1381, 4.0
0, 1382, 4.25
0, 1383, 4.5
0, 1384, 4.75
0, 1385, 5.0
0, 1386, 5.25
0, 1387, 5.5
0, 1388, 5.75
0, 1389, 6.0
0, 1390, 6.25
0, 1391, 6.5
0, 1392, 6.75
0, 1393, 7.0
0, 1394, 7.25
0, 1395, 7.5
0, 1396, 7.75
0, 1397, 8.0
0, 1398, 8.25
0, 1399, 8.5
0, 1400, 8.75
0, 1401, 9.0
0, 1402, 9.25
0, 1403, 9.5
0, 1404, 9.75
0, 1405, 10.0
0, 1406, 10.25
0, 1407, 10.5
0, 1408, 10.75
0, 1409, 11.0
0, 1410, 11.25
0, 1411, 11.5
0, 1412, 11.75
0, 1413, 12.0
0, 1414, 12.25
0, 1415, 12.5
0, 1416, 12.75
0, 1417, 13.0
0, 1418, 13.25
0, 1419, 13.5
0, 1420, 13.75
0, 1421, 14.0
0, 1422, 14.25
0, 1423, 14.5
0, 1424, 14.75
0, 1425, 15.0
0, 1426, 15.25
0, 1427, 15.5
0, 1428, 15.75
0, 1429, 16.0
0, 1430, 16.25
0, 1431, 16.5
0, 1432, 16.75
0, 1433, 17.0
0, 1434, 17.25
0, 1435, 17.5
0, 1436, 17.75
0, 1437, 18.0
0, 1438, 18.25
0, 1439, 18.5
0, 1440, 18.75
0, 1441, 19.0
0, 1442, 19.25
0, 1443, 19.5
0, 1444, 19.75
0, 1445, 20.0
0, 1446, 20.25
0, 1447, 20.5
0, 1448, 20.75
0, 1449, 21.0
0, 1450, 21.25
0, 1451, 21.5
0, 1452, 21.75
0, 1453, 22.0
0, 1454, 22.25
0, 1455, 22.5
0, 1456, 22.75
0, 1457, 22.5
0, 1458, 22.25
0, 1459, 22.0
0, 1460, 21.75
0, 1461, 21.5
0, 1462, 21.75
0, 1463, 22.0
0, 1464, 21.75
0, 1465, 21.5
0, 1466, 21.25
0, 1467, 21.0
0, 1468, 20.75
0, 1469, 20.5
0, 1470, 20.25
0, 1471, 20.0
0, 1472, 19.75
0, 1473, 19.5
0, 1474, 19.25
0, 1475, 19.0
0, 1476, 18.75
0, 1477, 18.5
0, 1478, 18.25
0, 1479, 18.0
0, 1480, 17.75
0, 1481, 17.5
0, 1482, 17.25
0, 1483, 17.0
0, 1484, 16.75
0, 1485, 16.5
0, 1486, 16.25
0, 1487, 16.0
0, 1488, 15.75
0, 1489, 15.5
0, 1490, 15.25
0, 1491, 15.0
0, 1492, 14.75
0, 1493, 14.5
0, 1494, 14.25
0, 1495, 14.0
0, 1496, 13.75
0, 1497, 13.5
0, 1498, 13.25
0, 1499, 13.0
0, 1500, 12.75
0, 1501, 12.5
0, 1502, 12.25
0, 1503, 12.0
0, 1504, 11.75
0, 1505, 11.5
0, 1506, 11.25
0, 1507, 11.0
0, 1508, 10.75
0, 1509, 10.5
0, 1510, 10.25
0, 1511, 10.0
0, 1512, 9.75
0, 1513, 9.5
0, 1514, 9.25
0, 1515, 9.0
0, 1516, 8.75
0, 1517, 8.5
0, 1518, 8.25
0, 1519, 8.0
0, 1520, 7.75
0, 1521, 7.5
0, 1522, 7.25
0, 1523, 7.0
0, 1524, 6.75
0, 1525, 6.5
0, 1526, 6.25
0, 1527, 6.0
0, 1528, 5.75
0, 1529, 5.5
0, 1530, 5.25
0, 1531, 5.0
0, 1532, 4.75
0, 1533, 4.5
0, 1534, 4.25
0, 1535, 4.0
0, 1536, 3.75
0, 1537, 3.5
0, 1538, 3.25
0, 1539, 3.0
0, 1540, 2.75
0, 1541, 2.5
0, 1542, 2.25
0, 1543, 2.0
0, 1544, 1.75
0, 1545, 1.5
0, 1546, 1.25
0, 1547, 1.0
0, 1548, 0.75
0, 1549, 0.75
0, 1550, 0.75
0, 1551, 0.75
0, 1552, 0.75
0, 1553, 1.0
0, 1554, 1.25
0, 1555, 1.0
0, 1556, 0.75
0, 1557, 1.0
0, 1558, 1.25
0, 1559, 1.5
0, 1560, 1.75
0, 1561, 2.0
0, 1562, 2.25
0, 1563, 2.5
0, 1564, 2.75
0, 1565, 3.0
0, 1566, 3.25
0, 1567, 3.5
0, 1568, 3.75
0, 1569, 4.0
0, 1570, 4.25
0, 1571, 4.5
0, 1572, 4.75
0, 1573, 5.0
0, 1574, 5.25
0, 1575, 5.5
0, 1576, 5.75
0, 1577, 6.0
0, 1578, 6.25
0, 1579, 6.5
0, 1580, 6.75
0, 1581, 7.0
0, 1582, 7.25
0, 1583, 7.5
0, 1584, 7.75
0, 1585, 8.0
0, 1586, 8.25
0, 1587, 8.5
0, 1588, 8.75
0, 1589, 9.0
0, 1590, 9.25
0, 1591, 9.5
0, 1592, 9.75
0, 1593, 10.0
0, 1594, 10.25
0, 1595, 10.5
0, 1596, 10.75
0, 1597, 11.0
0, 1598, 11.25
0, 1599, 11.5
0, 1600, 11.75
0, 1601, 12.0
0, 1602, 12.25
0, 1603, 12.5
0, 1604, 12.75
0, 1605, 13.0
0, 1606, 13.25
0, 1607, 13.5
0, 1608, 13.75
0, 1609, 14.0
0, 1610, 14.25
0, 1611, 14.5
0, 1612, 14.75
0, 1613, 15.0
0, 1614, 15.25
0, 1615, 15.5
0, 1616, 15.75
0, 1617, 16.0
0, 1618, 16.25
0, 1619, 16.5
0, 1620, 16.75
0, 1621, 17.0
0, 1622, 17.25
0, 1623, 17.5
0, 1624, 17.75
0, 1625, 18.0
0, 1626, 18.25
0, 1627, 18.5
0, 1628, 18.75
0, 1629, 19.0
0, 1630, 19.25
0, 1631, 19.5
0, 1632, 19.75
0, 1633, 20.0
0, 1634, 20.25
0, 1635, 20.5
0, 1636, 20.75
0, 1637, 21.0
0, 1638, 21.25
0, 1639, 21.5
0, 1640, 21.75
0, 1641, 22.0
0, 1642, 22.25
0, 1643, 22.5
0, 1644, 22.75
0, 1645, 23.0
0, 1646, 22.75
0, 1647, 22.5
0, 1648, 22.25
0, 1649, 22.0
0, 1650, 21.75
0, 1651, 21.5
0, 1652, 21.25
0, 1653, 21.0
0, 1654, 20.75
0, 1655, 20.5
0, 1656, 20.25
0, 1657, 20.0
0, 1658, 19.75
0, 1659, 19.5
0, 1660, 19.25
0, 1661, 19.0
0, 1662, 18.75
0, 1663, 18.5
0, 1664, 18.25
0, 1665, 18.0
0, 1666, 17.75
0, 1667, 17.5
0, 1668, 17.25
0, 1669, 17.0
0, 1670, 16.75
0, 1671, 16.5
0, 1672, 16.25
0, 1673, 16.0
0, 1674, 15.75
0, 1675, 15.5
0, 1676, 15.25
0, 1677, 15.0
0, 1678, 14.75
0, 1679, 14.5
0, 1680, 14.25
0, 1681, 14.0
0, 1682, 13.75
0, 1683, 13.5
0, 1684, 13.25
0, 1685, 13.0
0, 1686, 12.75
0, 1687, 12.5
0, 1688, 12.25
0, 1689, 12.0
0, 1690, 11.75
0, 1691, 11.5
0, 1692, 11.25
0, 1693, 11.0
0, 1694, 10.75
0, 1695, 10.5
0, 1696, 10.25
0, 1697, 10.0
0, 1698, 9.75
0, 1699, 9.5
0, 1700, 9.25
0, 1701, 9.0
0, 1702, 8.75
0, 1703, 8.5
0, 1704, 8.25
0, 1705, 8.0
0, 1706, 7.75
0, 1707, 7.5
0, 1708, 7.25
0, 1709, 7.0
0, 1710, 6.75
0, 1711, 6.5
0, 1712, 6.25
0, 1713, 6.0
0, 1714, 5.75
0, 1715, 5.5
0, 1716, 5.25
0, 1717, 5.0
0, 1718, 4.75
0, 1719, 4.5
0, 1720, 4.25
0, 1721, 4.0
0, 1722, 3.75
0, 1723, 3.5
0, 1724, 3.25
0, 1725, 3.0
0, 1726, 2.75
0, 1727, 2.5
0, 1728, 2.25
0, 1729, 2.0
0, 1730, 1.75
0, 1731, 1.5
0, 1732, 1.25
0, 1733, 1.0
0, 1734, 0.75
0, 1735, 0.75
0, 1736, 0.75
0, 1737, 0.75
0, 1738, 0.75
0, 1739, 0.75
0, 1740, 0.75
0, 1741, 0.75
0, 1742, 1.0
0, 1743, 1.25
0, 1744, 1.0
0, 1745, 0.75
0, 1746, 0.75
0, 1747, 1.0
0, 1748, 1.25
0, 1749, 1.5
0, 1750, 1.75
0, 1751, 2.0
0, 1752, 2.25
0, 1753, 2.5
0, 1754, 2.75
0, 1755, 3.0
0, 1756, 3.25
0, 1757, 3.5
0, 1758, 3.75
0, 1759, 4.0
0, 1760, 4.25
0, 1761, 4.5
0, 1762, 4.75
0, 1763, 5.0
0, 1764, 5.25
0, 1765, 5.5
0, 1766, 5.75
0, 1767, 6.0
0, 1768, 6.25
0, 1769, 6.5
0, 1770, 6.75
0, 1771, 7.0
0, 1772, 7.25
0, 1773, 7.5
0, 1774, 7.75
0, 1775, 8.0
0, 1776, 8.25
0, 1777, 8.5
0, 1778, 8.75
0, 1779, 9.0
0, 1780, 9.25
0, 1781, 9.5
0, 1782, 9.75
0, 1783, 10.0
0, 1784, 10.25
0, 1785, 10.5
0, 1786, 10.75
0, 1787, 11.0
0, 1788, 11.25
0, 1789, 11.5
0, 1790, 11.75
0, 1791, 12.0
0, 1792, 12.25
0, 1793, 12.5
0, 1794, 12.75
0, 1795, 13.0
0, 1796, 13.25
0, 1797, 13.5
0, 1798, 13.75
0, 1799, 14.0
0, 1800, 14.25
0, 1801, 14.5
0, 1802, 14.75
0, 1803, 15.0
0, 1804, 15.25
0, 1805, 15.5
0, 1806, 15.75
0, 1807, 15.5
0, 1808, 15.75
0, 1809, 15.5
0, 1810, 15.25
0, 1811, 15.0
0, 1812, 15.25
0, 1813, 15.5
0, 1814, 15.25
0, 1815, 15.0
0, 1816, 14.75
0, 1817, 14.5
0, 1818, 14.25
0, 1819, 14.5
0, 1820, 14.75
0, 1821, 14.5
0, 1822, 14.25
0, 1823, 14.0
0, 1824, 13.75
0, 1825, 13.5
0, 1826, 13.75
0, 1827, 13.5
0, 1828, 13.25
0, 1829, 13.0
0, 1830, 12.75
0, 1831, 12.5
0, 1832, 12.25
0, 1833, 12.5
0, 1834, 12.25
0, 1835, 12.0
0, 1836, 11.75
0, 1837, 11.5
0, 1838, 11.25
0, 1839, 11.0
0, 1840, 10.75
0, 1841, 10.5
0, 1842, 10.25
0, 1843, 10.0
0, 1844, 9.75
0, 1845, 9.5
0, 1846, 9.25
0, 1847, 9.5
0, 1848, 9.75
0, 1849, 9.5
0, 1850, 9.25
0, 1851, 9.0
0, 1852, 8.75
0, 1853, 9.0
0, 1854, 9.25
0, 1855, 9.5
0, 1856, 9.25
0, 1857, 9.0
0, 1858, 8.75
0, 1859, 8.5
0, 1860, 8.75
0, 1861, 9.0
0, 1862, 9.25
0, 1863, 9.0
0, 1864, 8.75
0, 1865, 8.5
0, 1866, 8.25
0, 1867, 8.5
0, 1868, 8.75
0, 1869, 9.0
0, 1870, 9.25
0, 1871, 9.5
0, 1872, 9.25
0, 1873, 9.0
0, 1874, 8.75
0, 1875, 9.0
0, 1876, 9.25
0, 1877, 9.0
0, 1878, 8.75
0, 1879, 8.5
0, 1880, 8.75
0, 1881, 9.0
0, 1882, 9.25
0, 1883, 9.5
0, 1884, 9.25
0, 1885, 9.5
0, 1886, 9.25
0, 1887, 9.5
0, 1888, 9.75
0, 1889, 10.0
0, 1890, 10.25
0, 1891, 10.5
0, 1892, 10.75
0, 1893, 11.0
0, 1894, 11.25
0, 1895, 11.5
0, 1896, 11.75
0, 1897, 12.0
0, 1898, 12.25
0, 1899, 12.5
0, 1900, 12.75
0, 1901, 13.0
0, 1902, 13.25
0, 1903, 13.5
0, 1904, 13.75
0, 1905, 14.0
0, 1906, 14.25
0, 1907, 14.5
0, 1908, 14.75
0, 1909, 15.0
0, 1910, 15.25
0, 1911, 15.5
0, 1912, 15.75
0, 1913, 16.0
0, 1914, 15.75
0, 1915, 15.5
0, 1916, 15.25
0, 1917, 15.5
0, 1918, 15.75
0, 1919, 15.5
0, 1920, 15.25
0, 1921, 15.0
0, 1922, 14.75
0, 1923, 14.5
0, 1924, 14.75
0, 1925, 15.0
0, 1926, 14.75
0, 1927, 14.5
0, 1928, 14.25
0, 1929, 14.0
0, 1930, 13.75
0, 1931, 13.5
0, 1932, 13.25
0, 1933, 13.0
0, 1934, 12.75
0, 1935, 12.5
0, 1936, 12.25
0, 1937, 12.0
0, 1938, 11.75
0, 1939, 11.5
0, 1940, 11.25
0, 1941, 11.0
0, 1942, 10.75
0, 1943, 10.5
0, 1944, 10.25
0, 1945, 10.5
0, 1946, 10.25
0, 1947, 10.0
0, 1948, 9.75
0, 1949, 9.5
0, 1950, 9.25
0, 1951, 9.0
0, 1952, 9.25
0, 1953, 9.0
0, 1954, 8.75
0, 1955, 8.5
0, 1956, 8.25
0, 1957, 8.0
0, 1958, 7.75
0, 1959, 8.0
0, 1960, 8.25
0, 1961, 8.0
0, 1962, 7.75
0, 1963, 7.5
0, 1964, 7.25
0, 1965, 7.0
0, 1966, 7.25
0, 1967, 7.5
0, 1968, 7.25
0, 1969, 7.0
0, 1970, 7.25
0, 1971, 7.5
0, 1972, 7.75
0, 1973, 8.0
0, 1974, 8.25
0, 1975, 8.5
0, 1976, 8.75
0, 1977, 9.0
0, 1978, 9.25
0, 1979, 9.5
0, 1980, 9.75
0, 1981, 10.0
0, 1982, 10.25
0, 1983, 10.5
0, 1984, 10.75
0, 1985, 11.0
0, 1986, 11.25
0, 1987, 11.5
0, 1988, 11.75
0, 1989, 11.5
0, 1990, 11.25
0, 1991, 11.0
0, 1992, 10.75
0, 1993, 10.5
0, 1994, 10.75
0, 1995, 11.0
0, 1996, 10.75
0, 1997, 10.5
0, 1998, 10.25
0, 1999, 10.0
0, 2000, 9.75
0, 2001, 10.0
0, 2002, 10.25
0, 2003, 10.0
0, 2004, 9.75
0, 2005, 9.5
0, 2006, 9.25
0, 2007, 9.0
0, 2008, 9.25
0, 2009, 9.5
0, 2010, 9.25
0, 2011, 9.0
0, 2012, 8.75
0, 2013, 8.5
0, 2014, 8.25
0, 2015, 8.5
0, 2016, 8.75
0, 2017, 8.5
0, 2018, 8.25
0, 2019, 8.0
0, 2020, 7.75
0, 2021, 7.5
0, 2022, 7.75
0, 2023, 8.0
0, 2024, 7.75
0, 2025, 7.5
0, 2026, 7.25
0, 2027, 7.0
0, 2028, 6.75
0, 2029, 7.0
0, 2030, 7.25
0, 2031, 7.0
0, 2032, 6.75
0, 2033, 6.5
0, 2034, 6.25
0, 2035, 6.0
0, 2036, 6.25
0, 2037, 6.5
0, 2038, 6.25
0, 2039, 6.0
0, 2040, 5.75
0, 2041, 6.0
0, 2042, 6.25
0, 2043, 6.5
0, 2044, 6.75
0, 2045, 7.0
0, 2046, 7.25
0, 2047, 7.5
0, 2048, 7.75
0, 2049, 8.0
0, 2050, 8.25
0, 2051, 8.5
0, 2052, 8.75
0, 2053, 9.0
0, 2054, 9.25
0, 2055, 9.5
0, 2056, 9.75
0, 2057, 10.0
0, 2058, 10.25
0, 2059, 10.5
0, 2060, 10.75
0, 2061, 11.0
0, 2062, 11.25
0, 2063, 11.5
0, 2064, 11.75
0, 2065, 12.0
0, 2066, 12.25
0, 2067, 12.5
0, 2068, 12.75
0, 2069, 13.0
0, 2070, 13.25
0, 2071, 13.5
0, 2072, 13.75
0, 2073, 14.0
0, 2074, 13.75
0, 2075, 14.0
0, 2076, 14.25
0, 2077, 14.5
0, 2078, 14.75
0, 2079, 15.0
0, 2080, 14.75
0, 2081, 14.5
0, 2082, 14.25
0, 2083, 14.0
0, 2084, 13.75
0, 2085, 14.0
0, 2086, 14.25
0, 2087, 14.0
0, 2088, 13.75
0, 2089, 13.5
0, 2090, 13.25
0, 2091, 13.0
0, 2092, 13.25
0, 2093, 13.5
0, 2094, 13.25
0, 2095, 13.0
0, 2096, 12.75
0, 2097, 12.5
0, 2098, 12.25
0, 2099, 12.5
0, 2100, 12.75
0, 2101, 12.5
0, 2102, 12.25
0, 2103, 12.0
0, 2104, 11.75
0, 2105, 11.5
0, 2106, 11.75
0, 2107, 11.5
0, 2108, 11.25
0, 2109, 11.0
0, 2110, 10.75
0, 2111, 10.5
0, 2112, 10.25
0, 2113, 10.0
0, 2114, 9.75
0, 2115, 9.5
0, 2116, 9.25
0, 2117, 9.0
0, 2118, 8.75
0, 2119, 8.5
0, 2120, 8.75
0, 2121, 9.0
0, 2122, 8.75
0, 2123, 8.5
0, 2124, 8.25
0, 2125, 8.0
0, 2126, 7.75
0, 2127, 8.0
0, 2128, 8.25
0, 2129, 8.0
0, 2130, 7.75
0, 2131, 7.5
0, 2132, 7.25
0, 2133, 7.0
0, 2134, 7.25
0, 2135, 7.5
0, 2136, 7.25
0, 2137, 7.0
0, 2138, 6.75
0, 2139, 6.5
0, 2140, 6.25
0, 2141, 6.5
0, 2142, 6.75
0, 2143, 6.5
0, 2144, 6.25
0, 2145, 6.0
0, 2146, 6.25
0, 2147, 6.5
0, 2148, 6.75
0, 2149, 7.0
0, 2150, 7.25
0, 2151, 7.5
0, 2152, 7.75
0, 2153, 8.0
0, 2154, 8.25
0, 2155, 8.5
0, 2156, 8.75
0, 2157, 9.0
0, 2158, 9.25
0, 2159, 9.5
0, 2160, 9.75
0, 2161, 10.0
0, 2162, 10.25
0, 2163, 10.5
0, 2164, 10.75
0, 2165, 11.0
0, 2166, 11.25
0, 2167, 11.5
0, 2168, 11.75
0, 2169, 12.0
0, 2170, 12.25
0, 2171, 12.5
0, 2172, 12.75
0, 2173, 13.0
0, 2174, 13.25
0, 2175, 13.5
0, 2176, 13.75
0, 2177, 14.0
0, 2178, 14.25
0, 2179, 14.5
0, 2180, 14.75
0, 2181, 15.0
0, 2182, 15.25
0, 2183, 15.5
0, 2184, 15.75
0, 2185, 16.0
0, 2186, 16.25
0, 2187, 16.5
0, 2188, 16.75
0, 2189, 17.0
0, 2190, 17.25
0, 2191, 17.5
0, 2192, 17.25
0, 2193, 17.0
0, 2194, 16.75
0, 2195, 16.5
0, 2196, 16.25
0, 2197, 16.5
0, 2198, 16.75
0, 2199, 16.5
0, 2200, 16.25
0, 2201, 16.0
0, 2202, 15.75
0, 2203, 15.5
0, 2204, 15.25
0, 2205, 15.0
0, 2206, 14.75
0, 2207, 14.5
0, 2208, 14.25
0, 2209, 14.0
0, 2210, 13.75
0, 2211, 14.0
0, 2212, 13.75
0, 2213, 13.5
0, 2214, 13.25
0, 2215, 13.0
0, 2216, 12.75
0, 2217, 12.5
0, 2218, 12.75
0, 2219, 13.0
0, 2220, 12.75
0, 2221, 12.5
0, 2222, 12.75
0, 2223, 13.0
0, 2224, 13.25
0, 2225, 13.5
0, 2226, 13.75
0, 2227, 14.0
0, 2228, 14.25
0, 2229, 14.5
0, 2230, 14.75
0, 2231, 15.0
0, 2232, 15.25
0, 2233, 15.5
0, 2234, 15.75
0, 2235, 16.0
0, 2236, 16.25
0, 2237, 16.5
0, 2238, 16.75
0, 2239, 17.0
0, 2240, 17.25
0, 2241, 17.5
0, 2242, 17.75
0, 2243, 18.0
0, 2244, 18.25
0, 2245, 18.5
0, 2246, 18.75
0, 2247, 19.0
0, 2248, 19.25
0, 2249, 19.5
0, 2250, 19.75
0, 2251, 20.0
0, 2252, 20.25
0, 2253, 20.5
0, 2254, 20.75
0, 2255, 21.0
0, 2256, 21.25
0, 2257, 21.5
0, 2258, 21.75
0, 2259, 22.0
0, 2260, 22.25
0, 2261, 22.5
0, 2262, 22.75
0, 2263, 23.0
0, 2264, 23.25
0, 2265, 23.5
0, 2266, 23.75
0, 2267, 24.0
0, 2268, 24.25
0, 2269, 24.5
0, 2270, 24.75
0, 2271, 25.0
0, 2272, 25.25
0, 2273, 25.5
0, 2274, 25.75
0, 2275, 26.0
0, 2276, 26.25
0, 2277, 26.5
0, 2278, 26.75
0, 2279, 27.0
0, 2280, 27.25
0, 2281, 27.5
0, 2282, 27.75
0, 2283, 28.0
0, 2284, 28.25
0, 2285, 28.5
0, 2286, 28.75
0, 2287, 29.0
0, 2288, 29.25
0, 2289, 29.5
0, 2290, 29.75
0, 2291, 30.0
0, 2292, 30.25
0, 2293, 30.5
0, 2294, 30.75
0, 2295, 31.0
0, 2296, 31.25
0, 2297, 31.5
0, 2298, 31.75
0, 2299, 32.0
0, 2300, 32.25
0, 2301, 32.5
0, 2302, 32.75
0, 2303, 33.0
0, 2304, 33.25
0, 2305, 33.5
0, 2306, 33.75
0, 2307, 34.0
0, 2308, 34.25
0, 2309, 34.5
0, 2310, 34.75
0, 2311, 35.0
0, 2312, 35.25
0, 2313, 35.5
0, 2314, 35.75
0, 2315, 36.0
0, 2316, 36.25
0, 2317, 36.5
0, 2318, 36.75
0, 2319, 37.0
0, 2320, 37.25
0, 2321, 37.5
0, 2322, 37.75
0, 2323, 38.0
0, 2324, 38.25
0, 2325, 38.5
0, 2326, 38.75
0, 2327, 39.0
0, 2328, 39.25
0, 2329, 39.5
0, 2330, 39.75
0, 2331, 40.0
0, 2332, 40.25
0, 2333, 40.5
0, 2334, 40.75
0, 2335, 41.0
0, 2336, 41.25
0, 2337, 41.5
0, 2338, 41.75
0, 2339, 42.0
0, 2340, 42.25
0, 2341, 42.5
0, 2342, 42.75
0, 2343, 43.0
0, 2344, 43.25
0, 2345, 43.5
0, 2346, 43.25
0, 2347, 43.0
0, 2348, 42.75
0, 2349, 42.5
0, 2350, 42.25
0, 2351, 42.5
0, 2352, 42.75
0, 2353, 42.5
0, 2354, 42.25
0, 2355, 42.0
0, 2356, 41.75
0, 2357, 41.5
0, 2358, 41.25
0, 2359, 41.0
0, 2360, 40.75
0, 2361, 40.5
0, 2362, 40.25
0, 2363, 40.0
0, 2364, 39.75
0, 2365, 39.5
0, 2366, 39.25
0, 2367, 39.0
0, 2368, 38.75
0, 2369, 38.5
0, 2370, 38.25
0, 2371, 38.0
0, 2372, 37.75
0, 2373, 37.5
0, 2374, 37.25
0, 2375, 37.0
0, 2376, 36.75
0, 2377, 36.5
0, 2378, 36.25
0, 2379, 36.0
0, 2380, 35.75
0, 2381, 35.5
0, 2382, 35.25
0, 2383, 35.0
0, 2384, 34.75
0, 2385, 34.5
0, 2386, 34.25
0, 2387, 34.0
0, 2388, 33.75
0, 2389, 33.5
0, 2390, 33.25
0, 2391, 33.0
0, 2392, 32.75
0, 2393, 32.5
0, 2394, 32.25
0, 2395, 32.0
0, 2396, 31.75
0, 2397, 31.5
0, 2398, 31.25
0, 2399, 31.0
0, 2400, 30.75
0, 2401, 30.5
0, 2402, 30.25
0, 2403, 30.0
0, 2404, 29.75
0, 2405, 29.5
0, 2406, 29.25
0, 2407, 29.0
0, 2408, 28.75
0, 2409, 28.5
0, 2410, 28.25
0, 2411, 28.0
0, 2412, 27.75
0, 2413, 27.5
0, 2414, 27.25
0, 2415, 27.0
0, 2416, 26.75
0, 2417, 26.5
0, 2418, 26.25
0, 2419, 26.0
0, 2420, 25.75
0, 2421, 25.5
0, 2422, 25.25
0, 2423, 25.0
0, 2424, 24.75
0, 2425, 24.5
0, 2426, 24.75
0, 2427, 24.5
0, 2428, 24.75
0, 2429, 25.0
0, 2430, 24.75
0, 2431, 25.0
0, 2432, 25.25
0, 2433, 25.5
0, 2434, 25.75
0, 2435, 26.0
0, 2436, 26.25
0, 2437, 26.5
0, 2438, 26.75
0, 2439, 27.0
0, 2440, 27.25
0, 2441, 27.5
0, 2442, 27.75
0, 2443, 28.0
0, 2444, 28.25
0, 2445, 28.5
0, 2446, 28.75
0, 2447, 29.0
0, 2448, 29.25
0, 2449, 29.5
0, 2450, 29.75
0, 2451, 30.0
0, 2452, 30.25
0, 2453, 30.5
0, 2454, 30.75
0, 2455, 31.0
0, 2456, 31.25
0, 2457, 31.5
0, 2458, 31.75
0, 2459, 32.0
0, 2460, 32.25
0, 2461, 32.5
0, 2462, 32.75
0, 2463, 33.0
0, 2464, 33.25
0, 2465, 33.5
0, 2466, 33.75
0, 2467, 34.0
0, 2468, 34.25
0, 2469, 34.5
0, 2470, 34.75
0, 2471, 35.0
0, 2472, 35.25
0, 2473, 35.5
0, 2474, 35.75
0, 2475, 36.0
0, 2476, 36.25
0, 2477, 36.5
0, 2478, 36.75
0, 2479, 37.0
0, 2480, 37.25
0, 2481, 37.5
0, 2482, 37.75
0, 2483, 38.0
0, 2484, 38.25
0, 2485, 38.5
0, 2486, 38.75
0, 2487, 39.0
0, 2488, 39.25
0, 2489, 39.5
0, 2490, 39.75
0, 2491, 40.0
0, 2492, 40.25
0, 2493, 40.5
0, 2494, 40.75
0, 2495, 41.0
0, 2496, 41.25
0, 2497, 41.5
0, 2498, 41.75
0, 2499, 42.0
0, 2500, 42.25
0, 2501, 42.5
0, 2502, 42.75
0, 2503, 43.0
0, 2504, 43.25
0, 2505, 43.5
0, 2506, 43.75
0, 2507, 44.0
0, 2508, 44.25
0, 2509, 44.5
0, 2510, 44.75
0, 2511, 45.0
0, 2512, 45.25
0, 2513, 45.5
0, 2514, 45.75
0, 2515, 46.0
0, 2516, 46.25
0, 2517, 46.5
0, 2518, 46.75
0, 2519, 47.0
0, 2520, 47.25
0, 2521, 47.5
0, 2522, 47.75
0, 2523, 48.0
0, 2524, 48.25
0, 2525, 48.5
0, 2526, 48.75
0, 2527, 49.0
0, 2528, 49.25
0, 2529, 49.5
0, 2530, 49.75
0, 2531, 50.0
0, 2532, 50.25
0, 2533, 50.5
0, 2534, 50.75
0, 2535, 51.0
0, 2536, 51.25
0, 2537, 51.5
0, 2538, 51.75
0, 2539, 52.0
0, 2540, 52.25
0, 2541, 52.5
0, 2542, 52.75
0, 2543, 53.0
0, 2544, 53.25
0, 2545, 53.5
0, 2546, 53.75
0, 2547, 54.0
0, 2548, 54.25
0, 2549, 54.5
0, 2550, 54.75
0, 2551, 55.0
0, 2552, 55.25
0, 2553, 55.5
0, 2554, 55.75
0, 2555, 56.0
0, 2556, 56.25
0, 2557, 56.5
0, 2558, 56.75
0, 2559, 57.0
0, 2560, 57.25
0, 2561, 57.5
0, 2562, 57.75
0, 2563, 58.0
0, 2564, 58.25
0, 2565, 58.5
0, 2566, 58.75
0, 2567, 59.0
0, 2568, 59.25
0, 2569, 59.5
0, 2570, 59.75
0, 2571, 60.0
0, 2572, 60.25
0, 2573, 60.5
0, 2574, 60.75
0, 2575, 61.0
0, 2576, 61.25
0, 2577, 61.5
0, 2578, 61.75
0, 2579, 62.0
0, 2580, 62.25
0, 2581, 62.5
0, 2582, 62.75
0, 2583, 63.0
0, 2584, 63.25
0, 2585, 63.5
0, 2586, 63.75
0, 2587, 64.0
0, 2588, 64.25
0, 2589, 64.5
0, 2590, 64.75
0, 2591, 65.0
0, 2592, 65.25
0, 2593, 65.5
0, 2594, 65.75
0, 2595, 66.0
0, 2596, 66.25
0, 2597, 66.5
0, 2598, 66.75
0, 2599, 67.0
0, 2600, 67.25
0, 2601, 67.5
0, 2602, 67.75
0, 2603, 68.0
0, 2604, 68.25
0, 2605, 68.5
0, 2606, 68.75
0, 2607, 69.0
0, 2608, 69.25
0, 2609, 69.5
0, 2610, 69.75
0, 2611, 70.0
0, 2612, 70.25
0, 2613, 70.5
0, 2614, 70.75
0, 2615, 71.0
0, 2616, 71.25
0, 2617, 71.5
0, 2618, 71.75
0, 2619, 72.0
0, 2620, 72.25
0, 2621, 72.5
0, 2622, 72.75
0, 2623, 73.0
0, 2624, 73.25
0, 2625, 73.5
0, 2626, 73.75
0, 2627, 74.0
0, 2628, 74.25
0, 2629, 74.5
0, 2630, 74.75
0, 2631, 75.0
0, 2632, 75.25
0, 2633, 75.0
0, 2634, 74.75
0, 2635, 74.5
0, 2636, 74.25
0, 2637, 74.0
0, 2638, 73.75
0, 2639, 73.5
0, 2640, 73.25
0, 2641, 73.0
0, 2642, 72.75
0, 2643, 72.5
0, 2644, 72.25
0, 2645, 72.0
0, 2646, 71.75
0, 2647, 71.5
0, 2648, 71.25
0, 2649, 71.0
0, 2650, 70.75
0, 2651, 70.5
0, 2652, 70.25
0, 2653, 70.0
0, 2654, 69.75
0, 2655, 69.5
0, 2656, 69.25
0, 2657, 69.0
0, 2658, 68.75
0, 2659, 68.5
0, 2660, 68.25
0, 2661, 68.0
0, 2662, 67.75
0, 2663, 67.5
0, 2664, 67.25
0, 2665, 67.0
0, 2666, 66.75
0, 2667, 66.5
0, 2668, 66.25
0, 2669, 66.0
0, 2670, 65.75
0, 2671, 65.5
0, 2672, 65.25
0, 2673, 65.0
0, 2674, 64.75
0, 2675, 64.5
0, 2676, 64.25
0, 2677, 64.0
0, 2678, 63.75
0, 2679, 63.5
0, 2680, 63.25
0, 2681, 63.0
0, 2682, 62.75
0, 2683, 62.5
0, 2684, 62.25
0, 2685, 62.0
0, 2686, 61.75
0, 2687, 61.5
0, 2688, 61.25
0, 2689, 61.0
0, 2690, 60.75
0, 2691, 60.5
0, 2692, 60.25
0, 2693, 60.0
0, 2694, 59.75
0, 2695, 59.5
0, 2696, 59.25
0, 2697, 59.0
0, 2698, 58.75
0, 2699, 58.5
0, 2700, 58.25
0, 2701, 58.0
0, 2702, 57.75
0, 2703, 57.5
0, 2704, 57.25
0, 2705, 57.0
0, 2706, 56.75
0, 2707, 56.5
0, 2708, 56.25
0, 2709, 56.0
0, 2710, 55.75
0, 2711, 55.5
0, 2712, 55.25
0, 2713, 55.0
0, 2714, 54.75
0, 2715, 54.5
0, 2716, 54.25
0, 2717, 54.0
0, 2718, 53.75
0, 2719, 53.5
0, 2720, 53.25
0, 2721, 53.0
0, 2722, 52.75
0, 2723, 52.5
0, 2724, 52.25
0, 2725, 52.0
0, 2726, 51.75
0, 2727, 51.5
0, 2728, 51.25
0, 2729, 51.0
0, 2730, 50.75
0, 2731, 50.5
0, 2732, 50.25
0, 2733, 50.0
0, 2734, 49.75
0, 2735, 49.5
0, 2736, 49.25
0, 2737, 49.0
0, 2738, 48.75
0, 2739, 48.5
0, 2740, 48.25
0, 2741, 48.0
0, 2742, 47.75
0, 2743, 47.5
0, 2744, 47.25
0, 2745, 47.0
0, 2746, 46.75
0, 2747, 46.5
0, 2748, 46.25
0, 2749, 46.0
0, 2750, 45.75
0, 2751, 45.5
0, 2752, 45.25
0, 2753, 45.0
0, 2754, 44.75
0, 2755, 44.5
0, 2756, 44.25
0, 2757, 44.0
0, 2758, 43.75
0, 2759, 43.5
0, 2760, 43.25
0, 2761, 43.0
0, 2762, 42.75
0, 2763, 42.5
0, 2764, 42.25
0, 2765, 42.0
0, 2766, 41.75
0, 2767, 41.5
0, 2768, 41.25
0, 2769, 41.0
0, 2770, 40.75
0, 2771, 40.5
0, 2772, 40.25
0, 2773, 40.0
0, 2774, 39.75
0, 2775, 39.5
0, 2776, 39.25
0, 2777, 39.0
0, 2778, 38.75
0, 2779, 38.5
0, 2780, 38.25
0, 2781, 38.0
0, 2782, 37.75
0, 2783, 37.5
0, 2784, 37.75
0, 2785, 38.0
0, 2786, 38.25
0, 2787, 38.5
0, 2788, 38.75
0, 2789, 39.0
0, 2790, 39.25
0, 2791, 39.5
0, 2792, 39.75
0, 2793, 40.0
0, 2794, 40.25
0, 2795, 40.5
0, 2796, 40.75
0, 2797, 41.0
0, 2798, 41.25
0, 2799, 41.5
0, 2800, 41.75
0, 2801, 42.0
0, 2802, 42.25
0, 2803, 42.5
0, 2804, 42.75
0, 2805, 43.0
0, 2806, 43.25
0, 2807, 43.5
0, 2808, 43.75
0, 2809, 44.0
0, 2810, 44.25
0, 2811, 44.5
0, 2812, 44.75
0, 2813, 45.0
0, 2814, 45.25
0, 2815, 45.5
0, 2816, 45.75
0, 2817, 46.0
0, 2818, 46.25
0, 2819, 46.5
0, 2820, 46.75
0, 2821, 47.0
0, 2822, 47.25
0, 2823, 47.5
0, 2824, 47.75
0, 2825, 48.0
0, 2826, 48.25
0, 2827, 48.5
0, 2828, 48.75
0, 2829, 49.0
0, 2830, 49.25
0, 2831, 49.5
0, 2832, 49.75
0, 2833, 50.0
0, 2834, 50.25
0, 2835, 50.5
0, 2836, 50.75
0, 2837, 51.0
0, 2838, 51.25
0, 2839, 51.5
0, 2840, 51.75
0, 2841, 52.0
0, 2842, 52.25
0, 2843, 52.5
0, 2844, 52.75
0, 2845, 53.0
0, 2846, 53.25
0, 2847, 53.5
0, 2848, 53.75
0, 2849, 54.0
0, 2850, 54.25
0, 2851, 54.5
0, 2852, 54.75
0, 2853, 55.0
0, 2854, 55.25
0, 2855, 55.5
0, 2856, 55.75
0, 2857, 56.0
0, 2858, 56.25
0, 2859, 56.5
0, 2860, 56.75
0, 2861, 57.0
0, 2862, 57.25
0, 2863, 57.5
0, 2864, 57.75
0, 2865, 58.0
0, 2866, 58.25
0, 2867, 58.5
0, 2868, 58.75
0, 2869, 59.0
0, 2870, 59.25
0, 2871, 59.5
0, 2872, 59.75
0, 2873, 60.0
0, 2874, 60.25
0, 2875, 60.5
0, 2876, 60.75
0, 2877, 61.0
0, 2878, 61.25
0, 2879, 61.5
0, 2880, 61.75
0, 2881, 62.0
0, 2882, 62.25
0, 2883, 62.5
0, 2884, 62.75
0, 2885, 63.0
0, 2886, 63.25
0, 2887, 63.5
0, 2888, 63.75
0, 2889, 64.0
0, 2890, 64.25
0, 2891, 64.5
0, 2892, 64.75
0, 2893, 65.0
0, 2894, 65.25
0, 2895, 65.5
0, 2896, 65.75
0, 2897, 66.0
0, 2898, 66.25
0, 2899, 66.5
0, 2900, 66.75
0, 2901, 67.0
0, 2902, 67.25
0, 2903, 67.5
0, 2904, 67.75
0, 2905, 68.0
0, 2906, 68.25
0, 2907, 68.5
0, 2908, 68.75
0, 2909, 69.0
0, 2910, 69.25
0, 2911, 69.5
0, 2912, 69.75
0, 2913, 69.5
0, 2914, 69.25
0, 2915, 69.0
0, 2916, 68.75
0, 2917, 68.5
0, 2918, 68.25
0, 2919, 68.0
0, 2920, 67.75
0, 2921, 67.5
0, 2922, 67.25
0, 2923, 67.0
0, 2924, 66.75
0, 2925, 66.5
0, 2926, 66.25
0, 2927, 66.0
0, 2928, 65.75
0, 2929, 65.5
0, 2930, 65.25
0, 2931, 65.0
0, 2932, 64.75
0, 2933, 64.5
0, 2934, 64.25
0, 2935, 64.0
0, 2936, 63.75
0, 2937, 63.5
0, 2938, 63.25
0, 2939, 63.0
0, 2940, 62.75
0, 2941, 62.5
0, 2942, 62.25
0, 2943, 62.0
0, 2944, 61.75
0, 2945, 61.5
0, 2946, 61.25
0, 2947, 61.0
0, 2948, 60.75
0, 2949, 60.5
0, 2950, 60.25
0, 2951, 60.0
0, 2952, 59.75
0, 2953, 59.5
0, 2954, 59.25
0, 2955, 59.0
0, 2956, 58.75
0, 2957, 58.5
0, 2958, 58.25
0, 2959, 58.0
0, 2960, 57.75
0, 2961, 57.5
0, 2962, 57.25
0, 2963, 57.0
0, 2964, 56.75
0, 2965, 56.5
0, 2966, 56.25
0, 2967, 56.0
0, 2968, 55.75
0, 2969, 55.5
0, 2970, 55.25
0, 2971, 55.0
0, 2972, 54.75
0, 2973, 54.5
0, 2974, 54.25
0, 2975, 54.0
0, 2976, 53.75
0, 2977, 53.5
0, 2978, 53.25
0, 2979, 53.0
0, 2980, 52.75
0, 2981, 52.5
0, 2982, 52.25
0, 2983, 52.0
0, 2984, 51.75
0, 2985, 51.5
0, 2986, 51.25
0, 2987, 51.0
0, 2988, 50.75
0, 2989, 50.5
0, 2990, 50.25
0, 2991, 50.0
0, 2992, 49.75
0, 2993, 49.5
0, 2994, 49.25
0, 2995, 49.0
0, 2996, 48.75
0, 2997, 48.5
0, 2998, 48.25
0, 2999, 48.0
0, 3000, 47.75
0, 3001, 47.5
0, 3002, 47.25
0, 3003, 47.0
0, 3004, 46.75
0, 3005, 46.5
0, 3006, 46.25
0, 3007, 46.0
0, 3008, 45.75
0, 3009, 45.5
0, 3010, 45.25
0, 3011, 45.0
0, 3012, 44.75
0, 3013, 44.5
0, 3014, 44.25
0, 3015, 44.0
0, 3016, 43.75
0, 3017, 43.5
0, 3018, 43.25
0, 3019, 43.0
0, 3020, 42.75
0, 3021, 42.5
0, 3022, 42.25
0, 3023, 42.0
0, 3024, 41.75
0, 3025, 41.5
0, 3026, 41.25
0, 3027, 41.0
0, 3028, 40.75
0, 3029, 40.5
0, 3030, 40.25
0, 3031, 40.0
0, 3032, 39.75
0, 3033, 39.5
0, 3034, 39.25
0, 3035, 39.0
0, 3036, 38.75
0, 3037, 38.5
0, 3038, 38.25
0, 3039, 38.0
0, 3040, 37.75
0, 3041, 37.5
0, 3042, 37.25
0, 3043, 37.0
0, 3044, 36.75
0, 3045, 36.5
0, 3046, 36.25
0, 3047, 36.0
0, 3048, 35.75
0, 3049, 35.5
0, 3050, 35.25
0, 3051, 35.0
0, 3052, 34.75
0, 3053, 34.5
0, 3054, 34.25
0, 3055, 34.0
0, 3056, 33.75
0, 3057, 33.5
0, 3058, 33.25
0, 3059, 33.0
0, 3060, 32.75
0, 3061, 32.5
0, 3062, 32.25
0, 3063, 32.0
0, 3064, 31.75
0, 3065, 31.5
0, 3066, 31.25
0, 3067, 31.0
0, 3068, 30.75
0, 3069, 30.5
0, 3070, 30.25
0, 3071, 30.0
0, 3072, 29.75
0, 3073, 29.5
0, 3074, 29.25
0, 3075, 29.0
0, 3076, 28.75
0, 3077, 28.5
0, 3078, 28.25
0, 3079, 28.0
0, 3080, 27.75
0, 3081, 27.5
0, 3082, 27.25
0, 3083, 27.0
0, 3084, 26.75
0, 3085, 26.5
0, 3086, 26.25
0, 3087, 26.0
0, 3088, 25.75
0, 3089, 25.5
0, 3090, 25.25
0, 3091, 25.0
0, 3092, 24.75
0, 3093, 24.5
0, 3094, 24.25
0, 3095, 24.0
0, 3096, 23.75
0, 3097, 23.5
0, 3098, 23.25
0, 3099, 23.0
0, 3100, 22.75
0, 3101, 22.5
0, 3102, 22.25
0, 3103, 22.0
0, 3104, 21.75
0, 3105, 21.5
0, 3106, 21.25
0, 3107, 21.0
0, 3108, 20.75
0, 3109, 20.5
0, 3110, 20.25
0, 3111, 20.0
0, 3112, 19.75
0, 3113, 19.5
0, 3114, 19.25
0, 3115, 19.0
0, 3116, 18.75
0, 3117, 18.5
0, 3118, 18.25
0, 3119, 18.0
0, 3120, 17.75
0, 3121, 17.5
0, 3122, 17.25
0, 3123, 17.0
0, 3124, 16.75
0, 3125, 16.5
0, 3126, 16.25
0, 3127, 16.0
0, 3128, 15.75
0, 3129, 15.5
0, 3130, 15.25
0, 3131, 15.0
0, 3132, 14.75
0, 3133, 14.5
0, 3134, 14.25
0, 3135, 14.0
0, 3136, 13.75
0, 3137, 13.5
0, 3138, 13.25
0, 3139, 13.0
0, 3140, 12.75
0, 3141, 12.5
0, 3142, 12.25
0, 3143, 12.0
0, 3144, 11.75
0, 3145, 11.5
0, 3146, 11.25
0, 3147, 11.0
0, 3148, 10.75
0, 3149, 10.5
0, 3150, 10.25
0, 3151, 10.0
0, 3152, 9.75
0, 3153, 9.5
0, 3154, 9.25
0, 3155, 9.0
0, 3156, 8.75
0, 3157, 8.5
0, 3158, 8.25
0, 3159, 8.0
0, 3160, 7.75
0, 3161, 7.5
0, 3162, 7.25
0, 3163, 7.0
0, 3164, 6.75
0, 3165, 6.5
0, 3166, 6.25
0, 3167, 6.0
0, 3168, 5.75
0, 3169, 5.5
0, 3170, 5.25
0, 3171, 5.0
0, 3172, 4.75
0, 3173, 4.5
0, 3174, 4.25
0, 3175, 4.0
0, 3176, 3.75
0, 3177, 3.5
0, 3178, 3.25
0, 3179, 3.0
0, 3180, 2.75
0, 3181, 2.5
0, 3182, 2.25
0, 3183, 2.0
0, 3184, 1.75
0, 3185, 1.5
0, 3186, 1.25
0, 3187, 1.0
0, 3188, 0.75
0, 3189, 0.75
0, 3190, 0.75
0, 3191, 0.75
0, 3192, 0.75
0, 3193, 0.75
0, 3194, 0.75
0, 3195, 0.75
0, 3196, 0.75
0, 3197, 0.75
0, 3198, 0.75
0, 3199, 0.75
0, 3200, 0.75
0, 3201, 0.75
0, 3202, 0.75
0, 3203, 0.75
0, 3204, 0.75
0, 3205, 0.75
0, 3206, 0.75
0, 3207, 0.75
0, 3208, 0.75
0, 3209, 0.75
0, 3210, 0.75
0, 3211, 0.75
0, 3212, 0.75
0, 3213, 0.75
0, 3214, 0.75
0, 3215, 0.75
0, 3216, 0.75
0, 3217, 0.75
0, 3218, 0.75
0, 3219, 1.0
0, 3220, 1.25
0, 3221, 1.0
0, 3222, 0.75
0, 3223, 0.75
0, 3224, 1.0
0, 3225, 1.25
0, 3226, 1.5
0, 3227, 1.75
0, 3228, 2.0
0, 3229, 2.25
0, 3230, 2.5
0, 3231, 2.75
0, 3232, 3.0
0, 3233, 3.25
0, 3234, 3.5
0, 3235, 3.75
0, 3236, 4.0
0, 3237, 4.25
0, 3238, 4.5
0, 3239, 4.75
0, 3240, 5.0
0, 3241, 5.25
0, 3242, 5.5
0, 3243, 5.75
0, 3244, 6.0
0, 3245, 6.25
0, 3246, 6.5
0, 3247, 6.75
0, 3248, 7.0
0, 3249, 7.25
0, 3250, 7.5
0, 3251, 7.75
0, 3252, 8.0
0, 3253, 8.25
0, 3254, 8.5
0, 3255, 8.75
0, 3256, 9.0
0, 3257, 9.25
0, 3258, 9.5
0, 3259, 9.75
0, 3260, 10.0
0, 3261, 10.25
0, 3262, 10.5
0, 3263, 10.75
0, 3264, 11.0
0, 3265, 11.25
0, 3266, 11.5
0, 3267, 11.75
0, 3268, 12.0
0, 3269, 12.25
0, 3270, 12.5
0, 3271, 12.75
0, 3272, 13.0
0, 3273, 13.25
0, 3274, 13.5
0, 3275, 13.75
0, 3276, 14.0
0, 3277, 14.25
0, 3278, 14.5
0, 3279, 14.75
0, 3280, 15.0
0, 3281, 15.25
0, 3282, 15.5
0, 3283, 15.75
0, 3284, 16.0
0, 3285, 16.25
0, 3286, 16.5
0, 3287, 16.75
0, 3288, 17.0
0, 3289, 17.25
0, 3290, 17.5
0, 3291, 17.75
0, 3292, 18.0
0, 3293, 18.25
0, 3294, 18.5
0, 3295, 18.75
0, 3296, 19.0
0, 3297, 19.25
0, 3298, 19.5
0, 3299, 19.75
0, 3300, 20.0
0, 3301, 20.25
0, 3302, 20.5
0, 3303, 20.75
0, 3304, 21.0
0, 3305, 21.25
0, 3306, 21.5
0, 3307, 21.75
0, 3308, 22.0
0, 3309, 22.25
0, 3310, 22.5
0, 3311, 22.75
0, 3312, 23.0
0, 3313, 23.25
0, 3314, 23.5
0, 3315, 23.75
0, 3316, 24.0
0, 3317, 24.25
0, 3318, 24.5
0, 3319, 24.75
0, 3320, 25.0
0, 3321, 25.25
0, 3322, 25.5
0, 3323, 25.75
0, 3324, 26.0
0, 3325, 26.25
0, 3326, 26.5
0, 3327, 26.75
0, 3328, 27.0
0, 3329, 27.25
0, 3330, 27.5
0, 3331, 27.75
0, 3332, 28.0
0, 3333, 28.25
0, 3334, 28.5
0, 3335, 28.75
0, 3336, 29.0
0, 3337, 29.25
0, 3338, 29.5
0, 3339, 29.75
0, 3340, 30.0
0, 3341, 30.25
0, 3342, 30.5
0, 3343, 30.75
0, 3344, 31.0
0, 3345, 31.25
0, 3346, 31.5
0, 3347, 31.75
0, 3348, 32.0
0, 3349, 32.25
0, 3350, 32.5
0, 3351, 32.75
0, 3352, 33.0
0, 3353, 33.25
0, 3354, 33.0
0, 3355, 32.75
0, 3356, 32.5
0, 3357, 32.25
0, 3358, 32.0
0, 3359, 32.25
0, 3360, 32.0
0, 3361, 31.75
0, 3362, 31.5
0, 3363, 31.25
0, 3364, 31.0
0, 3365, 30.75
0, 3366, 30.5
0, 3367, 30.25
0, 3368, 30.0
0, 3369, 29.75
0, 3370, 29.5
0, 3371, 29.25
0, 3372, 29.0
0, 3373, 28.75
0, 3374, 28.5
0, 3375, 28.25
0, 3376, 28.0
0, 3377, 27.75
0, 3378, 27.5
0, 3379, 27.25
0, 3380, 27.0
0, 3381, 26.75
0, 3382, 26.5
0, 3383, 26.25
0, 3384, 26.0
0, 3385, 25.75
0, 3386, 25.5
0, 3387, 25.25
0, 3388, 25.0
0, 3389, 24.75
0, 3390, 24.5
0, 3391, 24.25
0, 3392, 24.0
0, 3393, 23.75
0, 3394, 23.5
0, 3395, 23.25
0, 3396, 23.0
0, 3397, 22.75
0, 3398, 22.5
0, 3399, 22.25
0, 3400, 22.0
0, 3401, 21.75
0, 3402, 21.5
0, 3403, 21.25
0, 3404, 21.0
0, 3405, 20.75
0, 3406, 20.5
0, 3407, 20.25
0, 3408, 20.0
0, 3409, 19.75
0, 3410, 19.5
0, 3411, 19.25
0, 3412, 19.0
0, 3413, 18.75
0, 3414, 18.5
0, 3415, 18.25
0, 3416, 18.0
0, 3417, 17.75
0, 3418, 17.5
0, 3419, 17.25
0, 3420, 17.0
0, 3421, 16.75
0, 3422, 16.5
0, 3423, 16.25
0, 3424, 16.0
0, 3425, 15.75
0, 3426, 15.5
0, 3427, 15.25
0, 3428, 15.0
0, 3429, 14.75
0, 3430, 14.5
0, 3431, 14.25
0, 3432, 14.0
0, 3433, 13.75
0, 3434, 13.5
0, 3435, 13.25
0, 3436, 13.0
0, 3437, 12.75
0, 3438, 12.5
0, 3439, 12.25
0, 3440, 12.0
0, 3441, 11.75
0, 3442, 11.5
0, 3443, 11.25
0, 3444, 11.0
0, 3445, 10.75
0, 3446, 10.5
0, 3447, 10.25
0, 3448, 10.0
0, 3449, 9.75
0, 3450, 9.5
0, 3451, 9.25
0, 3452, 9.0
0, 3453, 8.75
0, 3454, 8.5
0, 3455, 8.25
0, 3456, 8.0
0, 3457, 7.75
0, 3458, 7.5
0, 3459, 7.25
0, 3460, 7.0
0, 3461, 6.75
0, 3462, 6.5
0, 3463, 6.25
0, 3464, 6.0
0, 3465, 5.75
0, 3466, 5.5
0, 3467, 5.25
0, 3468, 5.0
0, 3469, 4.75
0, 3470, 4.5
0, 3471, 4.25
0, 3472, 4.0
0, 3473, 3.75
0, 3474, 3.5
0, 3475, 3.25
0, 3476, 3.0
0, 3477, 2.75
0, 3478, 2.5
0, 3479, 2.25
0, 3480, 2.0
0, 3481, 1.75
0, 3482, 1.5
0, 3483, 1.25
0, 3484, 1.0
0, 3485, 0.75
0, 3486, 0.75
0, 3487, 0.75
0, 3488, 0.75
0, 3489, 0.75
0, 3490, 0.75
0, 3491, 0.75
0, 3492, 0.75
0, 3493, 0.75
0, 3494, 0.75
0, 3495, 0.75
0, 3496, 0.75
0, 3497, 0.75
0, 3498, 0.75
0, 3499, 0.75
0, 3500, 0.75
0, 3501, 0.75
0, 3502, 0.75
0, 3503, 0.75
0, 3504, 0.75
0, 3505, 0.75
0, 3506, 0.75
0, 3507, 0.75
0, 3508, 0.75
0, 3509, 0.75
0, 3510, 0.75
0, 3511, 0.75
0, 3512, 0.75
0, 3513, 0.75
0, 3514, 0.75
0, 3515, 0.75
0, 3516, 0.75
0, 3517, 0.75
0, 3518, 0.75
0, 3519, 0.75
0, 3520, 0.75
0, 3521, 0.75
0, 3522, 0.75
0, 3523, 0.75
0, 3524, 0.75
0, 3525, 0.75
0, 3526, 0.75
0, 3527, 0.75
0, 3528, 0.75
0, 3529, 0.75
0, 3530, 0.75
0, 3531, 0.75
0, 3532, 0.75
0, 3533, 0.75
0, 3534, 0.75
0, 3535, 0.75
0, 3536, 0.75
0, 3537, 0.75
0, 3538, 0.75
0, 3539, 0.75
0, 3540, 0.75
0, 3541, 0.75
0, 3542, 0.75
0, 3543, 0.75
0, 3544, 0.75
0, 3545, 0.75
0, 3546, 0.75
0, 3547, 0.75
0, 3548, 1.0
0, 3549, 1.25
0, 3550, 1.0
0, 3551, 0.75
0, 3552, 0.75
0, 3553, 1.0
0, 3554, 1.25
0, 3555, 1.5
0, 3556, 1.75
0, 3557, 2.0
0, 3558, 2.25
0, 3559, 2.5
0, 3560, 2.75
0, 3561, 3.0
0, 3562, 3.25
0, 3563, 3.5
0, 3564, 3.75
0, 3565, 4.0
0, 3566, 4.25
0, 3567, 4.5
0, 3568, 4.75
0, 3569, 5.0
0, 3570, 5.25
0, 3571, 5.5
0, 3572, 5.75
0, 3573, 6.0
0, 3574, 6.25
0, 3575, 6.5
0, 3576, 6.75
0, 3577, 7.0
0, 3578, 7.25
0, 3579, 7.5
0, 3580, 7.75
0, 3581, 8.0
0, 3582, 8.25
0, 3583, 8.5
0, 3584, 8.75
0, 3585, 9.0
0, 3586, 9.25
0, 3587, 9.5
0, 3588, 9.75
0, 3589, 10.0
0, 3590, 10.25
0, 3591, 10.5
0, 3592, 10.75
0, 3593, 11.0
0, 3594, 11.25
0, 3595, 11.5
0, 3596, 11.75
0, 3597, 12.0
0, 3598, 12.25
0, 3599, 12.5
0, 3600, 12.75
0, 3601, 13.0
0, 3602, 13.25
0, 3603, 13.5
0, 3604, 13.75
0, 3605, 14.0
0, 3606, 14.25
0, 3607, 14.5
0, 3608, 14.75
0, 3609, 15.0
0, 3610, 15.25
0, 3611, 15.5
0, 3612, 15.75
0, 3613, 16.0
0, 3614, 16.25
0, 3615, 16.5
0, 3616, 16.75
0, 3617, 17.0
0, 3618, 17.25
0, 3619, 17.5
0, 3620, 17.75
0, 3621, 18.0
0, 3622, 18.25
0, 3623, 18.5
0, 3624, 18.75
0, 3625, 19.0
0, 3626, 19.25
0, 3627, 19.5
0, 3628, 19.75
0, 3629, 20.0
0, 3630, 20.25
0, 3631, 20.5
0, 3632, 20.75
0, 3633, 21.0
0, 3634, 21.25
0, 3635, 21.5
0, 3636, 21.75
0, 3637, 22.0
0, 3638, 22.25
0, 3639, 22.5
0, 3640, 22.75
0, 3641, 23.0
0, 3642, 23.25
0, 3643, 23.5
0, 3644, 23.75
0, 3645, 24.0
0, 3646, 24.25
0, 3647, 24.5
0, 3648, 24.75
0, 3649, 25.0
0, 3650, 25.25
0, 3651, 25.5
0, 3652, 25.75
0, 3653, 26.0
0, 3654, 26.25
0, 3655, 26.5
0, 3656, 26.75
0, 3657, 27.0
0, 3658, 27.25
0, 3659, 27.5
0, 3660, 27.75
0, 3661, 28.0
0, 3662, 27.75
0, 3663, 27.5
0, 3664, 27.25
0, 3665, 27.0
0, 3666, 26.75
0, 3667, 27.0
0, 3668, 27.25
0, 3669, 27.0
0, 3670, 26.75
0, 3671, 26.5
0, 3672, 26.25
0, 3673, 26.0
0, 3674, 26.25
0, 3675, 26.5
0, 3676, 26.25
0, 3677, 26.0
0, 3678, 25.75
0, 3679, 25.5
0, 3680, 25.25
0, 3681, 25.0
0, 3682, 24.75
0, 3683, 24.5
0, 3684, 24.25
0, 3685, 24.0
0, 3686, 23.75
0, 3687, 23.5
0, 3688, 23.25
0, 3689, 23.0
0, 3690, 22.75
0, 3691, 22.5
0, 3692, 22.25
0, 3693, 22.0
0, 3694, 21.75
0, 3695, 21.5
0, 3696, 21.25
0, 3697, 21.0
0, 3698, 20.75
0, 3699, 20.5
0, 3700, 20.25
0, 3701, 20.0
0, 3702, 19.75
0, 3703, 19.5
0, 3704, 19.25
0, 3705, 19.0
0, 3706, 18.75
0, 3707, 18.5
0, 3708, 18.25
0, 3709, 18.0
0, 3710, 17.75
0, 3711, 17.5
0, 3712, 17.25
0, 3713, 17.0
0, 3714, 16.75
0, 3715, 16.5
0, 3716, 16.25
0, 3717, 16.0
0, 3718, 15.75
0, 3719, 15.5
0, 3720, 15.25
0, 3721, 15.0
0, 3722, 14.75
0, 3723, 14.5
0, 3724, 14.25
0, 3725, 14.0
0, 3726, 13.75
0, 3727, 13.5
0, 3728, 13.25
0, 3729, 13.0
0, 3730, 12.75
0, 3731, 12.5
0, 3732, 12.25
0, 3733, 12.0
0, 3734, 11.75
0, 3735, 11.5
0, 3736, 11.25
0, 3737, 11.0
0, 3738, 10.75
0, 3739, 10.5
0, 3740, 10.25
0, 3741, 10.0
0, 3742, 9.75
0, 3743, 9.5
0, 3744, 9.25
0, 3745, 9.0
0, 3746, 8.75
0, 3747, 8.5
0, 3748, 8.25
0, 3749, 8.0
0, 3750, 7.75
0, 3751, 7.5
0, 3752, 7.25
0, 3753, 7.0
0, 3754, 6.75
0, 3755, 6.5
0, 3756, 6.25
0, 3757, 6.0
0, 3758, 5.75
0, 3759, 5.5
0, 3760, 5.25
0, 3761, 5.0
0, 3762, 4.75
0, 3763, 4.5
0, 3764, 4.25
0, 3765, 4.5
0, 3766, 4.75
0, 3767, 5.0
0, 3768, 5.25
0, 3769, 5.5
0, 3770, 5.75
0, 3771, 6.0
0, 3772, 6.25
0, 3773, 6.5
0, 3774, 6.75
0, 3775, 7.0
0, 3776, 7.25
0, 3777, 7.5
0, 3778, 7.75
0, 3779, 8.0
0, 3780, 8.25
0, 3781, 8.5
0, 3782, 8.75
0, 3783, 9.0
0, 3784, 9.25
0, 3785, 9.5
0, 3786, 9.75
0, 3787, 10.0
0, 3788, 10.25
0, 3789, 10.5
0, 3790, 10.75
0, 3791, 11.0
0, 3792, 11.25
0, 3793, 11.5
0, 3794, 11.75
0, 3795, 12.0
0, 3796, 12.25
0, 3797, 12.5
0, 3798, 12.75
0, 3799, 13.0
0, 3800, 13.25
0, 3801, 13.5
0, 3802, 13.75
0, 3803, 14.0
0, 3804, 14.25
0, 3805, 14.5
0, 3806, 14.75
0, 3807, 15.0
0, 3808, 15.25
0, 3809, 15.5
0, 3810, 15.75
0, 3811, 16.0
0, 3812, 16.25
0, 3813, 16.5
0, 3814, 16.75
0, 3815, 17.0
0, 3816, 17.25
0, 3817, 17.5
0, 3818, 17.75
0, 3819, 18.0
0, 3820, 18.25
0, 3821, 18.5
0, 3822, 18.75
0, 3823, 19.0
0, 3824, 19.25
0, 3825, 19.5
0, 3826, 19.75
0, 3827, 20.0
0, 3828, 20.25
0, 3829, 20.5
0, 3830, 20.75
0, 3831, 21.0
0, 3832, 21.25
0, 3833, 21.5
0, 3834, 21.75
0, 3835, 22.0
0, 3836, 22.25
0, 3837, 22.5
0, 3838, 22.75
0, 3839, 23.0
0, 3840, 23.25
0, 3841, 23.5
0, 3842, 23.75
0, 3843, 24.0
0, 3844, 24.25
0, 3845, 24.5
0, 3846, 24.75
0, 3847, 25.0
0, 3848, 25.25
0, 3849, 25.5
0, 3850, 25.75
0, 3851, 26.0
0, 3852, 26.25
0, 3853, 26.5
0, 3854, 26.75
0, 3855, 27.0
0, 3856, 27.25
0, 3857, 27.5
0, 3858, 27.75
0, 3859, 28.0
0, 3860, 28.25
0, 3861, 28.5
0, 3862, 28.75
0, 3863, 29.0
0, 3864, 29.25
0, 3865, 29.5
0, 3866, 29.75
0, 3867, 30.0
0, 3868, 30.25
0, 3869, 30.5
0, 3870, 30.75
0, 3871, 31.0
0, 3872, 30.75
0, 3873, 30.5
0, 3874, 30.25
0, 3875, 30.0
0, 3876, 29.75
0, 3877, 30.0
0, 3878, 29.75
0, 3879, 29.5
0, 3880, 29.25
0, 3881, 29.0
0, 3882, 28.75
0, 3883, 28.5
0, 3884, 28.25
0, 3885, 28.0
0, 3886, 27.75
0, 3887, 27.5
0, 3888, 27.25
0, 3889, 27.0
0, 3890, 26.75
0, 3891, 26.5
0, 3892, 26.25
0, 3893, 26.0
0, 3894, 25.75
0, 3895, 25.5
0, 3896, 25.25
0, 3897, 25.0
0, 3898, 24.75
0, 3899, 24.5
0, 3900, 24.25
0, 3901, 24.0
0, 3902, 23.75
0, 3903, 23.5
0, 3904, 23.25
0, 3905, 23.0
0, 3906, 22.75
0, 3907, 22.5
0, 3908, 22.25
0, 3909, 22.0
0, 3910, 21.75
0, 3911, 21.5
0, 3912, 21.25
0, 3913, 21.0
0, 3914, 20.75
0, 3915, 20.5
0, 3916, 20.25
0, 3917, 20.0
0, 3918, 19.75
0, 3919, 19.5
0, 3920, 19.25
0, 3921, 19.0
0, 3922, 18.75
0, 3923, 18.5
0, 3924, 18.25
0, 3925, 18.0
0, 3926, 17.75
0, 3927, 17.5
0, 3928, 17.25
0, 3929, 17.0
0, 3930, 16.75
0, 3931, 16.5
0, 3932, 16.25
0, 3933, 16.0
0, 3934, 15.75
0, 3935, 15.5
0, 3936, 15.25
0, 3937, 15.0
0, 3938, 14.75
0, 3939, 14.5
0, 3940, 14.25
0, 3941, 14.0
0, 3942, 13.75
0, 3943, 13.5
0, 3944, 13.25
0, 3945, 13.0
0, 3946, 12.75
0, 3947, 12.5
0, 3948, 12.25
0, 3949, 12.0
0, 3950, 11.75
0, 3951, 11.5
0, 3952, 11.25
0, 3953, 11.0
0, 3954, 10.75
0, 3955, 10.5
0, 3956, 10.25
0, 3957, 10.0
0, 3958, 9.75
0, 3959, 9.5
0, 3960, 9.25
0, 3961, 9.5
0, 3962, 9.75
0, 3963, 9.5
0, 3964, 9.25
0, 3965, 9.0
0, 3966, 9.25
0, 3967, 9.5
0, 3968, 9.75
0, 3969, 10.0
0, 3970, 10.25
0, 3971, 10.5
0, 3972, 10.75
0, 3973, 11.0
0, 3974, 11.25
0, 3975, 11.5
0, 3976, 11.75
0, 3977, 12.0
0, 3978, 12.25
0, 3979, 12.5
0, 3980, 12.75
0, 3981, 13.0
0, 3982, 13.25
0, 3983, 13.5
0, 3984, 13.75
0, 3985, 14.0
0, 3986, 14.25
0, 3987, 14.5
0, 3988, 14.75
0, 3989, 15.0
0, 3990, 15.25
0, 3991, 15.5
0, 3992, 15.75
0, 3993, 16.0
0, 3994, 16.25
0, 3995, 16.5
0, 3996, 16.75
0, 3997, 17.0
0, 3998, 17.25
0, 3999, 17.5
0, 4000, 17.75
0, 4001, 18.0
0, 4002, 18.25
0, 4003, 18.5
0, 4004, 18.75
0, 4005, 19.0
0, 4006, 19.25
0, 4007, 19.5
0, 4008, 19.75
0, 4009, 20.0
0, 4010, 20.25
0, 4011, 20.5
0, 4012, 20.75
0, 4013, 21.0
0, 4014, 21.25
0, 4015, 21.5
0, 4016, 21.75
0, 4017, 22.0
0, 4018, 22.25
0, 4019, 22.5
0, 4020, 22.75
0, 4021, 23.0
0, 4022, 23.25
0, 4023, 23.5
0, 4024, 23.75
0, 4025, 24.0
0, 4026, 24.25
0, 4027, 24.5
0, 4028, 24.75
0, 4029, 25.0
0, 4030, 25.25
0, 4031, 25.5
0, 4032, 25.75
0, 4033, 26.0
0, 4034, 26.25
0, 4035, 26.5
0, 4036, 26.75
0, 4037, 27.0
0, 4038, 27.25
0, 4039, 27.5
0, 4040, 27.25
0, 4041, 27.0
0, 4042, 26.75
0, 4043, 26.5
0, 4044, 26.25
0, 4045, 26.5
0, 4046, 26.25
0, 4047, 26.0
0, 4048, 25.75
0, 4049, 25.5
0, 4050, 25.25
0, 4051, 25.0
0, 4052, 24.75
0, 4053, 24.5
0, 4054, 24.25
0, 4055, 24.0
0, 4056, 23.75
0, 4057, 23.5
0, 4058, 23.25
0, 4059, 23.0
0, 4060, 22.75
0, 4061, 22.5
0, 4062, 22.25
0, 4063, 22.0
0, 4064, 21.75
0, 4065, 21.5
0, 4066, 21.25
0, 4067, 21.0
0, 4068, 20.75
0, 4069, 20.5
0, 4070, 20.25
0, 4071, 20.0
0, 4072, 19.75
0, 4073, 19.5
0, 4074, 19.25
0, 4075, 19.0
0, 4076, 18.75
0, 4077, 18.5
0, 4078, 18.25
0, 4079, 18.0
0, 4080, 17.75
0, 4081, 17.5
0, 4082, 17.25
0, 4083, 17.0
0, 4084, 16.75
0, 4085, 16.5
0, 4086, 16.25
0, 4087, 16.0
0, 4088, 15.75
0, 4089, 15.5
0, 4090, 15.25
0, 4091, 15.0
0, 4092, 14.75
0, 4093, 14.5
0, 4094, 14.25
0, 4095, 14.0
0, 4096, 13.75
0, 4097, 13.5
0, 4098, 13.25
0, 4099, 13.0
0, 4100, 12.75
0, 4101, 12.5
0, 4102, 12.25
0, 4103, 12.0
0, 4104, 11.75
0, 4105, 11.5
0, 4106, 11.25
0, 4107, 11.0
0, 4108, 10.75
0, 4109, 10.5
0, 4110, 10.25
0, 4111, 10.0
0, 4112, 9.75
0, 4113, 9.5
0, 4114, 9.25
0, 4115, 9.0
0, 4116, 8.75
0, 4117, 8.5
0, 4118, 8.25
0, 4119, 8.0
0, 4120, 7.75
0, 4121, 7.5
0, 4122, 7.25
0, 4123, 7.0
0, 4124, 6.75
0, 4125, 6.5
0, 4126, 6.25
0, 4127, 6.0
0, 4128, 5.75
0, 4129, 5.5
0, 4130, 5.25
0, 4131, 5.0
0, 4132, 4.75
0, 4133, 4.5
0, 4134, 4.25
0, 4135, 4.0
0, 4136, 4.25
0, 4137, 4.5
0, 4138, 4.25
0, 4139, 4.0
0, 4140, 3.75
0, 4141, 4.0
0, 4142, 4.25
0, 4143, 4.5
0, 4144, 4.75
0, 4145, 5.0
0, 4146, 5.25
0, 4147, 5.5
0, 4148, 5.75
0, 4149, 6.0
0, 4150, 6.25
0, 4151, 6.5
0, 4152, 6.75
0, 4153, 7.0
0, 4154, 7.25
0, 4155, 7.5
0, 4156, 7.75
0, 4157, 8.0
0, 4158, 8.25
0, 4159, 8.5
0, 4160, 8.75
0, 4161, 9.0
0, 4162, 9.25
0, 4163, 9.5
0, 4164, 9.75
0, 4165, 10.0
0, 4166, 10.25
0, 4167, 10.5
0, 4168, 10.75
0, 4169, 11.0
0, 4170, 11.25
0, 4171, 11.5
0, 4172, 11.75
0, 4173, 12.0
0, 4174, 12.25
0, 4175, 12.5
0, 4176, 12.75
0, 4177, 13.0
0, 4178, 13.25
0, 4179, 13.5
0, 4180, 13.75
0, 4181, 14.0
0, 4182, 14.25
0, 4183, 14.5
0, 4184, 14.75
0, 4185, 15.0
0, 4186, 15.25
0, 4187, 15.5
0, 4188, 15.75
0, 4189, 16.0
0, 4190, 16.25
0, 4191, 16.5
0, 4192, 16.75
0, 4193, 17.0
0, 4194, 17.25
0, 4195, 17.5
0, 4196, 17.75
0, 4197, 18.0
0, 4198, 18.25
0, 4199, 18.5
0, 4200, 18.75
0, 4201, 19.0
0, 4202, 19.25
0, 4203, 19.5
0, 4204, 19.75
0, 4205, 20.0
0, 4206, 20.25
0, 4207, 20.5
0, 4208, 20.75
0, 4209, 21.0
0, 4210, 21.25
0, 4211, 21.5
0, 4212, 21.75
0, 4213, 22.0
0, 4214, 22.25
0, 4215, 22.5
0, 4216, 22.75
0, 4217, 23.0
0, 4218, 23.25
0, 4219, 23.5
0, 4220, 23.75
0, 4221, 24.0
0, 4222, 24.25
0, 4223, 24.5
0, 4224, 24.75
0, 4225, 25.0
0, 4226, 25.25
0, 4227, 25.5
0, 4228, 25.75
0, 4229, 26.0
0, 4230, 26.25
0, 4231, 26.5
0, 4232, 26.75
0, 4233, 27.0
0, 4234, 27.25
0, 4235, 27.5
0, 4236, 27.75
0, 4237, 28.0
0, 4238, 28.25
0, 4239, 28.5
0, 4240, 28.75
0, 4241, 29.0
0, 4242, 29.25
0, 4243, 29.5
0, 4244, 29.75
0, 4245, 30.0
0, 4246, 30.25
0, 4247, 30.5
0, 4248, 30.75
0, 4249, 31.0
0, 4250, 30.75
0, 4251, 31.0
0, 4252, 31.25
0, 4253, 31.5
0, 4254, 31.25
0, 4255, 31.5
0, 4256, 31.75
0, 4257, 31.5
0, 4258, 31.25
0, 4259, 31.0
0, 4260, 30.75
0, 4261, 30.5
0, 4262, 30.75
0, 4263, 31.0
0, 4264, 30.75
0, 4265, 30.5
0, 4266, 30.25
0, 4267, 30.0
0, 4268, 29.75
0, 4269, 29.5
0, 4270, 29.25
0, 4271, 29.0
0, 4272, 28.75
0, 4273, 28.5
0, 4274, 28.25
0, 4275, 28.0
0, 4276, 27.75
0, 4277, 27.5
0, 4278, 27.25
0, 4279, 27.0
0, 4280, 26.75
0, 4281, 26.5
0, 4282, 26.25
0, 4283, 26.0
0, 4284, 25.75
0, 4285, 25.5
0, 4286, 25.25
0, 4287, 25.0
0, 4288, 24.75
0, 4289, 24.5
0, 4290, 24.25
0, 4291, 24.0
0, 4292, 23.75
0, 4293, 23.5
0, 4294, 23.25
0, 4295, 23.0
0, 4296, 22.75
0, 4297, 22.5
0, 4298, 22.25
0, 4299, 22.0
0, 4300, 21.75
0, 4301, 21.5
0, 4302, 21.25
0, 4303, 21.0
0, 4304, 20.75
0, 4305, 20.5
0, 4306, 20.25
0, 4307, 20.0
0, 4308, 19.75
0, 4309, 19.5
0, 4310, 19.25
0, 4311, 19.0
0, 4312, 18.75
0, 4313, 18.5
0, 4314, 18.25
0, 4315, 18.0
0, 4316, 17.75
0, 4317, 17.5
0, 4318, 17.25
0, 4319, 17.0
0, 4320, 16.75
0, 4321, 16.5
0, 4322, 16.25
0, 4323, 16.0
0, 4324, 15.75
0, 4325, 15.5
0, 4326, 15.25
0, 4327, 15.0
0, 4328, 14.75
0, 4329, 14.5
0, 4330, 14.25
0, 4331, 14.0
0, 4332, 13.75
0, 4333, 13.5
0, 4334, 13.25
0, 4335, 13.0
0, 4336, 12.75
0, 4337, 12.5
0, 4338, 12.25
0, 4339, 12.0
0, 4340, 11.75
0, 4341, 11.5
0, 4342, 11.25
0, 4343, 11.0
0, 4344, 10.75
0, 4345, 10.5
0, 4346, 10.25
0, 4347, 10.0
0, 4348, 9.75
0, 4349, 9.5
0, 4350, 9.25
0, 4351, 9.0
0, 4352, 8.75
0, 4353, 8.5
0, 4354, 8.25
0, 4355, 8.0
0, 4356, 7.75
0, 4357, 7.5
0, 4358, 7.25
0, 4359, 7.0
0, 4360, 6.75
0, 4361, 6.5
0, 4362, 6.25
0, 4363, 6.0
0, 4364, 5.75
0, 4365, 5.5
0, 4366, 5.25
0, 4367, 5.0
0, 4368, 4.75
0, 4369, 4.5
0, 4370, 4.25
0, 4371, 4.0
0, 4372, 3.75
0, 4373, 3.5
0, 4374, 3.25
0, 4375, 3.0
0, 4376, 2.75
0, 4377, 2.5
0, 4378, 2.25
0, 4379, 2.0
0, 4380, 2.25
0, 4381, 2.5
0, 4382, 2.75
0, 4383, 3.0
0, 4384, 3.25
0, 4385, 3.5
0, 4386, 3.75
0, 4387, 4.0
0, 4388, 4.25
0, 4389, 4.5
0, 4390, 4.75
0, 4391, 5.0
0, 4392, 5.25
0, 4393, 5.5
0, 4394, 5.75
0, 4395, 6.0
0, 4396, 6.25
0, 4397, 6.5
0, 4398, 6.75
0, 4399, 7.0
0, 4400, 7.25
0, 4401, 7.5
0, 4402, 7.75
0, 4403, 8.0
0, 4404, 8.25
0, 4405, 8.5
0, 4406, 8.75
0, 4407, 9.0
0, 4408, 9.25
0, 4409, 9.5
0, 4410, 9.75
0, 4411, 10.0
0, 4412, 10.25
0, 4413, 10.5
0, 4414, 10.75
0, 4415, 11.0
0, 4416, 11.25
0, 4417, 11.5
0, 4418, 11.75
0, 4419, 12.0
0, 4420, 12.25
0, 4421, 12.5
0, 4422, 12.75
0, 4423, 13.0
0, 4424, 13.25
0, 4425, 13.5
0, 4426, 13.75
0, 4427, 14.0
0, 4428, 14.25
0, 4429, 14.5
0, 4430, 14.75
0, 4431, 15.0
0, 4432, 15.25
0, 4433, 15.5
0, 4434, 15.75
0, 4435, 16.0
0, 4436, 16.25
0, 4437, 16.5
0, 4438, 16.75
0, 4439, 17.0
0, 4440, 17.25
0, 4441, 17.5
0, 4442, 17.75
0, 4443, 18.0
0, 4444, 18.25
0, 4445, 18.5
0, 4446, 18.75
0, 4447, 19.0
0, 4448, 19.25
0, 4449, 19.5
0, 4450, 19.75
0, 4451, 20.0
0, 4452, 20.25
0, 4453, 20.5
0, 4454, 20.75
0, 4455, 21.0
0, 4456, 21.25
0, 4457, 21.5
0, 4458, 21.75
0, 4459, 22.0
0, 4460, 22.25
0, 4461, 22.5
0, 4462, 22.75
0, 4463, 23.0
0, 4464, 23.25
0, 4465, 23.5
0, 4466, 23.75
0, 4467, 24.0
0, 4468, 24.25
0, 4469, 24.5
0, 4470, 24.75
0, 4471, 25.0
0, 4472, 25.25
0, 4473, 25.5
0, 4474, 25.75
0, 4475, 26.0
0, 4476, 26.25
0, 4477, 26.5
0, 4478, 26.75
0, 4479, 27.0
0, 4480, 27.25
0, 4481, 27.5
0, 4482, 27.75
0, 4483, 28.0
0, 4484, 28.25
0, 4485, 28.5
0, 4486, 28.75
0, 4487, 29.0
0, 4488, 29.25
0, 4489, 29.5
0, 4490, 29.75
0, 4491, 30.0
0, 4492, 30.25
0, 4493, 30.5
0, 4494, 30.75
0, 4495, 31.0
0, 4496, 31.25
0, 4497, 31.5
0, 4498, 31.75
0, 4499, 32.0
0, 4500, 32.25
0, 4501, 32.5
0, 4502, 32.75
0, 4503, 33.0
0, 4504, 33.25
0, 4505, 33.5
0, 4506, 33.75
0, 4507, 34.0
0, 4508, 34.25
0, 4509, 34.5
0, 4510, 34.75
0, 4511, 35.0
0, 4512, 35.25
0, 4513, 35.5
0, 4514, 35.75
0, 4515, 36.0
0, 4516, 36.25
0, 4517, 36.5
0, 4518, 36.75
0, 4519, 37.0
0, 4520, 37.25
0, 4521, 37.5
0, 4522, 37.75
0, 4523, 38.0
0, 4524, 37.75
0, 4525, 37.5
0, 4526, 37.25
0, 4527, 37.0
0, 4528, 37.25
0, 4529, 37.0
0, 4530, 36.75
0, 4531, 36.5
0, 4532, 36.25
0, 4533, 36.0
0, 4534, 35.75
0, 4535, 35.5
0, 4536, 35.25
0, 4537, 35.0
0, 4538, 34.75
0, 4539, 34.5
0, 4540, 34.25
0, 4541, 34.0
0, 4542, 33.75
0, 4543, 33.5
0, 4544, 33.25
0, 4545, 33.0
0, 4546, 32.75
0, 4547, 32.5
0, 4548, 32.25
0, 4549, 32.0
0, 4550, 31.75
0, 4551, 31.5
0, 4552, 31.25
0, 4553, 31.0
0, 4554, 30.75
0, 4555, 30.5
0, 4556, 30.25
0, 4557, 30.0
0, 4558, 29.75
0, 4559, 29.5
0, 4560, 29.25
0, 4561, 29.0
0, 4562, 28.75
0, 4563, 28.5
0, 4564, 28.25
0, 4565, 28.0
0, 4566, 27.75
0, 4567, 27.5
0, 4568, 27.25
0, 4569, 27.0
0, 4570, 26.75
0, 4571, 26.5
0, 4572, 26.25
0, 4573, 26.0
0, 4574, 25.75
0, 4575, 25.5
0, 4576, 25.25
0, 4577, 25.0
0, 4578, 24.75
0, 4579, 24.5
0, 4580, 24.25
0, 4581, 24.0
0, 4582, 23.75
0, 4583, 23.5
0, 4584, 23.25
0, 4585, 23.0
0, 4586, 22.75
0, 4587, 22.5
0, 4588, 22.25
0, 4589, 22.0
0, 4590, 21.75
0, 4591, 21.5
0, 4592, 21.25
0, 4593, 21.0
0, 4594, 20.75
0, 4595, 20.5
0, 4596, 20.25
0, 4597, 20.0
0, 4598, 19.75
0, 4599, 19.5
0, 4600, 19.25
0, 4601, 19.0
0, 4602, 18.75
0, 4603, 18.5
0, 4604, 18.25
0, 4605, 18.5
0, 4606, 18.25
0, 4607, 18.0
0, 4608, 17.75
0, 4609, 17.5
0, 4610, 17.25
0, 4611, 17.0
0, 4612, 17.25
0, 4613, 17.5
0, 4614, 17.25
0, 4615, 17.0
0, 4616, 16.75
0, 4617, 17.0
0, 4618, 17.25
0, 4619, 17.5
0, 4620, 17.75
0, 4621, 18.0
0, 4622, 18.25
0, 4623, 18.5
0, 4624, 18.75
0, 4625, 19.0
0, 4626, 19.25
0, 4627, 19.5
0, 4628, 19.75
0, 4629, 20.0
0, 4630, 20.25
0, 4631, 20.5
0, 4632, 20.75
0, 4633, 21.0
0, 4634, 21.25
0, 4635, 21.5
0, 4636, 21.75
0, 4637, 22.0
0, 4638, 22.25
0, 4639, 22.5
0, 4640, 22.75
0, 4641, 23.0
0, 4642, 23.25
0, 4643, 23.5
0, 4644, 23.75
0, 4645, 24.0
0, 4646, 24.25
0, 4647, 24.5
0, 4648, 24.75
0, 4649, 25.0
0, 4650, 25.25
0, 4651, 25.5
0, 4652, 25.75
0, 4653, 26.0
0, 4654, 26.25
0, 4655, 26.5
0, 4656, 26.75
0, 4657, 27.0
0, 4658, 27.25
0, 4659, 27.5
0, 4660, 27.75
0, 4661, 28.0
0, 4662, 28.25
0, 4663, 28.5
0, 4664, 28.75
0, 4665, 29.0
0, 4666, 29.25
0, 4667, 29.5
0, 4668, 29.75
0, 4669, 30.0
0, 4670, 30.25
0, 4671, 30.5
0, 4672, 30.75
0, 4673, 31.0
0, 4674, 31.25
0, 4675, 31.5
0, 4676, 31.75
0, 4677, 32.0
0, 4678, 32.25
0, 4679, 32.5
0, 4680, 32.75
0, 4681, 33.0
0, 4682, 33.25
0, 4683, 33.5
0, 4684, 33.75
0, 4685, 34.0
0, 4686, 34.25
0, 4687, 34.5
0, 4688, 34.75
0, 4689, 35.0
0, 4690, 35.25
0, 4691, 35.5
0, 4692, 35.75
0, 4693, 36.0
0, 4694, 36.25
0, 4695, 36.5
0, 4696, 36.75
0, 4697, 37.0
0, 4698, 37.25
0, 4699, 37.5
0, 4700, 37.75
0, 4701, 38.0
0, 4702, 38.25
0, 4703, 38.5
0, 4704, 38.75
0, 4705, 39.0
0, 4706, 39.25
0, 4707, 39.5
0, 4708, 39.75
0, 4709, 40.0
0, 4710, 40.25
0, 4711, 40.5
0, 4712, 40.75
0, 4713, 41.0
0, 4714, 41.25
0, 4715, 41.5
0, 4716, 41.75
0, 4717, 42.0
0, 4718, 42.25
0, 4719, 42.5
0, 4720, 42.75
0, 4721, 43.0
0, 4722, 43.25
0, 4723, 43.5
0, 4724, 43.75
0, 4725, 44.0
0, 4726, 44.25
0, 4727, 44.5
0, 4728, 44.75
0, 4729, 45.0
0, 4730, 45.25
0, 4731, 45.5
0, 4732, 45.75
0, 4733, 46.0
0, 4734, 46.25
0, 4735, 46.5
0, 4736, 46.75
0, 4737, 47.0
0, 4738, 47.25
0, 4739, 47.5
0, 4740, 47.75
0, 4741, 48.0
0, 4742, 48.25
0, 4743, 48.5
0, 4744, 48.75
0, 4745, 49.0
0, 4746, 49.25
0, 4747, 49.5
0, 4748, 49.75
0, 4749, 50.0
0, 4750, 50.25
0, 4751, 50.5
0, 4752, 50.75
0, 4753, 51.0
0, 4754, 51.25
0, 4755, 51.5
0, 4756, 51.75
0, 4757, 52.0
0, 4758, 52.25
0, 4759, 52.5
0, 4760, 52.75
0, 4761, 53.0
0, 4762, 53.25
0, 4763, 53.5
0, 4764, 53.75
0, 4765, 54.0
0, 4766, 54.25
0, 4767, 54.5
0, 4768, 54.75
0, 4769, 55.0
0, 4770, 55.25
0, 4771, 55.5
0, 4772, 55.75
0, 4773, 56.0
0, 4774, 56.25
0, 4775, 56.5
0, 4776, 56.75
0, 4777, 57.0
0, 4778, 57.25
0, 4779, 57.5
0, 4780, 57.75
0, 4781, 58.0
0, 4782, 58.25
0, 4783, 58.5
0, 4784, 58.75
0, 4785, 59.0
0, 4786, 58.75
0, 4787, 59.0
0, 4788, 58.75
0, 4789, 58.5
0, 4790, 58.25
0, 4791, 58.0
0, 4792, 57.75
0, 4793, 57.5
0, 4794, 57.25
0, 4795, 57.0
0, 4796, 56.75
0, 4797, 56.5
0, 4798, 56.25
0, 4799, 56.0
0, 4800, 55.75
0, 4801, 55.5
0, 4802, 55.25
0, 4803, 55.0
0, 4804, 54.75
0, 4805, 54.5
0, 4806, 54.25
0, 4807, 54.0
0, 4808, 53.75
0, 4809, 53.5
0, 4810, 53.25
0, 4811, 53.0
0, 4812, 52.75
0, 4813, 52.5
0, 4814, 52.25
0, 4815, 52.0
0, 4816, 51.75
0, 4817, 51.5
0, 4818, 51.25
0, 4819, 51.0
0, 4820, 50.75
0, 4821, 50.5
0, 4822, 50.25
0, 4823, 50.0
0, 4824, 49.75
0, 4825, 49.5
0, 4826, 49.25
0, 4827, 49.0
0, 4828, 48.75
0, 4829, 48.5
0, 4830, 48.25
0, 4831, 48.0
0, 4832, 47.75
0, 4833, 47.5
0, 4834, 47.25
0, 4835, 47.0
0, 4836, 46.75
0, 4837, 46.5
0, 4838, 46.25
0, 4839, 46.0
0, 4840, 45.75
0, 4841, 45.5
0, 4842, 45.25
0, 4843, 45.0
0, 4844, 44.75
0, 4845, 44.5
0, 4846, 44.25
0, 4847, 44.0
0, 4848, 43.75
0, 4849, 43.5
0, 4850, 43.25
0, 4851, 43.0
0, 4852, 42.75
0, 4853, 42.5
0, 4854, 42.25
0, 4855, 42.0
0, 4856, 41.75
0, 4857, 41.5
0, 4858, 41.25
0, 4859, 41.0
0, 4860, 40.75
0, 4861, 40.5
0, 4862, 40.25
0, 4863, 40.0
0, 4864, 39.75
0, 4865, 39.5
0, 4866, 39.25
0, 4867, 39.0
0, 4868, 38.75
0, 4869, 38.5
0, 4870, 38.25
0, 4871, 38.0
0, 4872, 37.75
0, 4873, 37.5
0, 4874, 37.25
0, 4875, 37.0
0, 4876, 36.75
0, 4877, 36.5
0, 4878, 36.25
0, 4879, 36.0
0, 4880, 35.75
0, 4881, 35.5
0, 4882, 35.25
0, 4883, 35.0
0, 4884, 34.75
0, 4885, 34.5
0, 4886, 34.25
0, 4887, 34.0
0, 4888, 33.75
0, 4889, 33.5
0, 4890, 33.25
0, 4891, 33.0
0, 4892, 32.75
0, 4893, 32.5
0, 4894, 32.25
0, 4895, 32.0
0, 4896, 31.75
0, 4897, 31.5
0, 4898, 31.25
0, 4899, 31.0
0, 4900, 30.75
0, 4901, 30.5
0, 4902, 30.25
0, 4903, 30.0
0, 4904, 29.75
0, 4905, 29.5
0, 4906, 29.25
0, 4907, 29.0
0, 4908, 28.75
0, 4909, 28.5
0, 4910, 28.25
0, 4911, 28.0
0, 4912, 27.75
0, 4913, 27.5
0, 4914, 27.25
0, 4915, 27.0
0, 4916, 26.75
0, 4917, 26.5
0, 4918, 26.25
0, 4919, 26.0
0, 4920, 25.75
0, 4921, 25.5
0, 4922, 25.25
0, 4923, 25.0
0, 4924, 24.75
0, 4925, 24.5
0, 4926, 24.25
0, 4927, 24.0
0, 4928, 23.75
0, 4929, 23.5
0, 4930, 23.25
0, 4931, 23.0
0, 4932, 22.75
0, 4933, 22.5
0, 4934, 22.25
0, 4935, 22.0
0, 4936, 21.75
0, 4937, 21.5
0, 4938, 21.25
0, 4939, 21.0
0, 4940, 20.75
0, 4941, 21.0
0, 4942, 21.25
0, 4943, 21.0
0, 4944, 20.75
0, 4945, 21.0
0, 4946, 21.25
0, 4947, 21.5
0, 4948, 21.75
0, 4949, 22.0
0, 4950, 22.25
0, 4951, 22.5
0, 4952, 22.75
0, 4953, 23.0
0, 4954, 23.25
0, 4955, 23.5
0, 4956, 23.75
0, 4957, 24.0
0, 4958, 24.25
0, 4959, 24.5
0, 4960, 24.75
0, 4961, 25.0
0, 4962, 25.25
0, 4963, 25.5
0, 4964, 25.75
0, 4965, 26.0
0, 4966, 26.25
0, 4967, 26.5
0, 4968, 26.75
0, 4969, 27.0
0, 4970, 27.25
0, 4971, 27.5
0, 4972, 27.75
0, 4973, 28.0
0, 4974, 28.25
0, 4975, 28.5
0, 4976, 28.75
0, 4977, 29.0
0, 4978, 29.25
0, 4979, 29.5
0, 4980, 29.75
0, 4981, 30.0
0, 4982, 30.25
0, 4983, 30.5
0, 4984, 30.75
0, 4985, 31.0
0, 4986, 31.25
0, 4987, 31.5
0, 4988, 31.75
0, 4989, 32.0
0, 4990, 32.25
0, 4991, 32.5
0, 4992, 32.75
0, 4993, 33.0
0, 4994, 33.25
0, 4995, 33.5
0, 4996, 33.75
0, 4997, 34.0
0, 4998, 34.25
0, 4999, 34.5
