Replication, Day, Arrival Amount
0, 0, 30.0
0, 1, 30.25
0, 2, 30.5
0, 3, 30.75
0, 4, 31.0
0, 5, 31.25
0, 6, 31.5
0, 7, 31.75
0, 8, 32.0
0, 9, 32.25
0, 10, 32.5
0, 11, 32.75
0, 12, 33.0
0, 13, 33.25
0, 14, 33.5
0, 15, 33.75
0, 16, 34.0
0, 17, 34.25
0, 18, 34.5
0, 19, 34.75
0, 20, 35.0
0, 21, 35.25
0, 22, 35.5
0, 23, 35.75
0, 24, 36.0
0, 25, 36.25
0, 26, 36.5
0, 27, 36.75
0, 28, 37.0
0, 29, 37.25
0, 30, 37.5
0, 31, 37.75
0, 32, 38.0
0, 33, 38.25
0, 34, 38.5
0, 35, 38.75
0, 36, 39.0
0, 37, 39.25
0, 38, 39.5
0, 39, 39.75
0, 40, 40.0
0, 41, 40.25
0, 42, 40.5
0, 43, 40.75
0, 44, 41.0
0, 45, 41.25
0, 46, 41.5
0, 47, 41.75
0, 48, 42.0
0, 49, 42.25
0, 50, 42.5
0, 51, 42.75
0, 52, 43.0
0, 53, 43.25
0, 54, 43.5
0, 55, 43.75
0, 56, 44.0
0, 57, 44.25
0, 58, 44.5
0, 59, 44.75
0, 60, 45.0
0, 61, 45.25
0, 62, 45.5
0, 63, 45.75
0, 64, 45.5
0, 65, 45.25
0, 66, 45.0
0, 67, 44.75
0, 68, 44.5
0, 69, 44.25
0, 70, 44.0
0, 71, 43.75
0, 72, 43.5
0, 73, 43.25
0, 74, 43.0
0, 75, 42.75
0, 76, 42.5
0, 77, 42.25
0, 78, 42.0
0, 79, 41.75
0, 80, 41.5
0, 81, 41.25
0, 82, 41.0
0, 83, 40.75
0, 84, 40.5
0, 85, 40.25
0, 86, 40.0
0, 87, 39.75
0, 88, 39.5
0, 89, 39.25
0, 90, 39.0
0, 91, 38.75
0, 92, 38.5
0, 93, 38.25
0, 94, 38.0
0, 95, 37.75
0, 96, 37.5
0, 97, 37.25
0, 98, 37.0
0, 99, 36.75
0, 100, 36.5
0, 101, 36.25
0, 102, 36.0
0, 103, 35.75
0, 104, 35.5
0, 105, 35.25
0, 106, 35.0
0, 107, 34.75
0, 108, 34.5
0, 109, 34.25
0, 110, 34.0
0, 111, 33.75
0, 112, 33.5
0, 113, 33.25
0, 114, 33.0
0, 115, 32.75
0, 116, 32.5
0, 117, 32.25
0, 118, 32.0
0, 119, 31.75
0, 120, 31.5
0, 121, 31.25
0, 122, 31.0
0, 123, 30.75
0, 124, 30.5
0, 125, 30.25
0, 126, 30.0
0, 127, 29.75
0, 128, 29.5
0, 129, 29.25
0, 130, 29.0
0, 131, 28.75
0, 132, 28.5
0, 133, 28.25
0, 134, 28.0
0, 135, 27.75
0, 136, 27.5
0, 137, 27.25
0, 138, 27.0
0, 139, 26.75
0, 140, 26.5
0, 141, 26.25
0, 142, 26.0
0, 143, 25.75
0, 144, 25.5
0, 145, 25.25
0, 146, 25.0
0, 147, 24.75
0, 148, 24.5
0, 149, 24.25
0, 150, 24.0
0, 151, 23.75
0, 152, 23.5
0, 153, 23.25
0, 154, 23.0
0, 155, 22.75
0, 156, 22.5
0, 157, 22.25
0, 158, 22.0
0, 159, 21.75
0, 160, 21.5
0, 161, 21.25
0, 162, 21.0
0, 163, 20.75
0, 164, 20.5
0, 165, 20.25
0, 166, 20.0
0, 167, 19.75
0, 168, 19.5
0, 169, 19.25
0, 170, 19.0
0, 171, 18.75
0, 172, 18.5
0, 173, 18.25
0, 174, 18.0
0, 175, 17.75
0, 176, 17.5
0, 177, 17.25
0, 178, 17.0
0, 179, 16.75
0, 180, 16.5
0, 181, 16.25
0, 182, 16.0
0, 183, 15.75
0, 184, 15.5
0, 185, 15.25
0, 186, 15.0
0, 187, 14.75
0, 188, 14.5
0, 189, 14.25
0, 190, 14.0
0, 191, 13.75
0, 192, 13.5
0, 193, 13.25
0, 194, 13.0
0, 195, 12.75
0, 196, 12.5
0, 197, 12.25
0, 198, 12.0
0, 199, 11.75
0, 200, 11.5
0, 201, 11.25
0, 202, 11.0
0, 203, 10.75
0, 204, 10.5
0, 205, 10.25
0, 206, 10.0
0, 207, 9.75
0, 208, 9.5
0, 209, 9.25
0, 210, 9.0
0, 211, 8.75
0, 212, 8.5
0, 213, 8.25
0, 214, 8.0
0, 215, 7.75
0, 216, 7.5
0, 217, 7.25
0, 218, 7.0
0, 219, 6.75
0, 220, 6.5
0, 221, 6.25
0, 222, 6.0
0, 223, 5.75
0, 224, 5.5
0, 225, 5.25
0, 226, 5.0
0, 227, 4.75
0, 228, 4.5
0, 229, 4.25
0, 230, 4.0
0, 231, 3.75
0, 232, 3.5
0, 233, 3.25
0, 234, 3.0
0, 235, 2.75
0, 236, 2.5
0, 237, 2.25
0, 238, 2.0
0, 239, 1.75
0, 240, 1.5
0, 241, 1.25
0, 242, 1.0
0, 243, 0.75
0, 244, 0.75
0, 245, 0.75
0, 246, 0.75
0, 247, 0.75
0, 248, 0.75
0, 249, 0.75
0, 250, 0.75
0, 251, 0.75
0, 252, 0.75
0, 253, 0.75
0, 254, 0.75
0, 255, 1.0
0, 256, 1.25
0, 257, 1.5
0, 258, 1.75
0, 259, 2.0
0, 260, 2.25
0, 261, 2.5
0, 262, 2.75
0, 263, 3.0
0, 264, 3.25
0, 265, 3.5
0, 266, 3.75
0, 267, 4.0
0, 268, 4.25
0, 269, 4.5
0, 270, 4.75
0, 271, 5.0
0, 272, 5.25
0, 273, 5.5
0, 274, 5.75
0, 275, 6.0
0, 276, 6.25
0, 277, 6.5
0, 278, 6.75
0, 279, 7.0
0, 280, 7.25
0, 281, 7.5
0, 282, 7.75
0, 283, 8.0
0, 284, 8.25
0, 285, 8.5
0, 286, 8.75
0, 287, 9.0
0, 288, 9.25
0, 289, 9.5
0, 290, 9.75
0, 291, 10.0
0, 292, 10.25
0, 293, 10.5
0, 294, 10.75
0, 295, 11.0
0, 296, 11.25
0, 297, 11.5
0, 298, 11.75
0, 299, 12.0
0, 300, 12.25
0, 301, 12.5
0, 302, 12.75
0, 303, 13.0
0, 304, 13.25
0, 305, 13.5
0, 306, 13.75
0, 307, 14.0
0, 308, 14.25
0, 309, 14.5
0, 310, 14.75
0, 311, 15.0
0, 312, 15.25
0, 313, 15.5
0, 314, 15.75
0, 315, 16.0
0, 316, 16.25
0, 317, 16.5
0, 318, 16.75
0, 319, 17.0
0, 320, 17.25
0, 321, 17.5
0, 322, 17.75
0, 323, 18.0
0, 324, 18.25
0, 325, 18.5
0, 326, 18.75
0, 327, 19.0
0, 328, 19.25
0, 329, 19.5
0, 330, 19.75
0, 331, 20.0
0, 332, 20.25
0, 333, 20.5
0, 334, 20.75
0, 335, 21.0
0, 336, 21.25
0, 337, 21.5
0, 338, 21.75
0, 339, 22.0
0, 340, 22.25
0, 341, 22.5
0, 342, 22.75
0, 343, 23.0
0, 344, 23.25
0, 345, 23.5
0, 346, 23.75
0, 347, 24.0
0, 348, 24.25
0, 349, 24.5
0, 350, 24.75
0, 351, 25.0
0, 352, 25.25
0, 353, 25.5
0, 354, 25.75
0, 355, 26.0
0, 356, 26.25
0, 357, 26.5
0, 358, 26.75
0, 359, 27.0
0, 360, 27.25
0, 361, 27.5
0, 362, 27.75
0, 363, 28.0
0, 364, 28.25
0, 365, 28.5
0, 366, 28.75
0, 367, 29.0
0, 368, 29.25
0, 369, 29.5
0, 370, 29.75
0, 371, 30.0
0, 372, 30.25
0, 373, 30.5
0, 374, 30.75
0, 375, 31.0
0, 376, 31.25
0, 377, 31.5
0, 378, 31.75
0, 379, 32.0
0, 380, 32.25
0, 381, 32.5
0, 382, 32.75
0, 383, 33.0
0, 384, 33.25
0, 385, 33.5
0, 386, 33.75
0, 387, 34.0
0, 388, 34.25
0, 389, 34.5
0, 390, 34.75
0, 391, 35.0
0, 392, 35.25
0, 393, 35.5
0, 394, 35.75
0, 395, 36.0
0, 396, 36.25
0, 397, 36.5
0, 398, 36.75
0, 399, 37.0
0, 400, 37.25
0, 401, 37.5
0, 402, 37.75
0, 403, 38.0
0, 404, 38.25
0, 405, 38.5
0, 406, 38.75
0, 407, 39.0
0, 408, 39.25
0, 409, 39.5
0, 410, 39.75
0, 411, 40.0
0, 412, 40.25
0, 413, 40.5
0, 414, 40.75
0, 415, 41.0
0, 416, 41.25
0, 417, 41.5
0, 418, 41.75
0, 419, 42.0
0, 420, 42.25
0, 421, 42.0
0, 422, 41.75
0, 423, 41.5
0, 424, 41.25
0, 425, 41.0
0, 426, 40.75
0, 427, 40.5
0, 428, 40.25
0, 429, 40.0
0, 430, 39.75
0, 431, 39.5
0, 432, 39.25
0, 433, 39.0
0, 434, 38.75
0, 435, 38.5
0, 436, 38.25
0, 437, 38.0
0, 438, 37.75
0, 439, 37.5
0, 440, 37.25
0, 441, 37.0
0, 442, 36.75
0, 443, 36.5
0, 444, 36.25
0, 445, 36.0
0, 446, 35.75
0, 447, 35.5
0, 448, 35.25
0, 449, 35.0
0, 450, 34.75
0, 451, 34.5
0, 452, 34.25
0, 453, 34.0
0, 454, 33.75
0, 455, 33.5
0, 456, 33.25
0, 457, 33.0
0, 458, 32.75
0, 459, 32.5
0, 460, 32.25
0, 461, 32.0
0, 462, 31.75
0, 463, 31.5
0, 464, 31.25
0, 465, 31.0
0, 466, 30.75
0, 467, 30.5
0, 468, 30.25
0, 469, 30.0
0, 470, 29.75
0, 471, 29.5
0, 472, 29.25
0, 473, 29.0
0, 474, 28.75
0, 475, 28.5
0, 476, 28.25
0, 477, 28.0
0, 478, 27.75
0, 479, 27.5
0, 480, 27.25
0, 481, 27.0
0, 482, 26.75
0, 483, 26.5
0, 484, 26.25
0, 485, 26.0
0, 486, 25.75
0, 487, 25.5
0, 488, 25.25
0, 489, 25.0
0, 490, 24.75
0, 491, 24.5
0, 492, 24.25
0, 493, 24.0
0, 494, 23.75
0, 495, 23.5
0, 496, 23.25
0, 497, 23.0
0, 498, 22.75
0, 499, 22.5
0, 500, 22.25
0, 501, 22.0
0, 502, 21.75
0, 503, 21.5
0, 504, 21.25
0, 505, 21.0
0, 506, 20.75
0, 507, 20.5
0, 508, 20.25
0, 509, 20.0
0, 510, 19.75
0, 511, 19.5
0, 512, 19.25
0, 513, 19.0
0, 514, 18.75
0, 515, 18.5
0, 516, 18.25
0, 517, 18.0
0, 518, 17.75
0, 519, 17.5
0, 520, 17.25
0, 521, 17.0
0, 522, 16.75
0, 523, 16.5
0, 524, 16.25
0, 525, 16.0
0, 526, 15.75
0, 527, 15.5
0, 528, 15.25
0, 529, 15.0
0, 530, 14.75
0, 531, 14.5
0, 532, 14.25
0, 533, 14.0
0, 534, 13.75
0, 535, 13.5
0, 536, 13.25
0, 537, 13.0
0, 538, 12.75
0, 539, 12.5
0, 540, 12.25
0, 541, 12.0
0, 542, 11.75
0, 543, 11.5
0, 544, 11.25
0, 545, 11.0
0, 546, 10.75
0, 547, 10.5
0, 548, 10.25
0, 549, 10.0
0, 550, 9.75
0, 551, 9.5
0, 552, 9.25
0, 553, 9.0
0, 554, 8.75
0, 555, 8.5
0, 556, 8.25
0, 557, 8.0
0, 558, 7.75
0, 559, 7.5
0, 560, 7.25
0, 561, 7.0
0, 562, 6.75
0, 563, 6.5
0, 564, 6.25
0, 565, 6.0
0, 566, 5.75
0, 567, 5.5
0, 568, 5.25
0, 569, 5.0
0, 570, 4.75
0, 571, 4.5
0, 572, 4.25
0, 573, 4.0
0, 574, 3.75
0, 575, 3.5
0, 576, 3.25
0, 577, 3.0
0, 578, 2.75
0, 579, 3.0
0, 580, 3.25
0, 581, 3.5
0, 582, 3.75
0, 583, 4.0
0, 584, 4.25
0, 585, 4.5
0, 586, 4.75
0, 587, 5.0
0, 588, 5.25
0, 589, 5.5
0, 590, 5.75
0, 591, 6.0
0, 592, 6.25
0, 593, 6.5
0, 594, 6.75
0, 595, 7.0
0, 596, 7.25
0, 597, 7.5
0, 598, 7.75
0, 599, 8.0
0, 600, 8.25
0, 601, 8.5
0, 602, 8.75
0, 603, 9.0
0, 604, 9.25
0, 605, 9.5
0, 606, 9.75
0, 607, 10.0
0, 608, 10.25
0, 609, 10.5
0, 610, 10.75
0, 611, 11.0
0, 612, 11.25
0, 613, 11.5
0, 614, 11.75
0, 615, 12.0
0, 616, 12.25
0, 617, 12.5
0, 618, 12.75
0, 619, 13.0
0, 620, 13.25
0, 621, 13.5
0, 622, 13.75
0, 623, 14.0
0, 624, 14.25
0, 625, 14.5
0, 626, 14.75
0, 627, 15.0
0, 628, 15.25
0, 629, 15.5
0, 630, 15.75
0, 631, 16.0
0, 632, 16.25
0, 633, 16.5
0, 634, 16.75
0, 635, 17.0
0, 636, 17.25
0, 637, 17.5
0, 638, 17.75
0, 639, 18.0
0, 640, 18.25
0, 641, 18.5
0, 642, 18.75
0, 643, 19.0
0, 644, 19.25
0, 645, 19.5
0, 646, 19.75
0, 647, 20.0
0, 648, 20.25
0, 649, 20.5
0, 650, 20.75
0, 651, 21.0
0, 652, 21.25
0, 653, 21.5
0, 654, 21.75
0, 655, 22.0
0, 656, 22.25
0, 657, 22.5
0, 658, 22.75
0, 659, 23.0
0, 660, 23.25
0, 661, 23.5
0, 662, 23.75
0, 663, 24.0
0, 664, 24.25
0, 665, 24.5
0, 666, 24.75
0, 667, 25.0
0, 668, 25.25
0, 669, 25.5
0, 670, 25.75
0, 671, 26.0
0, 672, 26.25
0, 673, 26.5
0, 674, 26.75
0, 675, 27.0
0, 676, 27.25
0, 677, 27.5
0, 678, 27.75
0, 679, 28.0
0, 680, 28.25
0, 681, 28.5
0, 682, 28.75
0, 683, 29.0
0, 684, 29.25
0, 685, 29.5
0, 686, 29.75
0, 687, 30.0
0, 688, 30.25
0, 689, 30.5
0, 690, 30.75
0, 691, 31.0
0, 692, 31.25
0, 693, 31.5
0, 694, 31.75
0, 695, 32.0
0, 696, 32.25
0, 697, 32.5
0, 698, 32.75
0, 699, 33.0
0, 700, 33.25
0, 701, 33.5
0, 702, 33.75
0, 703, 34.0
0, 704, 34.25
0, 705, 34.5
0, 706, 34.75
0, 707, 35.0
0, 708, 35.25
0, 709, 35.5
0, 710, 35.75
0, 711, 36.0
0, 712, 36.25
0, 713, 36.5
0, 714, 36.75
0, 715, 37.0
0, 716, 37.25
0, 717, 37.5
0, 718, 37.75
0, 719, 38.0
0, 720, 38.25
0, 721, 38.5
0, 722, 38.75
0, 723, 39.0
0, 724, 38.75
0, 725, 38.5
0, 726, 38.25
0, 727, 38.0
0, 728, 37.75
0, 729, 37.5
0, 730, 37.25
0, 731, 37.0
0, 732, 36.75
0, 733, 36.5
0, 734, 36.25
0, 735, 36.0
0, 736, 35.75
0, 737, 35.5
0, 738, 35.25
0, 739, 35.0
0, 740, 34.75
0, 741, 34.5
0, 742, 34.25
0, 743, 34.0
0, 744, 33.75
0, 745, 33.5
0, 746, 33.25
0, 747, 33.0
0, 748, 32.75
0, 749, 32.5
0, 750, 32.25
0, 751, 32.0
0, 752, 31.75
0, 753, 31.5
0, 754, 31.25
0, 755, 31.0
0, 756, 30.75
0, 757, 30.5
0, 758, 30.25
0, 759, 30.0
0, 760, 29.75
0, 761, 29.5
0, 762, 29.25
0, 763, 29.0
0, 764, 28.75
0, 765, 28.5
0, 766, 28.25
0, 767, 28.0
0, 768, 27.75
0, 769, 27.5
0, 770, 27.25
0, 771, 27.0
0, 772, 26.75
0, 773, 26.5
0, 774, 26.25
0, 775, 26.0
0, 776, 25.75
0, 777, 25.5
0, 778, 25.25
0, 779, 25.0
0, 780, 24.75
0, 781, 24.5
0, 782, 24.25
0, 783, 24.0
0, 784, 23.75
0, 785, 23.5
0, 786, 23.25
0, 787, 23.0
0, 788, 22.75
0, 789, 22.5
0, 790, 22.25
0, 791, 22.0
0, 792, 21.75
0, 793, 21.5
0, 794, 21.25
0, 795, 21.0
0, 796, 20.75
0, 797, 20.5
0, 798, 20.25
0, 799, 20.0
0, 800, 19.75
0, 801, 19.5
0, 802, 19.25
0, 803, 19.0
0, 804, 18.75
0, 805, 18.5
0, 806, 18.25
0, 807, 18.0
0, 808, 17.75
0, 809, 17.5
0, 810, 17.25
0, 811, 17.0
0, 812, 16.75
0, 813, 16.5
0, 814, 16.25
0, 815, 16.0
0, 816, 15.75
0, 817, 15.5
0, 818, 15.25
0, 819, 15.0
0, 820, 14.75
0, 821, 14.5
0, 822, 14.25
0, 823, 14.0
0, 824, 13.75
0, 825, 13.5
0, 826, 13.25
0, 827, 13.0
0, 828, 12.75
0, 829, 12.5
0, 830, 12.25
0, 831, 12.0
0, 832, 11.75
0, 833, 11.5
0, 834, 11.25
0, 835, 11.0
0, 836, 10.75
0, 837, 10.5
0, 838, 10.25
0, 839, 10.0
0, 840, 9.75
0, 841, 9.5
0, 842, 9.25
0, 843, 9.0
0, 844, 8.75
0, 845, 8.5
0, 846, 8.25
0, 847, 8.0
0, 848, 7.75
0, 849, 7.5
0, 850, 7.25
0, 851, 7.0
0, 852, 6.75
0, 853, 6.5
0, 854, 6.25
0, 855, 6.0
0, 856, 5.75
0, 857, 5.5
0, 858, 5.25
0, 859, 5.0
0, 860, 4.75
0, 861, 4.5
0, 862, 4.25
0, 863, 4.0
0, 864, 3.75
0, 865, 3.5
0, 866, 3.25
0, 867, 3.0
0, 868, 2.75
0, 869, 2.5
0, 870, 2.25
0, 871, 2.0
0, 872, 1.75
0, 873, 1.5
0, 874, 1.25
0, 875, 1.0
0, 876, 0.75
0, 877, 0.75
0, 878, 0.75
0, 879, 0.75
0, 880, 0.75
0, 881, 0.75
0, 882, 0.75
0, 883, 0.75
0, 884, 0.75
0, 885, 0.75
0, 886, 0.75
0, 887, 0.75
0, 888, 0.75
0, 889, 0.75
0, 890, 0.75
0, 891, 0.75
0, 892, 0.75
0, 893, 0.75
0, 894, 0.75
0, 895, 0.75
0, 896, 0.75
0, 897, 0.75
0, 898, 0.75
0, 899, 0.75
0, 900, 0.75
0, 901, 0.75
0, 902, 0.75
0, 903, 0.75
0, 904, 0.75
0, 905, 0.75
0, 906, 0.75
0, 907, 0.75
0, 908, 0.75
0, 909, 0.75
0, 910, 0.75
0, 911, 0.75
0, 912, 0.75
0, 913, 0.75
0, 914, 0.75
0, 915, 0.75
0, 916, 0.75
0, 917, 0.75
0, 918, 0.75
0, 919, 0.75
0, 920, 0.75
0, 921, 0.75
0, 922, 0.75
0, 923, 0.75
0, 924, 0.75
0, 925, 0.75
0, 926, 0.75
0, 927, 0.75
0, 928, 0.75
0, 929, 0.75
0, 930, 0.75
0, 931, 0.75
0, 932, 0.75
0, 933, 0.75
0, 934, 0.75
0, 935, 0.75
0, 936, 0.75
0, 937, 0.75
0, 938, 0.75
0, 939, 0.75
0, 940, 0.75
0, 941, 0.75
0, 942, 0.75
0, 943, 0.75
0, 944, 0.75
0, 945, 0.75
0, 946, 0.75
0, 947, 0.75
0, 948, 0.75
0, 949, 0.75
0, 950, 0.75
0, 951, 0.75
0, 952, 0.75
0, 953, 0.75
0, 954, 0.75
0, 955, 0.75
0, 956, 0.75
0, 957, 0.75
0, 958, 0.75
0, 959, 0.75
0, 960, 0.75
0, 961, 0.75
0, 962, 0.75
0, 963, 0.75
0, 964, 0.75
0, 965, 0.75
0, 966, 0.75
0, 967, 0.75
0, 968, 0.75
0, 969, 0.75
0, 970, 0.75
0, 971, 0.75
0, 972, 0.75
0, 973, 0.75
0, 974, 0.75
0, 975, 0.75
0, 976, 0.75
0, 977, 0.75
0, 978, 0.75
0, 979, 0.75
0, 980, 0.75
0, 981, 0.75
0, 982, 0.75
0, 983, 0.75
0, 984, 0.75
0, 985, 0.75
0, 986, 0.75
0, 987, 0.75
0, 988, 0.75
0, 989, 0.75
0, 990, 0.75
0, 991, 0.75
0, 992, 0.75
0, 993, 0.75
0, 994, 0.75
0, 995, 0.75
0, 996, 0.75
0, 997, 0.75
0, 998, 0.75
0, 999, 0.75
0, 1000, 0.75
0, 1001, 0.75
0, 1002, 0.75
0, 1003, 0.75
0, 1004, 0.75
0, 1005, 0.75
0, 1006, 0.75
0, 1007, 0.75
0, 1008, 0.75
0, 1009, 0.75
0, 1010, 0.75
0, 1011, 0.75
0, 1012, 0.75
0, 1013, 0.75
0, 1014, 0.75
0, 1015, 0.75
0, 1016, 0.75
0, 1017, 0.75
0, 1018, 0.75
0, 1019, 0.75
0, 1020, 0.75
0, 1021, 0.75
0, 1022, 0.75
0, 1023, 0.75
0, 1024, 0.75
0, 1025, 0.75
0, 1026, 0.75
0, 1027, 0.75
0, 1028, 0.75
0, 1029, 0.75
0, 1030, 0.75
0, 1031, 0.75
0, 1032, 0.75
0, 1033, 0.75
0, 1034, 0.75
0, 1035, 0.75
0, 1036, 0.75
0, 1037, 0.75
0, 1038, 0.75
0, 1039, 0.75
0, 1040, 0.75
0, 1041, 0.75
0, 1042, 0.75
0, 1043, 0.75
0, 1044, 0.75
0, 1045, 0.75
0, 1046, 0.75
0, 1047, 0.75
0, 1048, 0.75
0, 1049, 0.75
0, 1050, 0.75
0, 1051, 0.75
0, 1052, 0.75
0, 1053, 0.75
0, 1054, 0.75
0, 1055, 0.75
0, 1056, 0.75
0, 1057, 0.75
0, 1058, 0.75
0, 1059, 0.75
0, 1060, 0.75
0, 1061, 0.75
0, 1062, 0.75
0, 1063, 0.75
0, 1064, 0.75
0, 1065, 0.75
0, 1066, 0.75
0, 1067, 0.75
0, 1068, 0.75
0, 1069, 0.75
0, 1070, 0.75
0, 1071, 0.75
0, 1072, 0.75
0, 1073, 0.75
0, 1074, 0.75
0, 1075, 0.75
0, 1076, 0.75
0, 1077, 0.75
0, 1078, 0.75
0, 1079, 0.75
0, 1080, 0.75
0, 1081, 0.75
0, 1082, 0.75
0, 1083, 0.75
0, 1084, 0.75
0, 1085, 0.75
0, 1086, 0.75
0, 1087, 0.75
0, 1088, 0.75
0, 1089, 0.75
0, 1090, 0.75
0, 1091, 0.75
0, 1092, 0.75
0, 1093, 0.75
0, 1094, 0.75
0, 1095, 0.75
0, 1096, 0.75
0, 1097, 0.75
0, 1098, 0.75
0, 1099, 0.75
0, 1100, 0.75
0, 1101, 0.75
0, 1102, 0.75
0, 1103, 0.75
0, 1104, 0.75
0, 1105, 0.75
0, 1106, 0.75
0, 1107, 0.75
0, 1108, 0.75
0, 1109, 0.75
0, 1110, 0.75
0, 1111, 0.75
0, 1112, 0.75
0, 1113, 0.75
0, 1114, 0.75
0, 1115, 0.75
0, 1116, 0.75
0, 1117, 0.75
0, 1118, 0.75
0, 1119, 0.75
0, 1120, 0.75
0, 1121, 0.75
0, 1122, 0.75
0, 1123, 0.75
0, 1124, 0.75
0, 1125, 0.75
0, 1126, 0.75
0, 1127, 0.75
0, 1128, 0.75
0, 1129, 0.75
0, 1130, 0.75
0, 1131, 0.75
0, 1132, 0.75
0, 1133, 0.75
0, 1134, 0.75
0, 1135, 0.75
0, 1136, 0.75
0, 1137, 0.75
0, 1138, 0.75
0, 1139, 0.75
0, 1140, 0.75
0, 1141, 0.75
0, 1142, 0.75
0, 1143, 0.75
0, 1144, 0.75
0, 1145, 0.75
0, 1146, 0.75
0, 1147, 0.75
0, 1148, 0.75
0, 1149, 0.75
0, 1150, 0.75
0, 1151, 0.75
0, 1152, 0.75
0, 1153, 0.75
0, 1154, 0.75
0, 1155, 0.75
0, 1156, 0.75
0, 1157, 0.75
0, 1158, 0.75
0, 1159, 0.75
0, 1160, 0.75
0, 1161, 0.75
0, 1162, 0.75
0, 1163, 0.75
0, 1164, 0.75
0, 1165, 0.75
0, 1166, 0.75
0, 1167, 0.75
0, 1168, 0.75
0, 1169, 0.75
0, 1170, 0.75
0, 1171, 0.75
0, 1172, 0.75
0, 1173, 0.75
0, 1174, 0.75
0, 1175, 0.75
0, 1176, 0.75
0, 1177, 0.75
0, 1178, 0.75
0, 1179, 0.75
0, 1180, 0.75
0, 1181, 0.75
0, 1182, 0.75
0, 1183, 0.75
0, 1184, 0.75
0, 1185, 0.75
0, 1186, 0.75
0, 1187, 0.75
0, 1188, 0.75
0, 1189, 0.75
0, 1190, 0.75
0, 1191, 0.75
0, 1192, 0.75
0, 1193, 0.75
0, 1194, 0.75
0, 1195, 0.75
0, 1196, 0.75
0, 1197, 0.75
0, 1198, 0.75
0, 1199, 0.75
0, 1200, 0.75
0, 1201, 0.75
0, 1202, 0.75
0, 1203, 0.75
0, 1204, 0.75
0, 1205, 0.75
0, 1206, 0.75
0, 1207, 0.75
0, 1208, 0.75
0, 1209, 0.75
0, 1210, 0.75
0, 1211, 0.75
0, 1212, 0.75
0, 1213, 0.75
0, 1214, 0.75
0, 1215, 0.75
0, 1216, 0.75
0, 1217, 0.75
0, 1218, 0.75
0, 1219, 0.75
0, 1220, 0.75
0, 1221, 0.75
0, 1222, 0.75
0, 1223, 0.75
0, 1224, 0.75
0, 1225, 0.75
0, 1226, 0.75
0, 1227, 0.75
0, 1228, 0.75
0, 1229, 0.75
0, 1230, 0.75
0, 1231, 0.75
0, 1232, 0.75
0, 1233, 0.75
0, 1234, 0.75
0, 1235, 0.75
0, 1236, 0.75
0, 1237, 0.75
0, 1238, 0.75
0, 1239, 0.75
0, 1240, 0.75
0, 1241, 0.75
0, 1242, 0.75
0, 1243, 0.75
0, 1244, 0.75
0, 1245, 0.75
0, 1246, 0.75
0, 1247, 0.75
0, 1248, 0.75
0, 1249, 0.75
0, 1250, 0.75
0, 1251, 0.75
0, 1252, 0.75
0, 1253, 0.75
0, 1254, 0.75
0, 1255, 0.75
0, 1256, 0.75
0, 1257, 0.75
0, 1258, 0.75
0, 1259, 0.75
0, 1260, 0.75
0, 1261, 0.75
0, 1262, 0.75
0, 1263, 0.75
0, 1264, 0.75
0, 1265, 0.75
0, 1266, 0.75
0, 1267, 0.75
0, 1268, 0.75
0, 1269, 0.75
0, 1270, 0.75
0, 1271, 0.75
0, 1272, 0.75
0, 1273, 0.75
0, 1274, 0.75
0, 1275, 0.75
0, 1276, 0.75
0, 1277, 0.75
0, 1278, 0.75
0, 1279, 0.75
0, 1280, 0.75
0, 1281, 0.75
0, 1282, 0.75
0, 1283, 0.75
0, 1284, 0.75
0, 1285, 0.75
0, 1286, 0.75
0, 1287, 0.75
0, 1288, 0.75
0, 1289, 0.75
0, 1290, 0.75
0, 1291, 0.75
0, 1292, 0.75
0, 1293, 0.75
0, 1294, 0.75
0, 1295, 0.75
0, 1296, 0.75
0, 1297, 0.75
0, 1298, 0.75
0, 1299, 0.75
0, 1300, 0.75
0, 1301, 0.75
0, 1302, 0.75
0, 1303, 0.75
0, 1304, 0.75
0, 1305, 0.75
0, 1306, 0.75
0, 1307, 0.75
0, 1308, 0.75
0, 1309, 0.75
0, 1310, 0.75
0, 1311, 0.75
0, 1312, 0.75
0, 1313, 0.75
0, 1314, 0.75
0, 1315, 0.75
0, 1316, 0.75
0, 1317, 0.75
0, 1318, 0.75
0, 1319, 0.75
0, 1320, 0.75
0, 1321, 0.75
0, 1322, 0.75
0, 1323, 0.75
0, 1324, 0.75
0, 1325, 0.75
0, 1326, 0.75
0, 1327, 0.75
0, 1328, 0.75
0, 1329, 0.75
0, 1330, 0.75
0, 1331, 0.75
0, 1332, 0.75
0, 1333, 0.75
0, 1334, 0.75
0, 1335, 0.75
0, 1336, 0.75
0, 1337, 0.75
0, 1338, 0.75
0, 1339, 0.75
0, 1340, 0.75
0, 1341, 0.75
0, 1342, 0.75
0, 1343, 0.75
0, 1344, 0.75
0, 1345, 0.75
0, 1346, 0.75
0, 1347, 0.75
0, 1348, 0.75
0, 1349, 0.75
0, 1350, 0.75
0, 1351, 0.75
0, 1352, 0.75
0, 1353, 0.75
0, 1354, 0.75
0, 1355, 0.75
0, 1356, 0.75
0, 1357, 0.75
0, 1358, 0.75
0, 1359, 0.75
0, 1360, 0.75
0, 1361, 0.75
0, 1362, 0.75
0, 1363, 0.75
0, 1364, 0.75
0, 1365, 0.75
0, 1366, 0.75
0, 1367, 0.75
0, 1368, 0.75
0, 1369, 0.75
0, 1370, 0.75
0, 1371, 0.75
0, 1372, 0.75
0, 1373, 0.75
0, 1374, 0.75
0, 1375, 0.75
0, 1376, 0.75
0, 1377, 0.75
0, 1378, 0.75
0, 1379, 0.75
0, 1380, 0.75
0, 1381, 0.75
0, 1382, 0.75
0, 1383, 0.75
0, 1384, 0.75
0, 1385, 0.75
0, 1386, 0.75
0, 1387, 0.75
0, 1388, 0.75
0, 1389, 0.75
0, 1390, 0.75
0, 1391, 0.75
0, 1392, 0.75
0, 1393, 0.75
0, 1394, 0.75
0, 1395, 0.75
0, 1396, 0.75
0, 1397, 0.75
0, 1398, 0.75
0, 1399, 0.75
0, 1400, 0.75
0, 1401, 0.75
0, 1402, 0.75
0, 1403, 0.75
0, 1404, 0.75
0, 1405, 0.75
0, 1406, 0.75
0, 1407, 0.75
0, 1408, 0.75
0, 1409, 0.75
0, 1410, 0.75
0, 1411, 0.75
0, 1412, 0.75
0, 1413, 0.75
0, 1414, 0.75
0, 1415, 0.75
0, 1416, 0.75
0, 1417, 0.75
0, 1418, 0.75
0, 1419, 0.75
0, 1420, 0.75
0, 1421, 0.75
0, 1422, 0.75
0, 1423, 0.75
0, 1424, 0.75
0, 1425, 0.75
0, 1426, 0.75
0, 1427, 0.75
0, 1428, 0.75
0, 1429, 0.75
0, 1430, 0.75
0, 1431, 0.75
0, 1432, 0.75
0, 1433, 0.75
0, 1434, 0.75
0, 1435, 0.75
0, 1436, 0.75
0, 1437, 0.75
0, 1438, 0.75
0, 1439, 0.75
0, 1440, 0.75
0, 1441, 0.75
0, 1442, 0.75
0, 1443, 0.75
0, 1444, 0.75
0, 1445, 0.75
0, 1446, 0.75
0, 1447, 0.75
0, 1448, 0.75
0, 1449, 0.75
0, 1450, 0.75
0, 1451, 0.75
0, 1452, 0.75
0, 1453, 0.75
0, 1454, 0.75
0, 1455, 0.75
0, 1456, 0.75
0, 1457, 0.75
0, 1458, 0.75
0, 1459, 0.75
0, 1460, 0.75
0, 1461, 0.75
0, 1462, 0.75
0, 1463, 0.75
0, 1464, 0.75
0, 1465, 0.75
0, 1466, 0.75
0, 1467, 0.75
0, 1468, 0.75
0, 1469, 0.75
0, 1470, 0.75
0, 1471, 0.75
0, 1472, 0.75
0, 1473, 0.75
0, 1474, 0.75
0, 1475, 0.75
0, 1476, 0.75
0, 1477, 0.75
0, 1478, 0.75
0, 1479, 0.75
0, 1480, 0.75
0, 1481, 0.75
0, 1482, 0.75
0, 1483, 0.75
0, 1484, 0.75
0, 1485, 0.75
0, 1486, 0.75
0, 1487, 0.75
0, 1488, 0.75
0, 1489, 0.75
0, 1490, 0.75
0, 1491, 0.75
0, 1492, 0.75
0, 1493, 0.75
0, 1494, 0.75
0, 1495, 0.75
0, 1496, 0.75
0, 1497, 0.75
0, 1498, 0.75
0, 1499, 0.75
0, 1500, 0.75
0, 1501, 0.75
0, 1502, 0.75
0, 1503, 0.75
0, 1504, 0.75
0, 1505, 0.75
0, 1506, 0.75
0, 1507, 0.75
0, 1508, 0.75
0, 1509, 0.75
0, 1510, 0.75
0, 1511, 0.75
0, 1512, 0.75
0, 1513, 0.75
0, 1514, 0.75
0, 1515, 0.75
0, 1516, 0.75
0, 1517, 0.75
0, 1518, 0.75
0, 1519, 0.75
0, 1520, 0.75
0, 1521, 0.75
0, 1522, 0.75
0, 1523, 0.75
0, 1524, 0.75
0, 1525, 0.75
0, 1526, 0.75
0, 1527, 0.75
0, 1528, 0.75
0, 1529, 0.75
0, 1530, 0.75
0, 1531, 0.75
0, 1532, 0.75
0, 1533, 0.75
0, 1534, 0.75
0, 1535, 0.75
0, 1536, 0.75
0, 1537, 0.75
0, 1538, 0.75
0, 1539, 0.75
0, 1540, 0.75
0, 1541, 0.75
0, 1542, 0.75
0, 1543, 0.75
0, 1544, 0.75
0, 1545, 0.75
0, 1546, 0.75
0, 1547, 0.75
0, 1548, 0.75
0, 1549, 0.75
0, 1550, 0.75
0, 1551, 0.75
0, 1552, 0.75
0, 1553, 0.75
0, 1554, 0.75
0, 1555, 0.75
0, 1556, 0.75
0, 1557, 0.75
0, 1558, 0.75
0, 1559, 0.75
0, 1560, 0.75
0, 1561, 0.75
0, 1562, 0.75
0, 1563, 0.75
0, 1564, 0.75
0, 1565, 0.75
0, 1566, 0.75
0, 1567, 0.75
0, 1568, 0.75
0, 1569, 0.75
0, 1570, 0.75
0, 1571, 0.75
0, 1572, 0.75
0, 1573, 0.75
0, 1574, 0.75
0, 1575, 0.75
0, 1576, 0.75
0, 1577, 0.75
0, 1578, 0.75
0, 1579, 0.75
0, 1580, 0.75
0, 1581, 0.75
0, 1582, 0.75
0, 1583, 0.75
0, 1584, 0.75
0, 1585, 0.75
0, 1586, 0.75
0, 1587, 0.75
0, 1588, 0.75
0, 1589, 0.75
0, 1590, 0.75
0, 1591, 0.75
0, 1592, 0.75
0, 1593, 0.75
0, 1594, 0.75
0, 1595, 0.75
0, 1596, 0.75
0, 1597, 0.75
0, 1598, 0.75
0, 1599, 0.75
0, 1600, 0.75
0, 1601, 0.75
0, 1602, 0.75
0, 1603, 0.75
0, 1604, 0.75
0, 1605, 0.75
0, 1606, 0.75
0, 1607, 0.75
0, 1608, 0.75
0, 1609, 0.75
0, 1610, 0.75
0, 1611, 0.75
0, 1612, 0.75
0, 1613, 0.75
0, 1614, 0.75
0, 1615, 0.75
0, 1616, 0.75
0, 1617, 0.75
0, 1618, 0.75
0, 1619, 0.75
0, 1620, 0.75
0, 1621, 0.75
0, 1622, 0.75
0, 1623, 0.75
0, 1624, 0.75
0, 1625, 0.75
0, 1626, 0.75
0, 1627, 0.75
0, 1628, 0.75
0, 1629, 0.75
0, 1630, 0.75
0, 1631, 0.75
0, 1632, 0.75
0, 1633, 0.75
0, 1634, 0.75
0, 1635, 0.75
0, 1636, 0.75
0, 1637, 0.75
0, 1638, 0.75
0, 1639, 0.75
0, 1640, 0.75
0, 1641, 0.75
0, 1642, 0.75
0, 1643, 0.75
0, 1644, 0.75
0, 1645, 0.75
0, 1646, 0.75
0, 1647, 0.75
0, 1648, 0.75
0, 1649, 0.75
0, 1650, 0.75
0, 1651, 0.75
0, 1652, 0.75
0, 1653, 0.75
0, 1654, 0.75
0, 1655, 0.75
0, 1656, 0.75
0, 1657, 0.75
0, 1658, 0.75
0, 1659, 0.75
0, 1660, 0.75
0, 1661, 0.75
0, 1662, 0.75
0, 1663, 0.75
0, 1664, 0.75
0, 1665, 0.75
0, 1666, 0.75
0, 1667, 0.75
0, 1668, 0.75
0, 1669, 0.75
0, 1670, 0.75
0, 1671, 0.75
0, 1672, 0.75
0, 1673, 0.75
0, 1674, 0.75
0, 1675, 0.75
0, 1676, 0.75
0, 1677, 0.75
0, 1678, 0.75
0, 1679, 0.75
0, 1680, 0.75
0, 1681, 0.75
0, 1682, 0.75
0, 1683, 0.75
0, 1684, 0.75
0, 1685, 0.75
0, 1686, 0.75
0, 1687, 0.75
0, 1688, 0.75
0, 1689, 0.75
0, 1690, 0.75
0, 1691, 0.75
0, 1692, 0.75
0, 1693, 0.75
0, 1694, 0.75
0, 1695, 0.75
0, 1696, 0.75
0, 1697, 0.75
0, 1698, 0.75
0, 1699, 0.75
0, 1700, 0.75
0, 1701, 0.75
0, 1702, 0.75
0, 1703, 0.75
0, 1704, 0.75
0, 1705, 0.75
0, 1706, 0.75
0, 1707, 0.75
0, 1708, 0.75
0, 1709, 0.75
0, 1710, 0.75
0, 1711, 0.75
0, 1712, 0.75
0, 1713, 0.75
0, 1714, 0.75
0, 1715, 0.75
0, 1716, 0.75
0, 1717, 0.75
0, 1718, 0.75
0, 1719, 0.75
0, 1720, 0.75
0, 1721, 0.75
0, 1722, 0.75
0, 1723, 0.75
0, 1724, 0.75
0, 1725, 0.75
0, 1726, 0.75
0, 1727, 0.75
0, 1728, 0.75
0, 1729, 0.75
0, 1730, 0.75
0, 1731, 0.75
0, 1732, 0.75
0, 1733, 1.0
0, 1734, 1.25
0, 1735, 1.5
0, 1736, 1.75
0, 1737, 2.0
0, 1738, 2.25
0, 1739, 2.5
0, 1740, 2.75
0, 1741, 3.0
0, 1742, 3.25
0, 1743, 3.5
0, 1744, 3.75
0, 1745, 4.0
0, 1746, 4.25
0, 1747, 4.5
0, 1748, 4.75
0, 1749, 5.0
0, 1750, 5.25
0, 1751, 5.5
0, 1752, 5.75
0, 1753, 6.0
0, 1754, 6.25
0, 1755, 6.5
0, 1756, 6.75
0, 1757, 7.0
0, 1758, 7.25
0, 1759, 7.5
0, 1760, 7.75
0, 1761, 8.0
0, 1762, 8.25
0, 1763, 8.5
0, 1764, 8.75
0, 1765, 8.5
0, 1766, 8.25
0, 1767, 8.0
0, 1768, 7.75
0, 1769, 7.5
0, 1770, 7.25
0, 1771, 7.0
0, 1772, 6.75
0, 1773, 6.5
0, 1774, 6.25
0, 1775, 6.0
0, 1776, 5.75
0, 1777, 5.5
0, 1778, 5.25
0, 1779, 5.0
0, 1780, 4.75
0, 1781, 4.5
0, 1782, 4.25
0, 1783, 4.0
0, 1784, 3.75
0, 1785, 3.5
0, 1786, 3.25
0, 1787, 3.0
0, 1788, 2.75
0, 1789, 2.5
0, 1790, 2.25
0, 1791, 2.0
0, 1792, 1.75
0, 1793, 1.5
0, 1794, 1.25
0, 1795, 1.0
0, 1796, 0.75
0, 1797, 0.75
0, 1798, 0.75
0, 1799, 0.75
0, 1800, 0.75
0, 1801, 0.75
0, 1802, 0.75
0, 1803, 0.75
0, 1804, 0.75
0, 1805, 1.0
0, 1806, 1.25
0, 1807, 1.5
0, 1808, 1.75
0, 1809, 2.0
0, 1810, 2.25
0, 1811, 2.5
0, 1812, 2.75
0, 1813, 3.0
0, 1814, 3.25
0, 1815, 3.5
0, 1816, 3.75
0, 1817, 4.0
0, 1818, 4.25
0, 1819, 4.5
0, 1820, 4.75
0, 1821, 5.0
0, 1822, 5.25
0, 1823, 5.5
0, 1824, 5.25
0, 1825, 5.0
0, 1826, 5.25
0, 1827, 5.5
0, 1828, 5.25
0, 1829, 5.0
0, 1830, 4.75
0, 1831, 4.5
0, 1832, 4.25
0, 1833, 4.5
0, 1834, 4.25
0, 1835, 4.0
0, 1836, 3.75
0, 1837, 3.5
0, 1838, 3.25
0, 1839, 3.0
0, 1840, 3.25
0, 1841, 3.5
0, 1842, 3.25
0, 1843, 3.0
0, 1844, 2.75
0, 1845, 3.0
0, 1846, 3.25
0, 1847, 3.5
0, 1848, 3.75
0, 1849, 4.0
0, 1850, 4.25
0, 1851, 4.5
0, 1852, 4.75
0, 1853, 5.0
0, 1854, 5.25
0, 1855, 5.5
0, 1856, 5.75
0, 1857, 6.0
0, 1858, 6.25
0, 1859, 6.5
0, 1860, 6.75
0, 1861, 7.0
0, 1862, 7.25
0, 1863, 7.5
0, 1864, 7.75
0, 1865, 8.0
0, 1866, 8.25
0, 1867, 8.5
0, 1868, 8.75
0, 1869, 9.0
0, 1870, 8.75
0, 1871, 8.5
0, 1872, 8.25
0, 1873, 8.0
0, 1874, 7.75
0, 1875, 7.5
0, 1876, 7.25
0, 1877, 7.0
0, 1878, 6.75
0, 1879, 6.5
0, 1880, 6.25
0, 1881, 6.0
0, 1882, 5.75
0, 1883, 5.5
0, 1884, 5.25
0, 1885, 5.0
0, 1886, 4.75
0, 1887, 4.5
0, 1888, 4.25
0, 1889, 4.0
0, 1890, 3.75
0, 1891, 3.5
0, 1892, 3.25
0, 1893, 3.0
0, 1894, 2.75
0, 1895, 2.5
0, 1896, 2.25
0, 1897, 2.0
0, 1898, 1.75
0, 1899, 1.5
0, 1900, 1.25
0, 1901, 1.0
0, 1902, 0.75
0, 1903, 0.75
0, 1904, 0.75
0, 1905, 0.75
0, 1906, 0.75
0, 1907, 0.75
0, 1908, 0.75
0, 1909, 0.75
0, 1910, 0.75
0, 1911, 0.75
0, 1912, 0.75
0, 1913, 0.75
0, 1914, 0.75
0, 1915, 0.75
0, 1916, 0.75
0, 1917, 0.75
0, 1918, 0.75
0, 1919, 0.75
0, 1920, 0.75
0, 1921, 0.75
0, 1922, 0.75
0, 1923, 0.75
0, 1924, 0.75
0, 1925, 0.75
0, 1926, 0.75
0, 1927, 0.75
0, 1928, 0.75
0, 1929, 0.75
0, 1930, 0.75
0, 1931, 0.75
0, 1932, 0.75
0, 1933, 0.75
0, 1934, 0.75
0, 1935, 0.75
0, 1936, 0.75
0, 1937, 0.75
0, 1938, 0.75
0, 1939, 0.75
0, 1940, 0.75
0, 1941, 0.75
0, 1942, 0.75
0, 1943, 0.75
0, 1944, 0.75
0, 1945, 1.0
0, 1946, 1.25
0, 1947, 1.0
0, 1948, 0.75
0, 1949, 1.0
0, 1950, 1.25
0, 1951, 1.5
0, 1952, 1.75
0, 1953, 2.0
0, 1954, 2.25
0, 1955, 2.5
0, 1956, 2.75
0, 1957, 3.0
0, 1958, 3.25
0, 1959, 3.5
0, 1960, 3.75
0, 1961, 4.0
0, 1962, 4.25
0, 1963, 4.5
0, 1964, 4.75
0, 1965, 5.0
0, 1966, 5.25
0, 1967, 5.5
0, 1968, 5.75
0, 1969, 6.0
0, 1970, 6.25
0, 1971, 6.5
0, 1972, 6.75
0, 1973, 7.0
0, 1974, 7.25
0, 1975, 7.5
0, 1976, 7.25
0, 1977, 7.5
0, 1978, 7.75
0, 1979, 8.0
0, 1980, 8.25
0, 1981, 8.5
0, 1982, 8.75
0, 1983, 9.0
0, 1984, 9.25
0, 1985, 9.5
0, 1986, 9.75
0, 1987, 10.0
0, 1988, 10.25
0, 1989, 10.0
0, 1990, 9.75
0, 1991, 9.5
0, 1992, 9.25
0, 1993, 9.0
0, 1994, 8.75
0, 1995, 8.5
0, 1996, 8.25
0, 1997, 8.0
0, 1998, 7.75
0, 1999, 7.5
0, 2000, 7.25
0, 2001, 7.0
0, 2002, 6.75
0, 2003, 6.5
0, 2004, 6.25
0, 2005, 6.0
0, 2006, 5.75
0, 2007, 5.5
0, 2008, 5.25
0, 2009, 5.0
0, 2010, 4.75
0, 2011, 4.5
0, 2012, 4.25
0, 2013, 4.0
0, 2014, 3.75
0, 2015, 3.5
0, 2016, 3.25
0, 2017, 3.0
0, 2018, 2.75
0, 2019, 2.5
0, 2020, 2.25
0, 2021, 2.0
0, 2022, 1.75
0, 2023, 1.5
0, 2024, 1.25
0, 2025, 1.0
0, 2026, 0.75
0, 2027, 0.75
0, 2028, 0.75
0, 2029, 0.75
0, 2030, 0.75
0, 2031, 0.75
0, 2032, 0.75
0, 2033, 0.75
0, 2034, 0.75
0, 2035, 0.75
0, 2036, 0.75
0, 2037, 0.75
0, 2038, 0.75
0, 2039, 0.75
0, 2040, 0.75
0, 2041, 0.75
0, 2042, 0.75
0, 2043, 1.0
0, 2044, 1.25
0, 2045, 1.0
0, 2046, 0.75
0, 2047, 0.75
0, 2048, 0.75
0, 2049, 0.75
0, 2050, 1.0
0, 2051, 1.25
0, 2052, 1.0
0, 2053, 1.25
0, 2054, 1.5
0, 2055, 1.75
0, 2056, 2.0
0, 2057, 2.25
0, 2058, 2.5
0, 2059, 2.25
0, 2060, 2.0
0, 2061, 1.75
0, 2062, 1.5
0, 2063, 1.25
0, 2064, 1.5
0, 2065, 1.75
0, 2066, 1.5
0, 2067, 1.75
0, 2068, 1.5
0, 2069, 1.75
0, 2070, 2.0
0, 2071, 2.25
0, 2072, 2.5
0, 2073, 2.25
0, 2074, 2.5
0, 2075, 2.75
0, 2076, 3.0
0, 2077, 3.25
0, 2078, 3.5
0, 2079, 3.75
0, 2080, 4.0
0, 2081, 4.25
0, 2082, 4.5
0, 2083, 4.75
0, 2084, 5.0
0, 2085, 5.25
0, 2086, 5.5
0, 2087, 5.75
0, 2088, 6.0
0, 2089, 6.25
0, 2090, 6.5
0, 2091, 6.75
0, 2092, 7.0
0, 2093, 7.25
0, 2094, 7.0
0, 2095, 6.75
0, 2096, 6.5
0, 2097, 6.75
0, 2098, 7.0
0, 2099, 7.25
0, 2100, 7.5
0, 2101, 7.25
0, 2102, 7.0
0, 2103, 6.75
0, 2104, 6.5
0, 2105, 6.25
0, 2106, 6.0
0, 2107, 5.75
0, 2108, 5.5
0, 2109, 5.25
0, 2110, 5.0
0, 2111, 4.75
0, 2112, 4.5
0, 2113, 4.25
0, 2114, 4.0
0, 2115, 3.75
0, 2116, 3.5
0, 2117, 3.25
0, 2118, 3.0
0, 2119, 2.75
0, 2120, 2.5
0, 2121, 2.25
0, 2122, 2.0
0, 2123, 1.75
0, 2124, 1.5
0, 2125, 1.25
0, 2126, 1.0
0, 2127, 0.75
0, 2128, 0.75
0, 2129, 0.75
0, 2130, 0.75
0, 2131, 0.75
0, 2132, 0.75
0, 2133, 0.75
0, 2134, 1.0
0, 2135, 1.25
0, 2136, 1.0
0, 2137, 1.25
0, 2138, 1.5
0, 2139, 1.75
0, 2140, 2.0
0, 2141, 2.25
0, 2142, 2.5
0, 2143, 2.75
0, 2144, 3.0
0, 2145, 3.25
0, 2146, 3.5
0, 2147, 3.75
0, 2148, 4.0
0, 2149, 4.25
0, 2150, 4.0
0, 2151, 3.75
0, 2152, 4.0
0, 2153, 4.25
0, 2154, 4.5
0, 2155, 4.75
0, 2156, 5.0
0, 2157, 4.75
0, 2158, 4.5
0, 2159, 4.25
0, 2160, 4.0
0, 2161, 3.75
0, 2162, 4.0
0, 2163, 4.25
0, 2164, 4.0
0, 2165, 3.75
0, 2166, 3.5
0, 2167, 3.25
0, 2168, 3.0
0, 2169, 3.25
0, 2170, 3.5
0, 2171, 3.25
0, 2172, 3.0
0, 2173, 3.25
0, 2174, 3.5
0, 2175, 3.75
0, 2176, 4.0
0, 2177, 4.25
0, 2178, 4.5
0, 2179, 4.75
0, 2180, 5.0
0, 2181, 5.25
0, 2182, 5.5
0, 2183, 5.75
0, 2184, 6.0
0, 2185, 6.25
0, 2186, 6.5
0, 2187, 6.25
0, 2188, 6.0
0, 2189, 6.25
0, 2190, 6.5
0, 2191, 6.75
0, 2192, 6.5
0, 2193, 6.25
0, 2194, 6.0
0, 2195, 5.75
0, 2196, 5.5
0, 2197, 5.75
0, 2198, 6.0
0, 2199, 5.75
0, 2200, 5.5
0, 2201, 5.25
0, 2202, 5.0
0, 2203, 4.75
0, 2204, 5.0
0, 2205, 5.25
0, 2206, 5.0
0, 2207, 4.75
0, 2208, 4.5
0, 2209, 4.25
0, 2210, 4.0
0, 2211, 3.75
0, 2212, 3.5
0, 2213, 3.25
0, 2214, 3.0
0, 2215, 2.75
0, 2216, 2.5
0, 2217, 2.25
0, 2218, 2.0
0, 2219, 1.75
0, 2220, 1.5
0, 2221, 1.25
0, 2222, 1.0
0, 2223, 0.75
0, 2224, 0.75
0, 2225, 1.0
0, 2226, 1.25
0, 2227, 1.5
0, 2228, 1.75
0, 2229, 2.0
0, 2230, 2.25
0, 2231, 2.5
0, 2232, 2.75
0, 2233, 3.0
0, 2234, 3.25
0, 2235, 3.5
0, 2236, 3.75
0, 2237, 4.0
0, 2238, 4.25
0, 2239, 4.5
0, 2240, 4.75
0, 2241, 4.5
0, 2242, 4.25
0, 2243, 4.0
0, 2244, 3.75
0, 2245, 3.5
0, 2246, 3.75
0, 2247, 4.0
0, 2248, 3.75
0, 2249, 3.5
0, 2250, 3.25
0, 2251, 3.0
0, 2252, 2.75
0, 2253, 2.5
0, 2254, 2.25
0, 2255, 2.0
0, 2256, 1.75
0, 2257, 1.5
0, 2258, 1.25
0, 2259, 1.0
0, 2260, 0.75
0, 2261, 0.75
0, 2262, 0.75
0, 2263, 0.75
0, 2264, 0.75
0, 2265, 0.75
0, 2266, 1.0
0, 2267, 1.25
0, 2268, 1.5
0, 2269, 1.75
0, 2270, 2.0
0, 2271, 2.25
0, 2272, 2.5
0, 2273, 2.75
0, 2274, 3.0
0, 2275, 3.25
0, 2276, 3.5
0, 2277, 3.75
0, 2278, 4.0
0, 2279, 4.25
0, 2280, 4.5
0, 2281, 4.75
0, 2282, 5.0
0, 2283, 5.25
0, 2284, 5.5
0, 2285, 5.75
0, 2286, 6.0
0, 2287, 6.25
0, 2288, 6.5
0, 2289, 6.75
0, 2290, 7.0
0, 2291, 7.25
0, 2292, 7.5
0, 2293, 7.75
0, 2294, 8.0
0, 2295, 8.25
0, 2296, 8.5
0, 2297, 8.75
0, 2298, 9.0
0, 2299, 9.25
0, 2300, 9.5
0, 2301, 9.75
0, 2302, 10.0
0, 2303, 10.25
0, 2304, 10.5
0, 2305, 10.75
0, 2306, 11.0
0, 2307, 11.25
0, 2308, 11.5
0, 2309, 11.75
0, 2310, 12.0
0, 2311, 12.25
0, 2312, 12.5
0, 2313, 12.75
0, 2314, 13.0
0, 2315, 13.25
0, 2316, 13.5
0, 2317, 13.75
0, 2318, 14.0
0, 2319, 14.25
0, 2320, 14.5
0, 2321, 14.75
0, 2322, 15.0
0, 2323, 15.25
0, 2324, 15.5
0, 2325, 15.75
0, 2326, 16.0
0, 2327, 16.25
0, 2328, 16.5
0, 2329, 16.75
0, 2330, 17.0
0, 2331, 17.25
0, 2332, 17.0
0, 2333, 16.75
0, 2334, 16.5
0, 2335, 16.25
0, 2336, 16.0
0, 2337, 15.75
0, 2338, 15.5
0, 2339, 15.25
0, 2340, 15.0
0, 2341, 14.75
0, 2342, 14.5
0, 2343, 14.25
0, 2344, 14.0
0, 2345, 13.75
0, 2346, 13.5
0, 2347, 13.25
0, 2348, 13.0
0, 2349, 12.75
0, 2350, 12.5
0, 2351, 12.25
0, 2352, 12.0
0, 2353, 11.75
0, 2354, 11.5
0, 2355, 11.25
0, 2356, 11.0
0, 2357, 10.75
0, 2358, 10.5
0, 2359, 10.25
0, 2360, 10.0
0, 2361, 9.75
0, 2362, 9.5
0, 2363, 9.25
0, 2364, 9.0
0, 2365, 8.75
0, 2366, 8.5
0, 2367, 8.25
0, 2368, 8.0
0, 2369, 7.75
0, 2370, 7.5
0, 2371, 7.25
0, 2372, 7.0
0, 2373, 6.75
0, 2374, 6.5
0, 2375, 6.25
0, 2376, 6.0
0, 2377, 5.75
0, 2378, 5.5
0, 2379, 5.25
0, 2380, 5.0
0, 2381, 4.75
0, 2382, 4.5
0, 2383, 4.25
0, 2384, 4.0
0, 2385, 3.75
0, 2386, 4.0
0, 2387, 4.25
0, 2388, 4.0
0, 2389, 4.25
0, 2390, 4.5
0, 2391, 4.75
0, 2392, 5.0
0, 2393, 5.25
0, 2394, 5.5
0, 2395, 5.75
0, 2396, 6.0
0, 2397, 6.25
0, 2398, 6.5
0, 2399, 6.75
0, 2400, 7.0
0, 2401, 7.25
0, 2402, 7.5
0, 2403, 7.75
0, 2404, 8.0
0, 2405, 8.25
0, 2406, 8.5
0, 2407, 8.75
0, 2408, 9.0
0, 2409, 9.25
0, 2410, 9.5
0, 2411, 9.75
0, 2412, 10.0
0, 2413, 10.25
0, 2414, 10.5
0, 2415, 10.75
0, 2416, 11.0
0, 2417, 11.25
0, 2418, 11.5
0, 2419, 11.75
0, 2420, 12.0
0, 2421, 12.25
0, 2422, 12.5
0, 2423, 12.75
0, 2424, 13.0
0, 2425, 13.25
0, 2426, 13.5
0, 2427, 13.75
0, 2428, 14.0
0, 2429, 14.25
0, 2430, 14.0
0, 2431, 13.75
0, 2432, 14.0
0, 2433, 13.75
0, 2434, 13.5
0, 2435, 13.25
0, 2436, 13.0
0, 2437, 12.75
0, 2438, 12.5
0, 2439, 12.25
0, 2440, 12.0
0, 2441, 11.75
0, 2442, 11.5
0, 2443, 11.25
0, 2444, 11.0
0, 2445, 10.75
0, 2446, 10.5
0, 2447, 10.25
0, 2448, 10.0
0, 2449, 10.25
0, 2450, 10.0
0, 2451, 9.75
0, 2452, 9.5
0, 2453, 9.25
0, 2454, 9.0
0, 2455, 8.75
0, 2456, 8.5
0, 2457, 8.25
0, 2458, 8.0
0, 2459, 7.75
0, 2460, 7.5
0, 2461, 7.25
0, 2462, 7.0
0, 2463, 6.75
0, 2464, 6.5
0, 2465, 6.25
0, 2466, 6.0
0, 2467, 5.75
0, 2468, 5.5
0, 2469, 5.75
0, 2470, 6.0
0, 2471, 6.25
0, 2472, 6.5
0, 2473, 6.75
0, 2474, 7.0
0, 2475, 7.25
0, 2476, 7.5
0, 2477, 7.75
0, 2478, 8.0
0, 2479, 8.25
0, 2480, 8.5
0, 2481, 8.75
0, 2482, 9.0
0, 2483, 9.25
0, 2484, 9.5
0, 2485, 9.75
0, 2486, 10.0
0, 2487, 10.25
0, 2488, 10.5
0, 2489, 10.75
0, 2490, 11.0
0, 2491, 11.25
0, 2492, 11.5
0, 2493, 11.75
0, 2494, 12.0
0, 2495, 12.25
0, 2496, 12.5
0, 2497, 12.75
0, 2498, 13.0
0, 2499, 13.25
0, 2500, 13.5
0, 2501, 13.75
0, 2502, 14.0
0, 2503, 14.25
0, 2504, 14.5
0, 2505, 14.75
0, 2506, 15.0
0, 2507, 15.25
0, 2508, 15.5
0, 2509, 15.75
0, 2510, 16.0
0, 2511, 16.25
0, 2512, 16.5
0, 2513, 16.75
0, 2514, 17.0
0, 2515, 17.25
0, 2516, 17.5
0, 2517, 17.75
0, 2518, 18.0
0, 2519, 18.25
0, 2520, 18.5
0, 2521, 18.75
0, 2522, 19.0
0, 2523, 19.25
0, 2524, 19.5
0, 2525, 19.75
0, 2526, 20.0
0, 2527, 20.25
0, 2528, 20.5
0, 2529, 20.75
0, 2530, 21.0
0, 2531, 21.25
0, 2532, 21.5
0, 2533, 21.75
0, 2534, 22.0
0, 2535, 22.25
0, 2536, 22.5
0, 2537, 22.75
0, 2538, 23.0
0, 2539, 23.25
0, 2540, 23.5
0, 2541, 23.75
0, 2542, 23.5
0, 2543, 23.25
0, 2544, 23.5
0, 2545, 23.75
0, 2546, 24.0
0, 2547, 24.25
0, 2548, 24.0
0, 2549, 23.75
0, 2550, 23.5
0, 2551, 23.25
0, 2552, 23.0
0, 2553, 22.75
0, 2554, 22.5
0, 2555, 22.25
0, 2556, 22.0
0, 2557, 21.75
0, 2558, 21.5
0, 2559, 21.25
0, 2560, 21.0
0, 2561, 20.75
0, 2562, 20.5
0, 2563, 20.25
0, 2564, 20.0
0, 2565, 19.75
0, 2566, 19.5
0, 2567, 19.25
0, 2568, 19.0
0, 2569, 18.75
0, 2570, 18.5
0, 2571, 18.25
0, 2572, 18.0
0, 2573, 17.75
0, 2574, 17.5
0, 2575, 17.25
0, 2576, 17.0
0, 2577, 16.75
0, 2578, 16.5
0, 2579, 16.25
0, 2580, 16.0
0, 2581, 15.75
0, 2582, 15.5
0, 2583, 15.25
0, 2584, 15.0
0, 2585, 14.75
0, 2586, 14.5
0, 2587, 14.25
0, 2588, 14.0
0, 2589, 13.75
0, 2590, 13.5
0, 2591, 13.25
0, 2592, 13.0
0, 2593, 12.75
0, 2594, 13.0
0, 2595, 13.25
0, 2596, 13.5
0, 2597, 13.75
0, 2598, 13.5
0, 2599, 13.75
0, 2600, 14.0
0, 2601, 14.25
0, 2602, 14.5
0, 2603, 14.75
0, 2604, 15.0
0, 2605, 15.25
0, 2606, 15.5
0, 2607, 15.75
0, 2608, 16.0
0, 2609, 16.25
0, 2610, 16.5
0, 2611, 16.75
0, 2612, 17.0
0, 2613, 17.25
0, 2614, 17.5
0, 2615, 17.75
0, 2616, 18.0
0, 2617, 18.25
0, 2618, 18.5
0, 2619, 18.75
0, 2620, 19.0
0, 2621, 19.25
0, 2622, 19.5
0, 2623, 19.75
0, 2624, 20.0
0, 2625, 20.25
0, 2626, 20.0
0, 2627, 19.75
0, 2628, 19.5
0, 2629, 19.75
0, 2630, 20.0
0, 2631, 20.25
0, 2632, 20.5
0, 2633, 20.25
0, 2634, 20.0
0, 2635, 19.75
0, 2636, 19.5
0, 2637, 19.75
0, 2638, 20.0
0, 2639, 19.75
0, 2640, 19.5
0, 2641, 19.25
0, 2642, 19.0
0, 2643, 18.75
0, 2644, 18.5
0, 2645, 18.25
0, 2646, 18.0
0, 2647, 17.75
0, 2648, 17.5
0, 2649, 17.25
0, 2650, 17.0
0, 2651, 16.75
0, 2652, 16.5
0, 2653, 16.25
0, 2654, 16.0
0, 2655, 15.75
0, 2656, 15.5
0, 2657, 15.25
0, 2658, 15.0
0, 2659, 14.75
0, 2660, 14.5
0, 2661, 14.25
0, 2662, 14.0
0, 2663, 13.75
0, 2664, 13.5
0, 2665, 13.25
0, 2666, 13.5
0, 2667, 13.75
0, 2668, 13.5
0, 2669, 13.75
0, 2670, 14.0
0, 2671, 14.25
0, 2672, 14.5
0, 2673, 14.75
0, 2674, 15.0
0, 2675, 15.25
0, 2676, 15.5
0, 2677, 15.75
0, 2678, 16.0
0, 2679, 16.25
0, 2680, 16.5
0, 2681, 16.75
0, 2682, 17.0
0, 2683, 17.25
0, 2684, 17.5
0, 2685, 17.75
0, 2686, 18.0
0, 2687, 18.25
0, 2688, 18.5
0, 2689, 18.75
0, 2690, 19.0
0, 2691, 19.25
0, 2692, 19.5
0, 2693, 19.75
0, 2694, 20.0
0, 2695, 20.25
0, 2696, 20.5
0, 2697, 20.75
0, 2698, 21.0
0, 2699, 21.25
0, 2700, 21.5
0, 2701, 21.75
0, 2702, 22.0
0, 2703, 22.25
0, 2704, 22.5
0, 2705, 22.75
0, 2706, 23.0
0, 2707, 23.25
0, 2708, 23.5
0, 2709, 23.75
0, 2710, 23.5
0, 2711, 23.25
0, 2712, 23.0
0, 2713, 23.25
0, 2714, 23.5
0, 2715, 23.75
0, 2716, 24.0
0, 2717, 23.75
0, 2718, 23.5
0, 2719, 23.25
0, 2720, 23.0
0, 2721, 22.75
0, 2722, 22.5
0, 2723, 22.25
0, 2724, 22.0
0, 2725, 21.75
0, 2726, 21.5
0, 2727, 21.25
0, 2728, 21.0
0, 2729, 20.75
0, 2730, 20.5
0, 2731, 20.25
0, 2732, 20.0
0, 2733, 19.75
0, 2734, 19.5
0, 2735, 19.25
0, 2736, 19.0
0, 2737, 18.75
0, 2738, 18.5
0, 2739, 18.25
0, 2740, 18.0
0, 2741, 17.75
0, 2742, 17.5
0, 2743, 17.25
0, 2744, 17.0
0, 2745, 16.75
0, 2746, 16.5
0, 2747, 16.25
0, 2748, 16.0
0, 2749, 15.75
0, 2750, 15.5
0, 2751, 15.25
0, 2752, 15.0
0, 2753, 14.75
0, 2754, 14.5
0, 2755, 14.25
0, 2756, 14.0
0, 2757, 13.75
0, 2758, 13.5
0, 2759, 13.25
0, 2760, 13.0
0, 2761, 12.75
0, 2762, 12.5
0, 2763, 12.25
0, 2764, 12.0
0, 2765, 11.75
0, 2766, 11.5
0, 2767, 11.25
0, 2768, 11.0
0, 2769, 10.75
0, 2770, 10.5
0, 2771, 10.25
0, 2772, 10.0
0, 2773, 9.75
0, 2774, 9.5
0, 2775, 9.25
0, 2776, 9.0
0, 2777, 8.75
0, 2778, 9.0
0, 2779, 8.75
0, 2780, 8.5
0, 2781, 8.25
0, 2782, 8.5
0, 2783, 8.75
0, 2784, 9.0
0, 2785, 9.25
0, 2786, 9.5
0, 2787, 9.75
0, 2788, 10.0
0, 2789, 10.25
0, 2790, 10.5
0, 2791, 10.75
0, 2792, 11.0
0, 2793, 11.25
0, 2794, 11.5
0, 2795, 11.75
0, 2796, 12.0
0, 2797, 12.25
0, 2798, 12.5
0, 2799, 12.75
0, 2800, 13.0
0, 2801, 13.25
0, 2802, 13.5
0, 2803, 13.75
0, 2804, 14.0
0, 2805, 14.25
0, 2806, 14.5
0, 2807, 14.75
0, 2808, 15.0
0, 2809, 15.25
0, 2810, 15.5
0, 2811, 15.75
0, 2812, 16.0
0, 2813, 16.25
0, 2814, 16.5
0, 2815, 16.75
0, 2816, 17.0
0, 2817, 17.25
0, 2818, 17.5
0, 2819, 17.75
0, 2820, 18.0
0, 2821, 18.25
0, 2822, 18.5
0, 2823, 18.75
0, 2824, 19.0
0, 2825, 19.25
0, 2826, 19.5
0, 2827, 19.75
0, 2828, 20.0
0, 2829, 20.25
0, 2830, 20.5
0, 2831, 20.75
0, 2832, 21.0
0, 2833, 21.25
0, 2834, 21.5
0, 2835, 21.75
0, 2836, 22.0
0, 2837, 22.25
0, 2838, 22.5
0, 2839, 22.75
0, 2840, 23.0
0, 2841, 23.25
0, 2842, 23.5
0, 2843, 23.75
0, 2844, 24.0
0, 2845, 24.25
0, 2846, 24.5
0, 2847, 24.75
0, 2848, 25.0
0, 2849, 25.25
0, 2850, 25.5
0, 2851, 25.75
0, 2852, 26.0
0, 2853, 26.25
0, 2854, 26.5
0, 2855, 26.75
0, 2856, 27.0
0, 2857, 27.25
0, 2858, 27.5
0, 2859, 27.75
0, 2860, 28.0
0, 2861, 28.25
0, 2862, 28.5
0, 2863, 28.75
0, 2864, 29.0
0, 2865, 29.25
0, 2866, 29.5
0, 2867, 29.25
0, 2868, 29.0
0, 2869, 29.25
0, 2870, 29.0
0, 2871, 28.75
0, 2872, 28.5
0, 2873, 28.25
0, 2874, 28.0
0, 2875, 27.75
0, 2876, 27.5
0, 2877, 27.25
0, 2878, 27.0
0, 2879, 26.75
0, 2880, 26.5
0, 2881, 26.25
0, 2882, 26.0
0, 2883, 25.75
0, 2884, 25.5
0, 2885, 25.25
0, 2886, 25.0
0, 2887, 24.75
0, 2888, 24.5
0, 2889, 24.25
0, 2890, 24.0
0, 2891, 23.75
0, 2892, 23.5
0, 2893, 23.25
0, 2894, 23.0
0, 2895, 22.75
0, 2896, 22.5
0, 2897, 22.25
0, 2898, 22.0
0, 2899, 21.75
0, 2900, 21.5
0, 2901, 21.25
0, 2902, 21.0
0, 2903, 20.75
0, 2904, 20.5
0, 2905, 20.25
0, 2906, 20.0
0, 2907, 19.75
0, 2908, 19.5
0, 2909, 19.25
0, 2910, 19.0
0, 2911, 18.75
0, 2912, 18.5
0, 2913, 18.25
0, 2914, 18.0
0, 2915, 17.75
0, 2916, 17.5
0, 2917, 17.25
0, 2918, 17.0
0, 2919, 16.75
0, 2920, 16.5
0, 2921, 16.25
0, 2922, 16.0
0, 2923, 15.75
0, 2924, 15.5
0, 2925, 15.25
0, 2926, 15.0
0, 2927, 14.75
0, 2928, 14.5
0, 2929, 14.25
0, 2930, 14.0
0, 2931, 13.75
0, 2932, 13.5
0, 2933, 13.25
0, 2934, 13.0
0, 2935, 12.75
0, 2936, 12.5
0, 2937, 12.25
0, 2938, 12.0
0, 2939, 11.75
0, 2940, 11.5
0, 2941, 11.25
0, 2942, 11.0
0, 2943, 10.75
0, 2944, 10.5
0, 2945, 10.25
0, 2946, 10.0
0, 2947, 9.75
0, 2948, 9.5
0, 2949, 9.25
0, 2950, 9.0
0, 2951, 8.75
0, 2952, 8.5
0, 2953, 8.25
0, 2954, 8.0
0, 2955, 7.75
0, 2956, 7.5
0, 2957, 7.25
0, 2958, 7.0
0, 2959, 6.75
0, 2960, 6.5
0, 2961, 6.25
0, 2962, 6.0
0, 2963, 5.75
0, 2964, 5.5
0, 2965, 5.25
0, 2966, 5.0
0, 2967, 4.75
0, 2968, 4.5
0, 2969, 4.25
0, 2970, 4.0
0, 2971, 4.25
0, 2972, 4.5
0, 2973, 4.75
0, 2974, 5.0
0, 2975, 5.25
0, 2976, 5.5
0, 2977, 5.75
0, 2978, 6.0
0, 2979, 6.25
0, 2980, 6.5
0, 2981, 6.75
0, 2982, 7.0
0, 2983, 7.25
0, 2984, 7.5
0, 2985, 7.75
0, 2986, 8.0
0, 2987, 8.25
0, 2988, 8.5
0, 2989, 8.75
0, 2990, 9.0
0, 2991, 9.25
0, 2992, 9.5
0, 2993, 9.75
0, 2994, 10.0
0, 2995, 10.25
0, 2996, 10.5
0, 2997, 10.75
0, 2998, 11.0
0, 2999, 11.25
0, 3000, 11.5
0, 3001, 11.75
0, 3002, 12.0
0, 3003, 12.25
0, 3004, 12.5
0, 3005, 12.75
0, 3006, 13.0
0, 3007, 13.25
0, 3008, 13.5
0, 3009, 13.75
0, 3010, 14.0
0, 3011, 14.25
0, 3012, 14.5
0, 3013, 14.75
0, 3014, 15.0
0, 3015, 15.25
0, 3016, 15.5
0, 3017, 15.75
0, 3018, 16.0
0, 3019, 16.25
0, 3020, 16.5
0, 3021, 16.75
0, 3022, 17.0
0, 3023, 17.25
0, 3024, 17.5
0, 3025, 17.75
0, 3026, 18.0
0, 3027, 18.25
0, 3028, 18.5
0, 3029, 18.75
0, 3030, 19.0
0, 3031, 19.25
0, 3032, 19.5
0, 3033, 19.75
0, 3034, 20.0
0, 3035, 20.25
0, 3036, 20.5
0, 3037, 20.75
0, 3038, 21.0
0, 3039, 21.25
0, 3040, 21.5
0, 3041, 21.75
0, 3042, 22.0
0, 3043, 22.25
0, 3044, 22.5
0, 3045, 22.75
0, 3046, 23.0
0, 3047, 23.25
0, 3048, 23.5
0, 3049, 23.75
0, 3050, 24.0
0, 3051, 24.25
0, 3052, 24.5
0, 3053, 24.75
0, 3054, 25.0
0, 3055, 25.25
0, 3056, 25.5
0, 3057, 25.75
0, 3058, 26.0
0, 3059, 26.25
0, 3060, 26.5
0, 3061, 26.75
0, 3062, 27.0
0, 3063, 27.25
0, 3064, 27.5
0, 3065, 27.75
0, 3066, 28.0
0, 3067, 28.25
0, 3068, 28.5
0, 3069, 28.75
0, 3070, 29.0
0, 3071, 29.25
0, 3072, 29.5
0, 3073, 29.75
0, 3074, 30.0
0, 3075, 30.25
0, 3076, 30.5
0, 3077, 30.75
0, 3078, 31.0
0, 3079, 31.25
0, 3080, 31.5
0, 3081, 31.75
0, 3082, 32.0
0, 3083, 32.25
0, 3084, 32.0
0, 3085, 31.75
0, 3086, 31.5
0, 3087, 31.25
0, 3088, 31.0
0, 3089, 30.75
0, 3090, 30.5
0, 3091, 30.25
0, 3092, 30.0
0, 3093, 29.75
0, 3094, 29.5
0, 3095, 29.25
0, 3096, 29.0
0, 3097, 28.75
0, 3098, 28.5
0, 3099, 28.25
0, 3100, 28.0
0, 3101, 27.75
0, 3102, 27.5
0, 3103, 27.25
0, 3104, 27.0
0, 3105, 26.75
0, 3106, 26.5
0, 3107, 26.25
0, 3108, 26.0
0, 3109, 25.75
0, 3110, 25.5
0, 3111, 25.25
0, 3112, 25.0
0, 3113, 24.75
0, 3114, 24.5
0, 3115, 24.25
0, 3116, 24.0
0, 3117, 23.75
0, 3118, 23.5
0, 3119, 23.25
0, 3120, 23.0
0, 3121, 22.75
0, 3122, 22.5
0, 3123, 22.25
0, 3124, 22.0
0, 3125, 21.75
0, 3126, 21.5
0, 3127, 21.25
0, 3128, 21.0
0, 3129, 20.75
0, 3130, 20.5
0, 3131, 20.25
0, 3132, 20.0
0, 3133, 19.75
0, 3134, 19.5
0, 3135, 19.25
0, 3136, 19.0
0, 3137, 18.75
0, 3138, 18.5
0, 3139, 18.25
0, 3140, 18.0
0, 3141, 17.75
0, 3142, 17.5
0, 3143, 17.25
0, 3144, 17.0
0, 3145, 16.75
0, 3146, 16.5
0, 3147, 16.25
0, 3148, 16.0
0, 3149, 15.75
0, 3150, 15.5
0, 3151, 15.25
0, 3152, 15.0
0, 3153, 14.75
0, 3154, 14.5
0, 3155, 14.25
0, 3156, 14.0
0, 3157, 13.75
0, 3158, 13.5
0, 3159, 13.25
0, 3160, 13.0
0, 3161, 12.75
0, 3162, 12.5
0, 3163, 12.25
0, 3164, 12.0
0, 3165, 11.75
0, 3166, 11.5
0, 3167, 11.25
0, 3168, 11.0
0, 3169, 10.75
0, 3170, 10.5
0, 3171, 10.25
0, 3172, 10.0
0, 3173, 9.75
0, 3174, 9.5
0, 3175, 9.25
0, 3176, 9.0
0, 3177, 8.75
0, 3178, 8.5
0, 3179, 8.25
0, 3180, 8.0
0, 3181, 7.75
0, 3182, 7.5
0, 3183, 7.25
0, 3184, 7.0
0, 3185, 6.75
0, 3186, 6.5
0, 3187, 6.25
0, 3188, 6.0
0, 3189, 5.75
0, 3190, 5.5
0, 3191, 5.25
0, 3192, 5.0
0, 3193, 4.75
0, 3194, 4.5
0, 3195, 4.25
0, 3196, 4.0
0, 3197, 3.75
0, 3198, 3.5
0, 3199, 3.25
0, 3200, 3.0
0, 3201, 2.75
0, 3202, 2.5
0, 3203, 2.25
0, 3204, 2.0
0, 3205, 1.75
0, 3206, 1.5
0, 3207, 1.25
0, 3208, 1.0
0, 3209, 0.75
0, 3210, 0.75
0, 3211, 0.75
0, 3212, 0.75
0, 3213, 0.75
0, 3214, 0.75
0, 3215, 0.75
0, 3216, 0.75
0, 3217, 0.75
0, 3218, 0.75
0, 3219, 0.75
0, 3220, 0.75
0, 3221, 0.75
0, 3222, 0.75
0, 3223, 0.75
0, 3224, 0.75
0, 3225, 0.75
0, 3226, 0.75
0, 3227, 0.75
0, 3228, 0.75
0, 3229, 0.75
0, 3230, 0.75
0, 3231, 0.75
0, 3232, 0.75
0, 3233, 0.75
0, 3234, 0.75
0, 3235, 0.75
0, 3236, 0.75
0, 3237, 0.75
0, 3238, 0.75
0, 3239, 0.75
0, 3240, 1.0
0, 3241, 1.25
0, 3242, 1.0
0, 3243, 1.25
0, 3244, 1.5
0, 3245, 1.75
0, 3246, 2.0
0, 3247, 2.25
0, 3248, 2.5
0, 3249, 2.75
0, 3250, 3.0
0, 3251, 3.25
0, 3252, 3.5
0, 3253, 3.75
0, 3254, 4.0
0, 3255, 4.25
0, 3256, 4.5
0, 3257, 4.75
0, 3258, 5.0
0, 3259, 5.25
0, 3260, 5.5
0, 3261, 5.75
0, 3262, 6.0
0, 3263, 6.25
0, 3264, 6.5
0, 3265, 6.75
0, 3266, 7.0
0, 3267, 7.25
0, 3268, 7.5
0, 3269, 7.75
0, 3270, 8.0
0, 3271, 8.25
0, 3272, 8.5
0, 3273, 8.75
0, 3274, 9.0
0, 3275, 9.25
0, 3276, 9.5
0, 3277, 9.75
0, 3278, 10.0
0, 3279, 10.25
0, 3280, 10.5
0, 3281, 10.75
0, 3282, 11.0
0, 3283, 11.25
0, 3284, 11.5
0, 3285, 11.75
0, 3286, 12.0
0, 3287, 11.75
0, 3288, 11.5
0, 3289, 11.75
0, 3290, 12.0
0, 3291, 11.75
0, 3292, 11.5
0, 3293, 11.25
0, 3294, 11.0
0, 3295, 10.75
0, 3296, 10.5
0, 3297, 10.25
0, 3298, 10.0
0, 3299, 9.75
0, 3300, 9.5
0, 3301, 9.25
0, 3302, 9.0
0, 3303, 8.75
0, 3304, 8.5
0, 3305, 8.25
0, 3306, 8.0
0, 3307, 7.75
0, 3308, 7.5
0, 3309, 7.25
0, 3310, 7.0
0, 3311, 6.75
0, 3312, 6.5
0, 3313, 6.25
0, 3314, 6.0
0, 3315, 5.75
0, 3316, 5.5
0, 3317, 5.25
0, 3318, 5.0
0, 3319, 4.75
0, 3320, 4.5
0, 3321, 4.25
0, 3322, 4.0
0, 3323, 3.75
0, 3324, 3.5
0, 3325, 3.25
0, 3326, 3.0
0, 3327, 2.75
0, 3328, 2.5
0, 3329, 2.25
0, 3330, 2.0
0, 3331, 1.75
0, 3332, 1.5
0, 3333, 1.25
0, 3334, 1.0
0, 3335, 0.75
0, 3336, 0.75
0, 3337, 0.75
0, 3338, 0.75
0, 3339, 0.75
0, 3340, 0.75
0, 3341, 0.75
0, 3342, 0.75
0, 3343, 0.75
0, 3344, 0.75
0, 3345, 0.75
0, 3346, 0.75
0, 3347, 0.75
0, 3348, 0.75
0, 3349, 0.75
0, 3350, 0.75
0, 3351, 0.75
0, 3352, 0.75
0, 3353, 0.75
0, 3354, 0.75
0, 3355, 0.75
0, 3356, 0.75
0, 3357, 0.75
0, 3358, 0.75
0, 3359, 0.75
0, 3360, 0.75
0, 3361, 0.75
0, 3362, 0.75
0, 3363, 0.75
0, 3364, 0.75
0, 3365, 0.75
0, 3366, 1.0
0, 3367, 1.25
0, 3368, 1.0
0, 3369, 0.75
0, 3370, 0.75
0, 3371, 1.0
0, 3372, 1.25
0, 3373, 1.5
0, 3374, 1.75
0, 3375, 2.0
0, 3376, 2.25
0, 3377, 2.5
0, 3378, 2.75
0, 3379, 3.0
0, 3380, 3.25
0, 3381, 3.5
0, 3382, 3.75
0, 3383, 4.0
0, 3384, 4.25
0, 3385, 4.5
0, 3386, 4.75
0, 3387, 5.0
0, 3388, 5.25
0, 3389, 5.5
0, 3390, 5.75
0, 3391, 6.0
0, 3392, 6.25
0, 3393, 6.5
0, 3394, 6.75
0, 3395, 7.0
0, 3396, 7.25
0, 3397, 7.5
0, 3398, 7.75
0, 3399, 8.0
0, 3400, 8.25
0, 3401, 8.5
0, 3402, 8.75
0, 3403, 9.0
0, 3404, 9.25
0, 3405, 9.0
0, 3406, 9.25
0, 3407, 9.5
0, 3408, 9.75
0, 3409, 10.0
0, 3410, 9.75
0, 3411, 9.5
0, 3412, 9.25
0, 3413, 9.0
0, 3414, 8.75
0, 3415, 8.5
0, 3416, 8.25
0, 3417, 8.0
0, 3418, 7.75
0, 3419, 7.5
0, 3420, 7.25
0, 3421, 7.0
0, 3422, 6.75
0, 3423, 6.5
0, 3424, 6.25
0, 3425, 6.0
0, 3426, 5.75
0, 3427, 5.5
0, 3428, 5.25
0, 3429, 5.0
0, 3430, 4.75
0, 3431, 4.5
0, 3432, 4.25
0, 3433, 4.0
0, 3434, 3.75
0, 3435, 3.5
0, 3436, 3.25
0, 3437, 3.0
0, 3438, 2.75
0, 3439, 2.5
0, 3440, 2.25
0, 3441, 2.0
0, 3442, 1.75
0, 3443, 1.5
0, 3444, 1.25
0, 3445, 1.0
0, 3446, 0.75
0, 3447, 0.75
0, 3448, 0.75
0, 3449, 0.75
0, 3450, 0.75
0, 3451, 0.75
0, 3452, 0.75
0, 3453, 0.75
0, 3454, 0.75
0, 3455, 0.75
0, 3456, 0.75
0, 3457, 1.0
0, 3458, 1.25
0, 3459, 1.5
0, 3460, 1.75
0, 3461, 2.0
0, 3462, 2.25
0, 3463, 2.0
0, 3464, 2.25
0, 3465, 2.5
0, 3466, 2.25
0, 3467, 2.0
0, 3468, 1.75
0, 3469, 1.5
0, 3470, 1.75
0, 3471, 2.0
0, 3472, 2.25
0, 3473, 2.5
0, 3474, 2.75
0, 3475, 3.0
0, 3476, 3.25
0, 3477, 3.5
0, 3478, 3.75
0, 3479, 4.0
0, 3480, 4.25
0, 3481, 4.5
0, 3482, 4.75
0, 3483, 5.0
0, 3484, 5.25
0, 3485, 5.5
0, 3486, 5.75
0, 3487, 6.0
0, 3488, 6.25
0, 3489, 6.5
0, 3490, 6.75
0, 3491, 7.0
0, 3492, 7.25
0, 3493, 7.5
0, 3494, 7.25
0, 3495, 7.0
0, 3496, 6.75
0, 3497, 6.5
0, 3498, 6.25
0, 3499, 6.5
0, 3500, 6.75
0, 3501, 6.5
0, 3502, 6.25
0, 3503, 6.0
0, 3504, 5.75
0, 3505, 5.5
0, 3506, 5.25
0, 3507, 5.0
0, 3508, 4.75
0, 3509, 4.5
0, 3510, 4.25
0, 3511, 4.0
0, 3512, 3.75
0, 3513, 3.5
0, 3514, 3.25
0, 3515, 3.0
0, 3516, 2.75
0, 3517, 2.5
0, 3518, 2.25
0, 3519, 2.0
0, 3520, 1.75
0, 3521, 1.5
0, 3522, 1.25
0, 3523, 1.0
0, 3524, 0.75
0, 3525, 0.75
0, 3526, 0.75
0, 3527, 1.0
0, 3528, 1.25
0, 3529, 1.0
0, 3530, 0.75
0, 3531, 0.75
0, 3532, 0.75
0, 3533, 1.0
0, 3534, 1.25
0, 3535, 1.5
0, 3536, 1.75
0, 3537, 2.0
0, 3538, 2.25
0, 3539, 2.5
0, 3540, 2.75
0, 3541, 3.0
0, 3542, 3.25
0, 3543, 3.5
0, 3544, 3.75
0, 3545, 4.0
0, 3546, 4.25
0, 3547, 4.5
0, 3548, 4.75
0, 3549, 5.0
0, 3550, 5.25
0, 3551, 5.5
0, 3552, 5.75
0, 3553, 6.0
0, 3554, 6.25
0, 3555, 6.5
0, 3556, 6.75
0, 3557, 7.0
0, 3558, 7.25
0, 3559, 7.5
0, 3560, 7.75
0, 3561, 7.5
0, 3562, 7.75
0, 3563, 8.0
0, 3564, 7.75
0, 3565, 7.5
0, 3566, 7.25
0, 3567, 7.0
0, 3568, 6.75
0, 3569, 7.0
0, 3570, 7.25
0, 3571, 7.0
0, 3572, 6.75
0, 3573, 6.5
0, 3574, 6.75
0, 3575, 6.5
0, 3576, 6.75
0, 3577, 7.0
0, 3578, 6.75
0, 3579, 6.5
0, 3580, 6.25
0, 3581, 6.0
0, 3582, 5.75
0, 3583, 6.0
0, 3584, 6.25
0, 3585, 6.0
0, 3586, 5.75
0, 3587, 5.5
0, 3588, 5.25
0, 3589, 5.0
0, 3590, 5.25
0, 3591, 5.0
0, 3592, 4.75
0, 3593, 4.5
0, 3594, 4.25
0, 3595, 4.0
0, 3596, 3.75
0, 3597, 3.5
0, 3598, 3.25
0, 3599, 3.0
0, 3600, 2.75
0, 3601, 2.5
0, 3602, 2.25
0, 3603, 2.0
0, 3604, 1.75
0, 3605, 1.5
0, 3606, 1.25
0, 3607, 1.0
0, 3608, 0.75
0, 3609, 0.75
0, 3610, 0.75
0, 3611, 1.0
0, 3612, 1.25
0, 3613, 1.5
0, 3614, 1.75
0, 3615, 2.0
0, 3616, 2.25
0, 3617, 2.5
0, 3618, 2.75
0, 3619, 3.0
0, 3620, 3.25
0, 3621, 3.5
0, 3622, 3.75
0, 3623, 4.0
0, 3624, 4.25
0, 3625, 4.5
0, 3626, 4.75
0, 3627, 5.0
0, 3628, 5.25
0, 3629, 5.5
0, 3630, 5.75
0, 3631, 6.0
0, 3632, 6.25
0, 3633, 6.5
0, 3634, 6.75
0, 3635, 7.0
0, 3636, 7.25
0, 3637, 7.5
0, 3638, 7.75
0, 3639, 8.0
0, 3640, 8.25
0, 3641, 8.5
0, 3642, 8.25
0, 3643, 8.0
0, 3644, 7.75
0, 3645, 7.5
0, 3646, 7.75
0, 3647, 7.5
0, 3648, 7.25
0, 3649, 7.0
0, 3650, 6.75
0, 3651, 6.5
0, 3652, 6.25
0, 3653, 6.0
0, 3654, 5.75
0, 3655, 5.5
0, 3656, 5.25
0, 3657, 5.0
0, 3658, 4.75
0, 3659, 4.5
0, 3660, 4.25
0, 3661, 4.0
0, 3662, 3.75
0, 3663, 3.5
0, 3664, 3.25
0, 3665, 3.0
0, 3666, 2.75
0, 3667, 2.5
0, 3668, 2.25
0, 3669, 2.0
0, 3670, 1.75
0, 3671, 1.5
0, 3672, 1.25
0, 3673, 1.0
0, 3674, 1.25
0, 3675, 1.5
0, 3676, 1.25
0, 3677, 1.0
0, 3678, 0.75
0, 3679, 1.0
0, 3680, 1.25
0, 3681, 1.5
0, 3682, 1.75
0, 3683, 2.0
0, 3684, 2.25
0, 3685, 2.5
0, 3686, 2.75
0, 3687, 3.0
0, 3688, 3.25
0, 3689, 3.5
0, 3690, 3.75
0, 3691, 4.0
0, 3692, 4.25
0, 3693, 4.5
0, 3694, 4.75
0, 3695, 5.0
0, 3696, 5.25
0, 3697, 5.5
0, 3698, 5.75
0, 3699, 6.0
0, 3700, 6.25
0, 3701, 6.5
0, 3702, 6.75
0, 3703, 7.0
0, 3704, 6.75
0, 3705, 6.5
0, 3706, 6.25
0, 3707, 6.0
0, 3708, 6.25
0, 3709, 6.5
0, 3710, 6.75
0, 3711, 6.5
0, 3712, 6.25
0, 3713, 6.0
0, 3714, 5.75
0, 3715, 5.5
0, 3716, 5.75
0, 3717, 6.0
0, 3718, 5.75
0, 3719, 5.5
0, 3720, 5.25
0, 3721, 5.0
0, 3722, 5.25
0, 3723, 5.5
0, 3724, 5.75
0, 3725, 5.5
0, 3726, 5.25
0, 3727, 5.0
0, 3728, 4.75
0, 3729, 4.5
0, 3730, 4.75
0, 3731, 5.0
0, 3732, 4.75
0, 3733, 4.5
0, 3734, 4.25
0, 3735, 4.0
0, 3736, 3.75
0, 3737, 4.0
0, 3738, 4.25
0, 3739, 4.0
0, 3740, 3.75
0, 3741, 3.5
0, 3742, 3.25
0, 3743, 3.0
0, 3744, 3.25
0, 3745, 3.5
0, 3746, 3.25
0, 3747, 3.0
0, 3748, 2.75
0, 3749, 2.5
0, 3750, 2.25
0, 3751, 2.5
0, 3752, 2.75
0, 3753, 2.5
0, 3754, 2.25
0, 3755, 2.0
0, 3756, 1.75
0, 3757, 1.5
0, 3758, 1.25
0, 3759, 1.0
0, 3760, 0.75
0, 3761, 0.75
0, 3762, 0.75
0, 3763, 0.75
0, 3764, 0.75
0, 3765, 1.0
0, 3766, 1.25
0, 3767, 1.0
0, 3768, 0.75
0, 3769, 1.0
0, 3770, 1.25
0, 3771, 1.5
0, 3772, 1.75
0, 3773, 2.0
0, 3774, 2.25
0, 3775, 2.5
0, 3776, 2.75
0, 3777, 3.0
0, 3778, 3.25
0, 3779, 3.5
0, 3780, 3.75
0, 3781, 4.0
0, 3782, 4.25
0, 3783, 4.5
0, 3784, 4.75
0, 3785, 5.0
0, 3786, 5.25
0, 3787, 5.5
0, 3788, 5.75
0, 3789, 5.5
0, 3790, 5.25
0, 3791, 5.0
0, 3792, 5.25
0, 3793, 5.5
0, 3794, 5.75
0, 3795, 5.5
0, 3796, 5.25
0, 3797, 5.5
0, 3798, 5.75
0, 3799, 6.0
0, 3800, 6.25
0, 3801, 6.5
0, 3802, 6.25
0, 3803, 6.0
0, 3804, 5.75
0, 3805, 5.5
0, 3806, 5.25
0, 3807, 5.0
0, 3808, 4.75
0, 3809, 4.5
0, 3810, 4.25
0, 3811, 4.0
0, 3812, 3.75
0, 3813, 3.5
0, 3814, 3.25
0, 3815, 3.0
0, 3816, 2.75
0, 3817, 2.5
0, 3818, 2.25
0, 3819, 2.0
0, 3820, 1.75
0, 3821, 2.0
0, 3822, 2.25
0, 3823, 2.0
0, 3824, 1.75
0, 3825, 1.5
0, 3826, 1.25
0, 3827, 1.0
0, 3828, 0.75
0, 3829, 0.75
0, 3830, 0.75
0, 3831, 0.75
0, 3832, 0.75
0, 3833, 0.75
0, 3834, 0.75
0, 3835, 1.0
0, 3836, 1.25
0, 3837, 1.0
0, 3838, 0.75
0, 3839, 0.75
0, 3840, 1.0
0, 3841, 1.25
0, 3842, 1.5
0, 3843, 1.75
0, 3844, 2.0
0, 3845, 2.25
0, 3846, 2.5
0, 3847, 2.75
0, 3848, 3.0
0, 3849, 3.25
0, 3850, 3.5
0, 3851, 3.75
0, 3852, 4.0
0, 3853, 4.25
0, 3854, 4.0
0, 3855, 4.25
0, 3856, 4.5
0, 3857, 4.75
0, 3858, 4.5
0, 3859, 4.75
0, 3860, 5.0
0, 3861, 5.25
0, 3862, 5.5
0, 3863, 5.75
0, 3864, 6.0
0, 3865, 5.75
0, 3866, 5.5
0, 3867, 5.25
0, 3868, 5.5
0, 3869, 5.75
0, 3870, 6.0
0, 3871, 6.25
0, 3872, 6.0
0, 3873, 5.75
0, 3874, 5.5
0, 3875, 5.25
0, 3876, 5.0
0, 3877, 5.25
0, 3878, 5.5
0, 3879, 5.25
0, 3880, 5.0
0, 3881, 4.75
0, 3882, 4.5
0, 3883, 4.25
0, 3884, 4.0
0, 3885, 3.75
0, 3886, 3.5
0, 3887, 3.25
0, 3888, 3.0
0, 3889, 2.75
0, 3890, 2.5
0, 3891, 2.25
0, 3892, 2.0
0, 3893, 1.75
0, 3894, 1.5
0, 3895, 1.25
0, 3896, 1.0
0, 3897, 0.75
0, 3898, 0.75
0, 3899, 0.75
0, 3900, 0.75
0, 3901, 0.75
0, 3902, 0.75
0, 3903, 0.75
0, 3904, 0.75
0, 3905, 1.0
0, 3906, 1.25
0, 3907, 1.0
0, 3908, 0.75
0, 3909, 0.75
0, 3910, 1.0
0, 3911, 1.25
0, 3912, 1.5
0, 3913, 1.75
0, 3914, 2.0
0, 3915, 1.75
0, 3916, 2.0
0, 3917, 1.75
0, 3918, 1.5
0, 3919, 1.75
0, 3920, 2.0
0, 3921, 1.75
0, 3922, 1.5
0, 3923, 1.75
0, 3924, 2.0
0, 3925, 2.25
0, 3926, 2.5
0, 3927, 2.75
0, 3928, 3.0
0, 3929, 3.25
0, 3930, 3.5
0, 3931, 3.75
0, 3932, 4.0
0, 3933, 4.25
0, 3934, 4.5
0, 3935, 4.75
0, 3936, 5.0
0, 3937, 5.25
0, 3938, 5.5
0, 3939, 5.75
0, 3940, 6.0
0, 3941, 6.25
0, 3942, 6.5
0, 3943, 6.75
0, 3944, 7.0
0, 3945, 7.25
0, 3946, 7.0
0, 3947, 7.25
0, 3948, 7.5
0, 3949, 7.25
0, 3950, 7.0
0, 3951, 6.75
0, 3952, 6.5
0, 3953, 6.25
0, 3954, 6.0
0, 3955, 5.75
0, 3956, 5.5
0, 3957, 5.25
0, 3958, 5.0
0, 3959, 4.75
0, 3960, 4.5
0, 3961, 4.25
0, 3962, 4.0
0, 3963, 3.75
0, 3964, 3.5
0, 3965, 3.25
0, 3966, 3.0
0, 3967, 2.75
0, 3968, 2.5
0, 3969, 2.25
0, 3970, 2.0
0, 3971, 1.75
0, 3972, 1.5
0, 3973, 1.25
0, 3974, 1.0
0, 3975, 1.25
0, 3976, 1.5
0, 3977, 1.25
0, 3978, 1.0
0, 3979, 0.75
0, 3980, 0.75
0, 3981, 0.75
0, 3982, 1.0
0, 3983, 1.25
0, 3984, 1.0
0, 3985, 0.75
0, 3986, 1.0
0, 3987, 1.25
0, 3988, 1.5
0, 3989, 1.75
0, 3990, 2.0
0, 3991, 2.25
0, 3992, 2.5
0, 3993, 2.75
0, 3994, 3.0
0, 3995, 3.25
0, 3996, 3.5
0, 3997, 3.75
0, 3998, 4.0
0, 3999, 4.25
0, 4000, 4.5
0, 4001, 4.75
0, 4002, 5.0
0, 4003, 5.25
0, 4004, 5.5
0, 4005, 5.75
0, 4006, 6.0
0, 4007, 6.25
0, 4008, 6.5
0, 4009, 6.75
0, 4010, 7.0
0, 4011, 7.25
0, 4012, 7.5
0, 4013, 7.75
0, 4014, 8.0
0, 4015, 8.25
0, 4016, 8.5
0, 4017, 8.75
0, 4018, 9.0
0, 4019, 9.25
0, 4020, 9.5
0, 4021, 9.75
0, 4022, 10.0
0, 4023, 10.25
0, 4024, 10.5
0, 4025, 10.75
0, 4026, 11.0
0, 4027, 11.25
0, 4028, 11.5
0, 4029, 11.75
0, 4030, 12.0
0, 4031, 12.25
0, 4032, 12.5
0, 4033, 12.75
0, 4034, 13.0
0, 4035, 13.25
0, 4036, 13.5
0, 4037, 13.75
0, 4038, 14.0
0, 4039, 14.25
0, 4040, 14.5
0, 4041, 14.25
0, 4042, 14.0
0, 4043, 13.75
0, 4044, 13.5
0, 4045, 13.25
0, 4046, 13.0
0, 4047, 12.75
0, 4048, 12.5
0, 4049, 12.25
0, 4050, 12.0
0, 4051, 11.75
0, 4052, 11.5
0, 4053, 11.25
0, 4054, 11.0
0, 4055, 10.75
0, 4056, 10.5
0, 4057, 10.25
0, 4058, 10.0
0, 4059, 9.75
0, 4060, 9.5
0, 4061, 9.25
0, 4062, 9.0
0, 4063, 8.75
0, 4064, 8.5
0, 4065, 8.25
0, 4066, 8.0
0, 4067, 7.75
0, 4068, 7.5
0, 4069, 7.25
0, 4070, 7.0
0, 4071, 6.75
0, 4072, 6.5
0, 4073, 6.25
0, 4074, 6.0
0, 4075, 5.75
0, 4076, 5.5
0, 4077, 5.25
0, 4078, 5.0
0, 4079, 4.75
0, 4080, 4.5
0, 4081, 4.25
0, 4082, 4.0
0, 4083, 3.75
0, 4084, 3.5
0, 4085, 3.25
0, 4086, 3.0
0, 4087, 2.75
0, 4088, 2.5
0, 4089, 2.25
0, 4090, 2.0
0, 4091, 1.75
0, 4092, 1.5
0, 4093, 1.25
0, 4094, 1.0
0, 4095, 0.75
0, 4096, 0.75
0, 4097, 0.75
0, 4098, 0.75
0, 4099, 0.75
0, 4100, 0.75
0, 4101, 0.75
0, 4102, 0.75
0, 4103, 0.75
0, 4104, 0.75
0, 4105, 0.75
0, 4106, 0.75
0, 4107, 0.75
0, 4108, 0.75
0, 4109, 0.75
0, 4110, 0.75
0, 4111, 0.75
0, 4112, 0.75
0, 4113, 0.75
0, 4114, 0.75
0, 4115, 0.75
0, 4116, 0.75
0, 4117, 0.75
0, 4118, 0.75
0, 4119, 0.75
0, 4120, 0.75
0, 4121, 0.75
0, 4122, 0.75
0, 4123, 0.75
0, 4124, 0.75
0, 4125, 0.75
0, 4126, 0.75
0, 4127, 0.75
0, 4128, 0.75
0, 4129, 0.75
0, 4130, 0.75
0, 4131, 0.75
0, 4132, 0.75
0, 4133, 0.75
0, 4134, 0.75
0, 4135, 0.75
0, 4136, 1.0
0, 4137, 1.25
0, 4138, 1.0
0, 4139, 0.75
0, 4140, 0.75
0, 4141, 1.0
0, 4142, 1.25
0, 4143, 1.5
0, 4144, 1.75
0, 4145, 2.0
0, 4146, 2.25
0, 4147, 2.5
0, 4148, 2.75
0, 4149, 3.0
0, 4150, 3.25
0, 4151, 3.5
0, 4152, 3.75
0, 4153, 4.0
0, 4154, 4.25
0, 4155, 4.5
0, 4156, 4.75
0, 4157, 5.0
0, 4158, 5.25
0, 4159, 5.5
0, 4160, 5.75
0, 4161, 6.0
0, 4162, 6.25
0, 4163, 6.5
0, 4164, 6.75
0, 4165, 7.0
0, 4166, 7.25
0, 4167, 7.5
0, 4168, 7.75
0, 4169, 8.0
0, 4170, 8.25
0, 4171, 8.5
0, 4172, 8.75
0, 4173, 9.0
0, 4174, 9.25
0, 4175, 9.5
0, 4176, 9.75
0, 4177, 10.0
0, 4178, 10.25
0, 4179, 10.5
0, 4180, 10.75
0, 4181, 11.0
0, 4182, 11.25
0, 4183, 11.5
0, 4184, 11.75
0, 4185, 12.0
0, 4186, 12.25
0, 4187, 12.0
0, 4188, 11.75
0, 4189, 11.5
0, 4190, 11.25
0, 4191, 11.0
0, 4192, 10.75
0, 4193, 10.5
0, 4194, 10.25
0, 4195, 10.0
0, 4196, 9.75
0, 4197, 9.5
0, 4198, 9.25
0, 4199, 9.0
0, 4200, 8.75
0, 4201, 8.5
0, 4202, 8.25
0, 4203, 8.0
0, 4204, 7.75
0, 4205, 7.5
0, 4206, 7.25
0, 4207, 7.0
0, 4208, 6.75
0, 4209, 6.5
0, 4210, 6.25
0, 4211, 6.0
0, 4212, 5.75
0, 4213, 5.5
0, 4214, 5.25
0, 4215, 5.0
0, 4216, 4.75
0, 4217, 4.5
0, 4218, 4.25
0, 4219, 4.0
0, 4220, 3.75
0, 4221, 3.5
0, 4222, 3.25
0, 4223, 3.0
0, 4224, 2.75
0, 4225, 2.5
0, 4226, 2.25
0, 4227, 2.0
0, 4228, 1.75
0, 4229, 1.5
0, 4230, 1.25
0, 4231, 1.0
0, 4232, 0.75
0, 4233, 0.75
0, 4234, 0.75
0, 4235, 0.75
0, 4236, 0.75
0, 4237, 0.75
0, 4238, 0.75
0, 4239, 0.75
0, 4240, 0.75
0, 4241, 0.75
0, 4242, 0.75
0, 4243, 0.75
0, 4244, 0.75
0, 4245, 0.75
0, 4246, 0.75
0, 4247, 0.75
0, 4248, 0.75
0, 4249, 0.75
0, 4250, 0.75
0, 4251, 0.75
0, 4252, 0.75
0, 4253, 0.75
0, 4254, 0.75
0, 4255, 0.75
0, 4256, 0.75
0, 4257, 0.75
0, 4258, 0.75
0, 4259, 0.75
0, 4260, 0.75
0, 4261, 0.75
0, 4262, 0.75
0, 4263, 0.75
0, 4264, 0.75
0, 4265, 0.75
0, 4266, 0.75
0, 4267, 0.75
0, 4268, 0.75
0, 4269, 1.0
0, 4270, 1.25
0, 4271, 1.0
0, 4272, 0.75
0, 4273, 1.0
0, 4274, 0.75
0, 4275, 1.0
0, 4276, 1.25
0, 4277, 1.5
0, 4278, 1.75
0, 4279, 2.0
0, 4280, 2.25
0, 4281, 2.5
0, 4282, 2.75
0, 4283, 3.0
0, 4284, 3.25
0, 4285, 3.5
0, 4286, 3.75
0, 4287, 4.0
0, 4288, 4.25
0, 4289, 4.5
0, 4290, 4.75
0, 4291, 5.0
0, 4292, 5.25
0, 4293, 5.5
0, 4294, 5.75
0, 4295, 6.0
0, 4296, 6.25
0, 4297, 6.5
0, 4298, 6.75
0, 4299, 7.0
0, 4300, 7.25
0, 4301, 7.5
0, 4302, 7.75
0, 4303, 8.0
0, 4304, 8.25
0, 4305, 8.5
0, 4306, 8.75
0, 4307, 9.0
0, 4308, 9.25
0, 4309, 9.5
0, 4310, 9.75
0, 4311, 10.0
0, 4312, 10.25
0, 4313, 10.0
0, 4314, 9.75
0, 4315, 9.5
0, 4316, 9.25
0, 4317, 9.0
0, 4318, 8.75
0, 4319, 8.5
0, 4320, 8.25
0, 4321, 8.0
0, 4322, 7.75
0, 4323, 7.5
0, 4324, 7.25
0, 4325, 7.0
0, 4326, 6.75
0, 4327, 6.5
0, 4328, 6.25
0, 4329, 6.0
0, 4330, 5.75
0, 4331, 5.5
0, 4332, 5.25
0, 4333, 5.0
0, 4334, 4.75
0, 4335, 4.5
0, 4336, 4.25
0, 4337, 4.0
0, 4338, 3.75
0, 4339, 3.5
0, 4340, 3.25
0, 4341, 3.0
0, 4342, 2.75
0, 4343, 2.5
0, 4344, 2.25
0, 4345, 2.0
0, 4346, 1.75
0, 4347, 1.5
0, 4348, 1.25
0, 4349, 1.0
0, 4350, 0.75
0, 4351, 0.75
0, 4352, 0.75
0, 4353, 0.75
0, 4354, 0.75
0, 4355, 0.75
0, 4356, 0.75
0, 4357, 0.75
0, 4358, 0.75
0, 4359, 0.75
0, 4360, 0.75
0, 4361, 0.75
0, 4362, 0.75
0, 4363, 0.75
0, 4364, 0.75
0, 4365, 0.75
0, 4366, 1.0
0, 4367, 1.25
0, 4368, 1.5
0, 4369, 1.75
0, 4370, 2.0
0, 4371, 2.25
0, 4372, 2.5
0, 4373, 2.75
0, 4374, 3.0
0, 4375, 3.25
0, 4376, 3.5
0, 4377, 3.75
0, 4378, 4.0
0, 4379, 4.25
0, 4380, 4.5
0, 4381, 4.75
0, 4382, 5.0
0, 4383, 5.25
0, 4384, 5.5
0, 4385, 5.75
0, 4386, 6.0
0, 4387, 6.25
0, 4388, 6.5
0, 4389, 6.75
0, 4390, 7.0
0, 4391, 7.25
0, 4392, 7.5
0, 4393, 7.75
0, 4394, 8.0
0, 4395, 8.25
0, 4396, 8.5
0, 4397, 8.75
0, 4398, 9.0
0, 4399, 9.25
0, 4400, 9.5
0, 4401, 9.75
0, 4402, 10.0
0, 4403, 10.25
0, 4404, 10.5
0, 4405, 10.75
0, 4406, 11.0
0, 4407, 11.25
0, 4408, 11.5
0, 4409, 11.75
0, 4410, 12.0
0, 4411, 12.25
0, 4412, 12.5
0, 4413, 12.75
0, 4414, 13.0
0, 4415, 12.75
0, 4416, 13.0
0, 4417, 12.75
0, 4418, 12.5
0, 4419, 12.25
0, 4420, 12.0
0, 4421, 11.75
0, 4422, 11.5
0, 4423, 11.25
0, 4424, 11.0
0, 4425, 10.75
0, 4426, 10.5
0, 4427, 10.25
0, 4428, 10.0
0, 4429, 9.75
0, 4430, 9.5
0, 4431, 9.25
0, 4432, 9.0
0, 4433, 8.75
0, 4434, 8.5
0, 4435, 8.25
0, 4436, 8.0
0, 4437, 7.75
0, 4438, 7.5
0, 4439, 7.25
0, 4440, 7.0
0, 4441, 6.75
0, 4442, 6.5
0, 4443, 6.25
0, 4444, 6.0
0, 4445, 5.75
0, 4446, 5.5
0, 4447, 5.25
0, 4448, 5.0
0, 4449, 4.75
0, 4450, 4.5
0, 4451, 4.25
0, 4452, 4.0
0, 4453, 3.75
0, 4454, 3.5
0, 4455, 3.25
0, 4456, 3.0
0, 4457, 2.75
0, 4458, 2.5
0, 4459, 2.25
0, 4460, 2.0
0, 4461, 1.75
0, 4462, 1.5
0, 4463, 1.25
0, 4464, 1.0
0, 4465, 0.75
0, 4466, 0.75
0, 4467, 0.75
0, 4468, 0.75
0, 4469, 0.75
0, 4470, 0.75
0, 4471, 0.75
0, 4472, 0.75
0, 4473, 0.75
0, 4474, 0.75
0, 4475, 0.75
0, 4476, 0.75
0, 4477, 0.75
0, 4478, 0.75
0, 4479, 0.75
0, 4480, 0.75
0, 4481, 0.75
0, 4482, 0.75
0, 4483, 0.75
0, 4484, 0.75
0, 4485, 1.0
0, 4486, 1.25
0, 4487, 1.5
0, 4488, 1.75
0, 4489, 2.0
0, 4490, 2.25
0, 4491, 2.5
0, 4492, 2.75
0, 4493, 3.0
0, 4494, 3.25
0, 4495, 3.5
0, 4496, 3.75
0, 4497, 4.0
0, 4498, 4.25
0, 4499, 4.5
0, 4500, 4.75
0, 4501, 5.0
0, 4502, 5.25
0, 4503, 5.5
0, 4504, 5.75
0, 4505, 6.0
0, 4506, 6.25
0, 4507, 6.5
0, 4508, 6.75
0, 4509, 7.0
0, 4510, 7.25
0, 4511, 7.5
0, 4512, 7.75
0, 4513, 8.0
0, 4514, 8.25
0, 4515, 8.5
0, 4516, 8.75
0, 4517, 9.0
0, 4518, 9.25
0, 4519, 9.5
0, 4520, 9.75
0, 4521, 10.0
0, 4522, 10.25
0, 4523, 10.5
0, 4524, 10.75
0, 4525, 11.0
0, 4526, 11.25
0, 4527, 11.5
0, 4528, 11.75
0, 4529, 12.0
0, 4530, 11.75
0, 4531, 12.0
0, 4532, 11.75
0, 4533, 12.0
0, 4534, 11.75
0, 4535, 12.0
0, 4536, 11.75
0, 4537, 11.5
0, 4538, 11.25
0, 4539, 11.0
0, 4540, 10.75
0, 4541, 10.5
0, 4542, 10.25
0, 4543, 10.0
0, 4544, 9.75
0, 4545, 9.5
0, 4546, 9.25
0, 4547, 9.0
0, 4548, 8.75
0, 4549, 8.5
0, 4550, 8.25
0, 4551, 8.0
0, 4552, 7.75
0, 4553, 7.5
0, 4554, 7.25
0, 4555, 7.0
0, 4556, 6.75
0, 4557, 6.5
0, 4558, 6.25
0, 4559, 6.0
0, 4560, 5.75
0, 4561, 5.5
0, 4562, 5.25
0, 4563, 5.0
0, 4564, 4.75
0, 4565, 4.5
0, 4566, 4.25
0, 4567, 4.0
0, 4568, 3.75
0, 4569, 3.5
0, 4570, 3.25
0, 4571, 3.0
0, 4572, 2.75
0, 4573, 2.5
0, 4574, 2.25
0, 4575, 2.0
0, 4576, 1.75
0, 4577, 1.5
0, 4578, 1.25
0, 4579, 1.0
0, 4580, 0.75
0, 4581, 0.75
0, 4582, 0.75
0, 4583, 0.75
0, 4584, 0.75
0, 4585, 0.75
0, 4586, 0.75
0, 4587, 0.75
0, 4588, 0.75
0, 4589, 0.75
0, 4590, 0.75
0, 4591, 0.75
0, 4592, 0.75
0, 4593, 0.75
0, 4594, 0.75
0, 4595, 0.75
0, 4596, 0.75
0, 4597, 0.75
0, 4598, 1.0
0, 4599, 1.25
0, 4600, 1.0
0, 4601, 0.75
0, 4602, 0.75
0, 4603, 0.75
0, 4604, 0.75
0, 4605, 1.0
0, 4606, 1.25
0, 4607, 1.5
0, 4608, 1.75
0, 4609, 2.0
0, 4610, 2.25
0, 4611, 2.5
0, 4612, 2.75
0, 4613, 3.0
0, 4614, 3.25
0, 4615, 3.5
0, 4616, 3.75
0, 4617, 4.0
0, 4618, 4.25
0, 4619, 4.5
0, 4620, 4.75
0, 4621, 5.0
0, 4622, 5.25
0, 4623, 5.5
0, 4624, 5.75
0, 4625, 6.0
0, 4626, 6.25
0, 4627, 6.5
0, 4628, 6.75
0, 4629, 7.0
0, 4630, 7.25
0, 4631, 7.5
0, 4632, 7.75
0, 4633, 8.0
0, 4634, 8.25
0, 4635, 8.5
0, 4636, 8.75
0, 4637, 9.0
0, 4638, 9.25
0, 4639, 9.5
0, 4640, 9.75
0, 4641, 10.0
0, 4642, 10.25
0, 4643, 10.5
0, 4644, 10.75
0, 4645, 11.0
0, 4646, 11.25
0, 4647, 11.5
0, 4648, 11.75
0, 4649, 12.0
0, 4650, 12.25
0, 4651, 12.5
0, 4652, 12.75
0, 4653, 13.0
0, 4654, 13.25
0, 4655, 13.5
0, 4656, 13.25
0, 4657, 13.0
0, 4658, 12.75
0, 4659, 12.5
0, 4660, 12.25
0, 4661, 12.5
0, 4662, 12.75
0, 4663, 12.5
0, 4664, 12.25
0, 4665, 12.0
0, 4666, 11.75
0, 4667, 11.5
0, 4668, 11.25
0, 4669, 11.0
0, 4670, 10.75
0, 4671, 10.5
0, 4672, 10.25
0, 4673, 10.0
0, 4674, 9.75
0, 4675, 9.5
0, 4676, 9.25
0, 4677, 9.0
0, 4678, 8.75
0, 4679, 8.5
0, 4680, 8.25
0, 4681, 8.0
0, 4682, 7.75
0, 4683, 7.5
0, 4684, 7.25
0, 4685, 7.0
0, 4686, 6.75
0, 4687, 6.5
0, 4688, 6.25
0, 4689, 6.0
0, 4690, 5.75
0, 4691, 5.5
0, 4692, 5.25
0, 4693, 5.0
0, 4694, 4.75
0, 4695, 4.5
0, 4696, 4.25
0, 4697, 4.0
0, 4698, 3.75
0, 4699, 3.5
0, 4700, 3.25
0, 4701, 3.0
0, 4702, 2.75
0, 4703, 3.0
0, 4704, 2.75
0, 4705, 2.5
0, 4706, 2.25
0, 4707, 2.5
0, 4708, 2.25
0, 4709, 2.5
0, 4710, 2.75
0, 4711, 3.0
0, 4712, 3.25
0, 4713, 3.5
0, 4714, 3.75
0, 4715, 4.0
0, 4716, 4.25
0, 4717, 4.5
0, 4718, 4.75
0, 4719, 5.0
0, 4720, 5.25
0, 4721, 5.5
0, 4722, 5.75
0, 4723, 6.0
0, 4724, 6.25
0, 4725, 6.5
0, 4726, 6.75
0, 4727, 7.0
0, 4728, 7.25
0, 4729, 7.5
0, 4730, 7.75
0, 4731, 8.0
0, 4732, 8.25
0, 4733, 8.5
0, 4734, 8.75
0, 4735, 9.0
0, 4736, 9.25
0, 4737, 9.5
0, 4738, 9.75
0, 4739, 10.0
0, 4740, 10.25
0, 4741, 10.5
0, 4742, 10.75
0, 4743, 11.0
0, 4744, 11.25
0, 4745, 11.5
0, 4746, 11.75
0, 4747, 12.0
0, 4748, 12.25
0, 4749, 12.5
0, 4750, 12.75
0, 4751, 13.0
0, 4752, 13.25
0, 4753, 13.5
0, 4754, 13.75
0, 4755, 14.0
0, 4756, 14.25
0, 4757, 14.5
0, 4758, 14.75
0, 4759, 15.0
0, 4760, 15.25
0, 4761, 15.5
0, 4762, 15.75
0, 4763, 16.0
0, 4764, 16.25
0, 4765, 16.5
0, 4766, 16.75
0, 4767, 17.0
0, 4768, 17.25
0, 4769, 17.5
0, 4770, 17.75
0, 4771, 18.0
0, 4772, 18.25
0, 4773, 18.5
0, 4774, 18.75
0, 4775, 19.0
0, 4776, 19.25
0, 4777, 19.5
0, 4778, 19.75
0, 4779, 20.0
0, 4780, 20.25
0, 4781, 20.5
0, 4782, 20.75
0, 4783, 21.0
0, 4784, 21.25
0, 4785, 21.5
0, 4786, 21.75
0, 4787, 22.0
0, 4788, 22.25
0, 4789, 22.0
0, 4790, 21.75
0, 4791, 21.5
0, 4792, 21.25
0, 4793, 21.0
0, 4794, 20.75
0, 4795, 20.5
0, 4796, 20.25
0, 4797, 20.0
0, 4798, 19.75
0, 4799, 19.5
0, 4800, 19.25
0, 4801, 19.0
0, 4802, 18.75
0, 4803, 18.5
0, 4804, 18.25
0, 4805, 18.0
0, 4806, 17.75
0, 4807, 17.5
0, 4808, 17.25
0, 4809, 17.0
0, 4810, 16.75
0, 4811, 16.5
0, 4812, 16.25
0, 4813, 16.0
0, 4814, 15.75
0, 4815, 15.5
0, 4816, 15.25
0, 4817, 15.0
0, 4818, 14.75
0, 4819, 14.5
0, 4820, 14.25
0, 4821, 14.0
0, 4822, 13.75
0, 4823, 13.5
0, 4824, 13.25
0, 4825, 13.0
0, 4826, 12.75
0, 4827, 12.5
0, 4828, 12.25
0, 4829, 12.0
0, 4830, 11.75
0, 4831, 11.5
0, 4832, 11.25
0, 4833, 11.0
0, 4834, 10.75
0, 4835, 10.5
0, 4836, 10.25
0, 4837, 10.0
0, 4838, 9.75
0, 4839, 9.5
0, 4840, 9.25
0, 4841, 9.0
0, 4842, 8.75
0, 4843, 8.5
0, 4844, 8.25
0, 4845, 8.0
0, 4846, 7.75
0, 4847, 7.5
0, 4848, 7.25
0, 4849, 7.0
0, 4850, 6.75
0, 4851, 6.5
0, 4852, 6.25
0, 4853, 6.0
0, 4854, 5.75
0, 4855, 5.5
0, 4856, 5.25
0, 4857, 5.0
0, 4858, 4.75
0, 4859, 4.5
0, 4860, 4.25
0, 4861, 4.0
0, 4862, 3.75
0, 4863, 3.5
0, 4864, 3.25
0, 4865, 3.0
0, 4866, 2.75
0, 4867, 2.5
0, 4868, 2.25
0, 4869, 2.0
0, 4870, 1.75
0, 4871, 1.5
0, 4872, 1.25
0, 4873, 1.0
0, 4874, 0.75
0, 4875, 0.75
0, 4876, 0.75
0, 4877, 1.0
0, 4878, 1.25
0, 4879, 1.5
0, 4880, 1.75
0, 4881, 2.0
0, 4882, 2.25
0, 4883, 2.5
0, 4884, 2.75
0, 4885, 3.0
0, 4886, 3.25
0, 4887, 3.5
0, 4888, 3.75
0, 4889, 4.0
0, 4890, 4.25
0, 4891, 4.5
0, 4892, 4.75
0, 4893, 5.0
0, 4894, 5.25
0, 4895, 5.5
0, 4896, 5.75
0, 4897, 6.0
0, 4898, 6.25
0, 4899, 6.5
0, 4900, 6.75
0, 4901, 7.0
0, 4902, 7.25
0, 4903, 7.5
0, 4904, 7.75
0, 4905, 8.0
0, 4906, 8.25
0, 4907, 8.5
0, 4908, 8.75
0, 4909, 9.0
0, 4910, 9.25
0, 4911, 9.5
0, 4912, 9.75
0, 4913, 10.0
0, 4914, 10.25
0, 4915, 10.5
0, 4916, 10.75
0, 4917, 11.0
0, 4918, 11.25
0, 4919, 11.5
0, 4920, 11.75
0, 4921, 12.0
0, 4922, 12.25
0, 4923, 12.5
0, 4924, 12.75
0, 4925, 13.0
0, 4926, 13.25
0, 4927, 13.5
0, 4928, 13.75
0, 4929, 14.0
0, 4930, 14.25
0, 4931, 14.5
0, 4932, 14.75
0, 4933, 15.0
0, 4934, 15.25
0, 4935, 15.5
0, 4936, 15.75
0, 4937, 16.0
0, 4938, 16.25
0, 4939, 16.5
0, 4940, 16.75
0, 4941, 17.0
0, 4942, 17.25
0, 4943, 17.5
0, 4944, 17.75
0, 4945, 18.0
0, 4946, 18.25
0, 4947, 18.5
0, 4948, 18.75
0, 4949, 19.0
0, 4950, 19.25
0, 4951, 19.5
0, 4952, 19.75
0, 4953, 20.0
0, 4954, 20.25
0, 4955, 20.5
0, 4956, 20.75
0, 4957, 21.0
0, 4958, 21.25
0, 4959, 21.5
0, 4960, 21.75
0, 4961, 22.0
0, 4962, 22.25
0, 4963, 22.5
0, 4964, 22.75
0, 4965, 23.0
0, 4966, 23.25
0, 4967, 23.5
0, 4968, 23.75
0, 4969, 24.0
0, 4970, 23.75
0, 4971, 23.5
0, 4972, 23.25
0, 4973, 23.0
0, 4974, 22.75
0, 4975, 22.5
0, 4976, 22.25
0, 4977, 22.0
0, 4978, 21.75
0, 4979, 21.5
0, 4980, 21.25
0, 4981, 21.0
0, 4982, 20.75
0, 4983, 20.5
0, 4984, 20.25
0, 4985, 20.0
0, 4986, 19.75
0, 4987, 19.5
0, 4988, 19.25
0, 4989, 19.0
0, 4990, 18.75
0, 4991, 18.5
0, 4992, 18.25
0, 4993, 18.0
0, 4994, 17.75
0, 4995, 17.5
0, 4996, 17.25
0, 4997, 17.0
0, 4998, 16.75
0, 4999, 16.5
