Replication, Day, Arrival Amount
0, 0, 30.0
0, 1, 30.25
0, 2, 30.5
0, 3, 30.75
0, 4, 31.0
0, 5, 31.25
0, 6, 31.5
0, 7, 31.75
0, 8, 32.0
0, 9, 32.25
0, 10, 32.5
0, 11, 32.75
0, 12, 33.0
0, 13, 33.25
0, 14, 33.5
0, 15, 33.75
0, 16, 34.0
0, 17, 34.25
0, 18, 34.5
0, 19, 34.75
0, 20, 35.0
0, 21, 35.25
0, 22, 35.5
0, 23, 35.75
0, 24, 36.0
0, 25, 36.25
0, 26, 36.5
0, 27, 36.75
0, 28, 37.0
0, 29, 37.25
0, 30, 37.5
0, 31, 37.75
0, 32, 38.0
0, 33, 38.25
0, 34, 38.5
0, 35, 38.75
0, 36, 39.0
0, 37, 39.25
0, 38, 39.5
0, 39, 39.75
0, 40, 40.0
0, 41, 40.25
0, 42, 40.5
0, 43, 40.75
0, 44, 41.0
0, 45, 41.25
0, 46, 41.5
0, 47, 41.75
0, 48, 42.0
0, 49, 42.25
0, 50, 42.5
0, 51, 42.75
0, 52, 43.0
0, 53, 43.25
0, 54, 43.5
0, 55, 43.75
0, 56, 44.0
0, 57, 44.25
0, 58, 44.5
0, 59, 44.75
0, 60, 45.0
0, 61, 45.25
0, 62, 45.5
0, 63, 45.75
0, 64, 45.5
0, 65, 45.25
0, 66, 45.0
0, 67, 44.75
0, 68, 44.5
0, 69, 44.25
0, 70, 44.0
0, 71, 43.75
0, 72, 43.5
0, 73, 43.25
0, 74, 43.0
0, 75, 42.75
0, 76, 42.5
0, 77, 42.25
0, 78, 42.0
0, 79, 41.75
0, 80, 41.5
0, 81, 41.25
0, 82, 41.0
0, 83, 40.75
0, 84, 40.5
0, 85, 40.25
0, 86, 40.0
0, 87, 39.75
0, 88, 39.5
0, 89, 39.25
0, 90, 39.0
0, 91, 38.75
0, 92, 38.5
0, 93, 38.25
0, 94, 38.0
0, 95, 37.75
0, 96, 37.5
0, 97, 37.25
0, 98, 37.0
0, 99, 36.75
0, 100, 36.5
0, 101, 36.25
0, 102, 36.0
0, 103, 35.75
0, 104, 35.5
0, 105, 35.25
0, 106, 35.0
0, 107, 34.75
0, 108, 34.5
0, 109, 34.25
0, 110, 34.0
0, 111, 33.75
0, 112, 33.5
0, 113, 33.25
0, 114, 33.0
0, 115, 32.75
0, 116, 32.5
0, 117, 32.25
0, 118, 32.0
0, 119, 31.75
0, 120, 31.5
0, 121, 31.25
0, 122, 31.0
0, 123, 30.75
0, 124, 30.5
0, 125, 30.25
0, 126, 30.0
0, 127, 29.75
0, 128, 29.5
0, 129, 29.25
0, 130, 29.0
0, 131, 28.75
0, 132, 28.5
0, 133, 28.25
0, 134, 28.0
0, 135, 27.75
0, 136, 27.5
0, 137, 27.25
0, 138, 27.0
0, 139, 26.75
0, 140, 26.5
0, 141, 26.25
0, 142, 26.0
0, 143, 25.75
0, 144, 25.5
0, 145, 25.25
0, 146, 25.0
0, 147, 24.75
0, 148, 24.5
0, 149, 24.25
0, 150, 24.0
0, 151, 23.75
0, 152, 23.5
0, 153, 23.25
0, 154, 23.0
0, 155, 22.75
0, 156, 22.5
0, 157, 22.25
0, 158, 22.0
0, 159, 21.75
0, 160, 21.5
0, 161, 21.25
0, 162, 21.0
0, 163, 20.75
0, 164, 20.5
0, 165, 20.25
0, 166, 20.0
0, 167, 19.75
0, 168, 19.5
0, 169, 19.25
0, 170, 19.0
0, 171, 18.75
0, 172, 18.5
0, 173, 18.25
0, 174, 18.0
0, 175, 17.75
0, 176, 17.5
0, 177, 17.25
0, 178, 17.0
0, 179, 16.75
0, 180, 16.5
0, 181, 16.25
0, 182, 16.0
0, 183, 15.75
0, 184, 15.5
0, 185, 15.25
0, 186, 15.0
0, 187, 14.75
0, 188, 14.5
0, 189, 14.25
0, 190, 14.0
0, 191, 13.75
0, 192, 13.5
0, 193, 13.25
0, 194, 13.0
0, 195, 12.75
0, 196, 12.5
0, 197, 12.25
0, 198, 12.0
0, 199, 11.75
0, 200, 11.5
0, 201, 11.25
0, 202, 11.0
0, 203, 10.75
0, 204, 10.5
0, 205, 10.25
0, 206, 10.0
0, 207, 9.75
0, 208, 9.5
0, 209, 9.25
0, 210, 9.0
0, 211, 8.75
0, 212, 8.5
0, 213, 8.25
0, 214, 8.0
0, 215, 7.75
0, 216, 7.5
0, 217, 7.25
0, 218, 7.0
0, 219, 6.75
0, 220, 6.5
0, 221, 6.25
0, 222, 6.0
0, 223, 5.75
0, 224, 5.5
0, 225, 5.25
0, 226, 5.0
0, 227, 4.75
0, 228, 4.5
0, 229, 4.25
0, 230, 4.0
0, 231, 3.75
0, 232, 3.5
0, 233, 3.25
0, 234, 3.0
0, 235, 2.75
0, 236, 2.5
0, 237, 2.25
0, 238, 2.0
0, 239, 1.75
0, 240, 1.5
0, 241, 1.25
0, 242, 1.0
0, 243, 0.75
0, 244, 0.75
0, 245, 0.75
0, 246, 0.75
0, 247, 0.75
0, 248, 0.75
0, 249, 0.75
0, 250, 0.75
0, 251, 1.0
0, 252, 1.25
0, 253, 1.5
0, 254, 1.75
0, 255, 2.0
0, 256, 2.25
0, 257, 2.5
0, 258, 2.75
0, 259, 3.0
0, 260, 3.25
0, 261, 3.5
0, 262, 3.75
0, 263, 4.0
0, 264, 4.25
0, 265, 4.5
0, 266, 4.75
0, 267, 5.0
0, 268, 5.25
0, 269, 5.5
0, 270, 5.75
0, 271, 6.0
0, 272, 6.25
0, 273, 6.5
0, 274, 6.75
0, 275, 7.0
0, 276, 7.25
0, 277, 7.5
0, 278, 7.75
0, 279, 8.0
0, 280, 8.25
0, 281, 8.5
0, 282, 8.75
0, 283, 9.0
0, 284, 9.25
0, 285, 9.5
0, 286, 9.75
0, 287, 10.0
0, 288, 10.25
0, 289, 10.5
0, 290, 10.75
0, 291, 11.0
0, 292, 11.25
0, 293, 11.5
0, 294, 11.75
0, 295, 12.0
0, 296, 12.25
0, 297, 12.5
0, 298, 12.75
0, 299, 13.0
0, 300, 13.25
0, 301, 13.5
0, 302, 13.75
0, 303, 14.0
0, 304, 14.25
0, 305, 14.5
0, 306, 14.75
0, 307, 15.0
0, 308, 15.25
0, 309, 15.5
0, 310, 15.75
0, 311, 16.0
0, 312, 16.25
0, 313, 16.5
0, 314, 16.75
0, 315, 17.0
0, 316, 17.25
0, 317, 17.5
0, 318, 17.75
0, 319, 18.0
0, 320, 18.25
0, 321, 18.5
0, 322, 18.75
0, 323, 19.0
0, 324, 19.25
0, 325, 19.5
0, 326, 19.75
0, 327, 20.0
0, 328, 20.25
0, 329, 20.5
0, 330, 20.75
0, 331, 21.0
0, 332, 21.25
0, 333, 21.5
0, 334, 21.75
0, 335, 22.0
0, 336, 22.25
0, 337, 22.5
0, 338, 22.75
0, 339, 23.0
0, 340, 23.25
0, 341, 23.5
0, 342, 23.75
0, 343, 24.0
0, 344, 24.25
0, 345, 24.5
0, 346, 24.75
0, 347, 25.0
0, 348, 25.25
0, 349, 25.5
0, 350, 25.75
0, 351, 26.0
0, 352, 26.25
0, 353, 26.5
0, 354, 26.75
0, 355, 27.0
0, 356, 27.25
0, 357, 27.5
0, 358, 27.75
0, 359, 28.0
0, 360, 28.25
0, 361, 28.5
0, 362, 28.75
0, 363, 29.0
0, 364, 29.25
0, 365, 29.5
0, 366, 29.75
0, 367, 30.0
0, 368, 30.25
0, 369, 30.5
0, 370, 30.75
0, 371, 31.0
0, 372, 31.25
0, 373, 31.5
0, 374, 31.75
0, 375, 32.0
0, 376, 32.25
0, 377, 32.5
0, 378, 32.75
0, 379, 33.0
0, 380, 33.25
0, 381, 33.5
0, 382, 33.75
0, 383, 34.0
0, 384, 34.25
0, 385, 34.5
0, 386, 34.75
0, 387, 35.0
0, 388, 35.25
0, 389, 35.5
0, 390, 35.75
0, 391, 36.0
0, 392, 36.25
0, 393, 36.0
0, 394, 35.75
0, 395, 35.5
0, 396, 35.25
0, 397, 35.0
0, 398, 34.75
0, 399, 34.5
0, 400, 34.25
0, 401, 34.0
0, 402, 33.75
0, 403, 33.5
0, 404, 33.25
0, 405, 33.0
0, 406, 32.75
0, 407, 32.5
0, 408, 32.25
0, 409, 32.0
0, 410, 31.75
0, 411, 31.5
0, 412, 31.25
0, 413, 31.0
0, 414, 30.75
0, 415, 30.5
0, 416, 30.25
0, 417, 30.0
0, 418, 29.75
0, 419, 29.5
0, 420, 29.25
0, 421, 29.0
0, 422, 28.75
0, 423, 28.5
0, 424, 28.25
0, 425, 28.0
0, 426, 27.75
0, 427, 27.5
0, 428, 27.25
0, 429, 27.0
0, 430, 26.75
0, 431, 26.5
0, 432, 26.25
0, 433, 26.0
0, 434, 25.75
0, 435, 25.5
0, 436, 25.25
0, 437, 25.0
0, 438, 24.75
0, 439, 24.5
0, 440, 24.25
0, 441, 24.0
0, 442, 23.75
0, 443, 23.5
0, 444, 23.25
0, 445, 23.0
0, 446, 22.75
0, 447, 22.5
0, 448, 22.25
0, 449, 22.0
0, 450, 21.75
0, 451, 21.5
0, 452, 21.25
0, 453, 21.0
0, 454, 20.75
0, 455, 20.5
0, 456, 20.25
0, 457, 20.0
0, 458, 19.75
0, 459, 19.5
0, 460, 19.25
0, 461, 19.0
0, 462, 18.75
0, 463, 18.5
0, 464, 18.25
0, 465, 18.0
0, 466, 17.75
0, 467, 17.5
0, 468, 17.25
0, 469, 17.0
0, 470, 16.75
0, 471, 16.5
0, 472, 16.25
0, 473, 16.0
0, 474, 15.75
0, 475, 15.5
0, 476, 15.25
0, 477, 15.0
0, 478, 14.75
0, 479, 14.5
0, 480, 14.25
0, 481, 14.0
0, 482, 13.75
0, 483, 13.5
0, 484, 13.25
0, 485, 13.0
0, 486, 12.75
0, 487, 12.5
0, 488, 12.25
0, 489, 12.0
0, 490, 11.75
0, 491, 11.5
0, 492, 11.25
0, 493, 11.0
0, 494, 10.75
0, 495, 10.5
0, 496, 10.25
0, 497, 10.0
0, 498, 9.75
0, 499, 9.5
0, 500, 9.25
0, 501, 9.0
0, 502, 8.75
0, 503, 8.5
0, 504, 8.25
0, 505, 8.0
0, 506, 7.75
0, 507, 7.5
0, 508, 7.25
0, 509, 7.0
0, 510, 6.75
0, 511, 6.5
0, 512, 6.25
0, 513, 6.0
0, 514, 5.75
0, 515, 5.5
0, 516, 5.25
0, 517, 5.0
0, 518, 4.75
0, 519, 4.5
0, 520, 4.25
0, 521, 4.0
0, 522, 3.75
0, 523, 3.5
0, 524, 3.25
0, 525, 3.0
0, 526, 2.75
0, 527, 2.5
0, 528, 2.25
0, 529, 2.0
0, 530, 1.75
0, 531, 1.5
0, 532, 1.25
0, 533, 1.0
0, 534, 0.75
0, 535, 0.75
0, 536, 0.75
0, 537, 0.75
0, 538, 0.75
0, 539, 0.75
0, 540, 0.75
0, 541, 0.75
0, 542, 0.75
0, 543, 0.75
0, 544, 0.75
0, 545, 0.75
0, 546, 0.75
0, 547, 0.75
0, 548, 0.75
0, 549, 0.75
0, 550, 0.75
0, 551, 0.75
0, 552, 0.75
0, 553, 0.75
0, 554, 0.75
0, 555, 0.75
0, 556, 0.75
0, 557, 0.75
0, 558, 0.75
0, 559, 0.75
0, 560, 0.75
0, 561, 0.75
0, 562, 0.75
0, 563, 0.75
0, 564, 0.75
0, 565, 0.75
0, 566, 0.75
0, 567, 0.75
0, 568, 0.75
0, 569, 0.75
0, 570, 0.75
0, 571, 0.75
0, 572, 0.75
0, 573, 0.75
0, 574, 0.75
0, 575, 0.75
0, 576, 0.75
0, 577, 0.75
0, 578, 0.75
0, 579, 0.75
0, 580, 0.75
0, 581, 0.75
0, 582, 0.75
0, 583, 0.75
0, 584, 0.75
0, 585, 0.75
0, 586, 0.75
0, 587, 0.75
0, 588, 0.75
0, 589, 0.75
0, 590, 0.75
0, 591, 0.75
0, 592, 0.75
0, 593, 0.75
0, 594, 0.75
0, 595, 0.75
0, 596, 0.75
0, 597, 0.75
0, 598, 0.75
0, 599, 0.75
0, 600, 0.75
0, 601, 0.75
0, 602, 0.75
0, 603, 0.75
0, 604, 0.75
0, 605, 0.75
0, 606, 0.75
0, 607, 0.75
0, 608, 0.75
0, 609, 0.75
0, 610, 0.75
0, 611, 0.75
0, 612, 0.75
0, 613, 0.75
0, 614, 0.75
0, 615, 0.75
0, 616, 0.75
0, 617, 0.75
0, 618, 0.75
0, 619, 0.75
0, 620, 0.75
0, 621, 0.75
0, 622, 0.75
0, 623, 0.75
0, 624, 0.75
0, 625, 0.75
0, 626, 0.75
0, 627, 0.75
0, 628, 0.75
0, 629, 0.75
0, 630, 0.75
0, 631, 0.75
0, 632, 0.75
0, 633, 0.75
0, 634, 0.75
0, 635, 0.75
0, 636, 0.75
0, 637, 0.75
0, 638, 0.75
0, 639, 0.75
0, 640, 0.75
0, 641, 0.75
0, 642, 0.75
0, 643, 0.75
0, 644, 0.75
0, 645, 0.75
0, 646, 0.75
0, 647, 0.75
0, 648, 0.75
0, 649, 0.75
0, 650, 0.75
0, 651, 0.75
0, 652, 0.75
0, 653, 0.75
0, 654, 0.75
0, 655, 0.75
0, 656, 0.75
0, 657, 0.75
0, 658, 0.75
0, 659, 0.75
0, 660, 0.75
0, 661, 0.75
0, 662, 0.75
0, 663, 0.75
0, 664, 0.75
0, 665, 0.75
0, 666, 0.75
0, 667, 0.75
0, 668, 0.75
0, 669, 0.75
0, 670, 0.75
0, 671, 0.75
0, 672, 0.75
0, 673, 0.75
0, 674, 0.75
0, 675, 0.75
0, 676, 0.75
0, 677, 0.75
0, 678, 0.75
0, 679, 0.75
0, 680, 0.75
0, 681, 0.75
0, 682, 0.75
0, 683, 0.75
0, 684, 0.75
0, 685, 0.75
0, 686, 0.75
0, 687, 0.75
0, 688, 0.75
0, 689, 0.75
0, 690, 0.75
0, 691, 0.75
0, 692, 0.75
0, 693, 0.75
0, 694, 0.75
0, 695, 0.75
0, 696, 0.75
0, 697, 0.75
0, 698, 0.75
0, 699, 0.75
0, 700, 0.75
0, 701, 0.75
0, 702, 0.75
0, 703, 0.75
0, 704, 0.75
0, 705, 0.75
0, 706, 0.75
0, 707, 0.75
0, 708, 0.75
0, 709, 0.75
0, 710, 0.75
0, 711, 0.75
0, 712, 0.75
0, 713, 0.75
0, 714, 0.75
0, 715, 0.75
0, 716, 0.75
0, 717, 0.75
0, 718, 0.75
0, 719, 0.75
0, 720, 0.75
0, 721, 0.75
0, 722, 0.75
0, 723, 0.75
0, 724, 0.75
0, 725, 0.75
0, 726, 0.75
0, 727, 0.75
0, 728, 0.75
0, 729, 0.75
0, 730, 0.75
0, 731, 0.75
0, 732, 0.75
0, 733, 0.75
0, 734, 0.75
0, 735, 0.75
0, 736, 0.75
0, 737, 0.75
0, 738, 0.75
0, 739, 0.75
0, 740, 0.75
0, 741, 0.75
0, 742, 0.75
0, 743, 0.75
0, 744, 0.75
0, 745, 0.75
0, 746, 0.75
0, 747, 0.75
0, 748, 0.75
0, 749, 0.75
0, 750, 0.75
0, 751, 0.75
0, 752, 0.75
0, 753, 0.75
0, 754, 0.75
0, 755, 0.75
0, 756, 0.75
0, 757, 0.75
0, 758, 0.75
0, 759, 0.75
0, 760, 0.75
0, 761, 0.75
0, 762, 0.75
0, 763, 0.75
0, 764, 0.75
0, 765, 0.75
0, 766, 0.75
0, 767, 0.75
0, 768, 0.75
0, 769, 0.75
0, 770, 0.75
0, 771, 0.75
0, 772, 0.75
0, 773, 0.75
0, 774, 0.75
0, 775, 0.75
0, 776, 0.75
0, 777, 0.75
0, 778, 0.75
0, 779, 0.75
0, 780, 0.75
0, 781, 0.75
0, 782, 0.75
0, 783, 0.75
0, 784, 0.75
0, 785, 0.75
0, 786, 0.75
0, 787, 0.75
0, 788, 0.75
0, 789, 0.75
0, 790, 0.75
0, 791, 0.75
0, 792, 0.75
0, 793, 0.75
0, 794, 0.75
0, 795, 0.75
0, 796, 0.75
0, 797, 0.75
0, 798, 0.75
0, 799, 0.75
0, 800, 0.75
0, 801, 0.75
0, 802, 0.75
0, 803, 0.75
0, 804, 0.75
0, 805, 0.75
0, 806, 0.75
0, 807, 0.75
0, 808, 0.75
0, 809, 0.75
0, 810, 0.75
0, 811, 0.75
0, 812, 0.75
0, 813, 0.75
0, 814, 0.75
0, 815, 0.75
0, 816, 0.75
0, 817, 0.75
0, 818, 0.75
0, 819, 0.75
0, 820, 0.75
0, 821, 0.75
0, 822, 0.75
0, 823, 0.75
0, 824, 0.75
0, 825, 0.75
0, 826, 0.75
0, 827, 0.75
0, 828, 0.75
0, 829, 0.75
0, 830, 0.75
0, 831, 0.75
0, 832, 0.75
0, 833, 0.75
0, 834, 0.75
0, 835, 0.75
0, 836, 0.75
0, 837, 0.75
0, 838, 0.75
0, 839, 0.75
0, 840, 0.75
0, 841, 0.75
0, 842, 0.75
0, 843, 0.75
0, 844, 0.75
0, 845, 0.75
0, 846, 0.75
0, 847, 0.75
0, 848, 0.75
0, 849, 0.75
0, 850, 0.75
0, 851, 0.75
0, 852, 0.75
0, 853, 0.75
0, 854, 0.75
0, 855, 0.75
0, 856, 0.75
0, 857, 0.75
0, 858, 0.75
0, 859, 0.75
0, 860, 0.75
0, 861, 0.75
0, 862, 0.75
0, 863, 0.75
0, 864, 0.75
0, 865, 0.75
0, 866, 0.75
0, 867, 0.75
0, 868, 0.75
0, 869, 0.75
0, 870, 0.75
0, 871, 0.75
0, 872, 0.75
0, 873, 0.75
0, 874, 0.75
0, 875, 0.75
0, 876, 0.75
0, 877, 0.75
0, 878, 0.75
0, 879, 0.75
0, 880, 0.75
0, 881, 0.75
0, 882, 0.75
0, 883, 0.75
0, 884, 0.75
0, 885, 0.75
0, 886, 0.75
0, 887, 0.75
0, 888, 0.75
0, 889, 0.75
0, 890, 0.75
0, 891, 0.75
0, 892, 0.75
0, 893, 0.75
0, 894, 0.75
0, 895, 0.75
0, 896, 0.75
0, 897, 0.75
0, 898, 0.75
0, 899, 0.75
0, 900, 0.75
0, 901, 0.75
0, 902, 0.75
0, 903, 0.75
0, 904, 0.75
0, 905, 0.75
0, 906, 0.75
0, 907, 0.75
0, 908, 0.75
0, 909, 0.75
0, 910, 0.75
0, 911, 0.75
0, 912, 0.75
0, 913, 0.75
0, 914, 0.75
0, 915, 0.75
0, 916, 0.75
0, 917, 0.75
0, 918, 0.75
0, 919, 0.75
0, 920, 0.75
0, 921, 0.75
0, 922, 0.75
0, 923, 0.75
0, 924, 0.75
0, 925, 0.75
0, 926, 0.75
0, 927, 0.75
0, 928, 0.75
0, 929, 0.75
0, 930, 0.75
0, 931, 0.75
0, 932, 0.75
0, 933, 0.75
0, 934, 0.75
0, 935, 0.75
0, 936, 0.75
0, 937, 0.75
0, 938, 0.75
0, 939, 0.75
0, 940, 0.75
0, 941, 0.75
0, 942, 0.75
0, 943, 0.75
0, 944, 0.75
0, 945, 0.75
0, 946, 0.75
0, 947, 0.75
0, 948, 0.75
0, 949, 0.75
0, 950, 0.75
0, 951, 0.75
0, 952, 0.75
0, 953, 0.75
0, 954, 0.75
0, 955, 0.75
0, 956, 0.75
0, 957, 0.75
0, 958, 0.75
0, 959, 0.75
0, 960, 0.75
0, 961, 0.75
0, 962, 0.75
0, 963, 0.75
0, 964, 0.75
0, 965, 0.75
0, 966, 0.75
0, 967, 0.75
0, 968, 0.75
0, 969, 0.75
0, 970, 0.75
0, 971, 0.75
0, 972, 0.75
0, 973, 0.75
0, 974, 0.75
0, 975, 0.75
0, 976, 0.75
0, 977, 0.75
0, 978, 0.75
0, 979, 0.75
0, 980, 0.75
0, 981, 0.75
0, 982, 0.75
0, 983, 0.75
0, 984, 0.75
0, 985, 0.75
0, 986, 0.75
0, 987, 0.75
0, 988, 0.75
0, 989, 0.75
0, 990, 0.75
0, 991, 0.75
0, 992, 0.75
0, 993, 0.75
0, 994, 0.75
0, 995, 0.75
0, 996, 0.75
0, 997, 0.75
0, 998, 0.75
0, 999, 0.75
0, 1000, 0.75
0, 1001, 0.75
0, 1002, 0.75
0, 1003, 0.75
0, 1004, 0.75
0, 1005, 0.75
0, 1006, 0.75
0, 1007, 0.75
0, 1008, 0.75
0, 1009, 0.75
0, 1010, 0.75
0, 1011, 0.75
0, 1012, 0.75
0, 1013, 0.75
0, 1014, 0.75
0, 1015, 0.75
0, 1016, 0.75
0, 1017, 0.75
0, 1018, 0.75
0, 1019, 0.75
0, 1020, 0.75
0, 1021, 0.75
0, 1022, 0.75
0, 1023, 0.75
0, 1024, 0.75
0, 1025, 0.75
0, 1026, 0.75
0, 1027, 0.75
0, 1028, 0.75
0, 1029, 0.75
0, 1030, 0.75
0, 1031, 0.75
0, 1032, 0.75
0, 1033, 0.75
0, 1034, 0.75
0, 1035, 0.75
0, 1036, 0.75
0, 1037, 0.75
0, 1038, 0.75
0, 1039, 0.75
0, 1040, 0.75
0, 1041, 0.75
0, 1042, 0.75
0, 1043, 0.75
0, 1044, 0.75
0, 1045, 0.75
0, 1046, 0.75
0, 1047, 0.75
0, 1048, 0.75
0, 1049, 0.75
0, 1050, 0.75
0, 1051, 0.75
0, 1052, 0.75
0, 1053, 0.75
0, 1054, 0.75
0, 1055, 0.75
0, 1056, 0.75
0, 1057, 0.75
0, 1058, 0.75
0, 1059, 0.75
0, 1060, 0.75
0, 1061, 0.75
0, 1062, 0.75
0, 1063, 0.75
0, 1064, 0.75
0, 1065, 0.75
0, 1066, 0.75
0, 1067, 0.75
0, 1068, 0.75
0, 1069, 0.75
0, 1070, 0.75
0, 1071, 0.75
0, 1072, 0.75
0, 1073, 0.75
0, 1074, 0.75
0, 1075, 0.75
0, 1076, 0.75
0, 1077, 0.75
0, 1078, 0.75
0, 1079, 0.75
0, 1080, 0.75
0, 1081, 0.75
0, 1082, 0.75
0, 1083, 0.75
0, 1084, 0.75
0, 1085, 0.75
0, 1086, 0.75
0, 1087, 0.75
0, 1088, 0.75
0, 1089, 0.75
0, 1090, 0.75
0, 1091, 0.75
0, 1092, 0.75
0, 1093, 0.75
0, 1094, 0.75
0, 1095, 0.75
0, 1096, 0.75
0, 1097, 0.75
0, 1098, 0.75
0, 1099, 0.75
0, 1100, 0.75
0, 1101, 0.75
0, 1102, 0.75
0, 1103, 0.75
0, 1104, 0.75
0, 1105, 0.75
0, 1106, 0.75
0, 1107, 0.75
0, 1108, 0.75
0, 1109, 0.75
0, 1110, 0.75
0, 1111, 0.75
0, 1112, 0.75
0, 1113, 0.75
0, 1114, 0.75
0, 1115, 0.75
0, 1116, 0.75
0, 1117, 0.75
0, 1118, 0.75
0, 1119, 0.75
0, 1120, 0.75
0, 1121, 0.75
0, 1122, 0.75
0, 1123, 0.75
0, 1124, 0.75
0, 1125, 0.75
0, 1126, 0.75
0, 1127, 0.75
0, 1128, 0.75
0, 1129, 0.75
0, 1130, 0.75
0, 1131, 0.75
0, 1132, 0.75
0, 1133, 0.75
0, 1134, 0.75
0, 1135, 0.75
0, 1136, 0.75
0, 1137, 0.75
0, 1138, 0.75
0, 1139, 0.75
0, 1140, 0.75
0, 1141, 0.75
0, 1142, 0.75
0, 1143, 0.75
0, 1144, 0.75
0, 1145, 0.75
0, 1146, 0.75
0, 1147, 0.75
0, 1148, 0.75
0, 1149, 0.75
0, 1150, 0.75
0, 1151, 0.75
0, 1152, 0.75
0, 1153, 0.75
0, 1154, 0.75
0, 1155, 0.75
0, 1156, 0.75
0, 1157, 0.75
0, 1158, 0.75
0, 1159, 0.75
0, 1160, 0.75
0, 1161, 0.75
0, 1162, 0.75
0, 1163, 0.75
0, 1164, 0.75
0, 1165, 0.75
0, 1166, 0.75
0, 1167, 0.75
0, 1168, 0.75
0, 1169, 0.75
0, 1170, 0.75
0, 1171, 0.75
0, 1172, 0.75
0, 1173, 0.75
0, 1174, 0.75
0, 1175, 0.75
0, 1176, 0.75
0, 1177, 0.75
0, 1178, 0.75
0, 1179, 0.75
0, 1180, 0.75
0, 1181, 0.75
0, 1182, 0.75
0, 1183, 0.75
0, 1184, 0.75
0, 1185, 0.75
0, 1186, 0.75
0, 1187, 0.75
0, 1188, 0.75
0, 1189, 0.75
0, 1190, 0.75
0, 1191, 0.75
0, 1192, 0.75
0, 1193, 0.75
0, 1194, 0.75
0, 1195, 0.75
0, 1196, 0.75
0, 1197, 0.75
0, 1198, 0.75
0, 1199, 0.75
0, 1200, 0.75
0, 1201, 0.75
0, 1202, 0.75
0, 1203, 0.75
0, 1204, 0.75
0, 1205, 0.75
0, 1206, 0.75
0, 1207, 0.75
0, 1208, 0.75
0, 1209, 0.75
0, 1210, 0.75
0, 1211, 0.75
0, 1212, 0.75
0, 1213, 0.75
0, 1214, 0.75
0, 1215, 0.75
0, 1216, 0.75
0, 1217, 0.75
0, 1218, 0.75
0, 1219, 0.75
0, 1220, 0.75
0, 1221, 0.75
0, 1222, 0.75
0, 1223, 0.75
0, 1224, 0.75
0, 1225, 0.75
0, 1226, 0.75
0, 1227, 0.75
0, 1228, 0.75
0, 1229, 0.75
0, 1230, 0.75
0, 1231, 0.75
0, 1232, 0.75
0, 1233, 0.75
0, 1234, 0.75
0, 1235, 0.75
0, 1236, 0.75
0, 1237, 0.75
0, 1238, 0.75
0, 1239, 0.75
0, 1240, 0.75
0, 1241, 0.75
0, 1242, 0.75
0, 1243, 0.75
0, 1244, 0.75
0, 1245, 0.75
0, 1246, 0.75
0, 1247, 0.75
0, 1248, 0.75
0, 1249, 0.75
0, 1250, 0.75
0, 1251, 0.75
0, 1252, 0.75
0, 1253, 0.75
0, 1254, 0.75
0, 1255, 0.75
0, 1256, 0.75
0, 1257, 0.75
0, 1258, 1.0
0, 1259, 1.25
0, 1260, 1.5
0, 1261, 1.25
0, 1262, 1.5
0, 1263, 1.75
0, 1264, 2.0
0, 1265, 2.25
0, 1266, 2.5
0, 1267, 2.75
0, 1268, 3.0
0, 1269, 3.25
0, 1270, 3.5
0, 1271, 3.75
0, 1272, 4.0
0, 1273, 4.25
0, 1274, 4.5
0, 1275, 4.75
0, 1276, 5.0
0, 1277, 5.25
0, 1278, 5.5
0, 1279, 5.75
0, 1280, 6.0
0, 1281, 6.25
0, 1282, 6.5
0, 1283, 6.75
0, 1284, 7.0
0, 1285, 7.25
0, 1286, 7.5
0, 1287, 7.75
0, 1288, 8.0
0, 1289, 8.25
0, 1290, 8.5
0, 1291, 8.75
0, 1292, 9.0
0, 1293, 9.25
0, 1294, 9.5
0, 1295, 9.75
0, 1296, 10.0
0, 1297, 10.25
0, 1298, 10.5
0, 1299, 10.75
0, 1300, 11.0
0, 1301, 11.25
0, 1302, 11.5
0, 1303, 11.75
0, 1304, 12.0
0, 1305, 12.25
0, 1306, 12.5
0, 1307, 12.75
0, 1308, 13.0
0, 1309, 13.25
0, 1310, 13.5
0, 1311, 13.75
0, 1312, 14.0
0, 1313, 14.25
0, 1314, 14.5
0, 1315, 14.75
0, 1316, 15.0
0, 1317, 15.25
0, 1318, 15.5
0, 1319, 15.75
0, 1320, 16.0
0, 1321, 16.25
0, 1322, 16.5
0, 1323, 16.75
0, 1324, 16.5
0, 1325, 16.25
0, 1326, 16.0
0, 1327, 15.75
0, 1328, 15.5
0, 1329, 15.75
0, 1330, 15.5
0, 1331, 15.25
0, 1332, 15.0
0, 1333, 14.75
0, 1334, 14.5
0, 1335, 14.25
0, 1336, 14.0
0, 1337, 13.75
0, 1338, 13.5
0, 1339, 13.25
0, 1340, 13.0
0, 1341, 12.75
0, 1342, 12.5
0, 1343, 12.25
0, 1344, 12.0
0, 1345, 11.75
0, 1346, 11.5
0, 1347, 11.25
0, 1348, 11.0
0, 1349, 10.75
0, 1350, 10.5
0, 1351, 10.25
0, 1352, 10.0
0, 1353, 9.75
0, 1354, 9.5
0, 1355, 9.25
0, 1356, 9.0
0, 1357, 8.75
0, 1358, 8.5
0, 1359, 8.25
0, 1360, 8.0
0, 1361, 7.75
0, 1362, 7.5
0, 1363, 7.25
0, 1364, 7.0
0, 1365, 6.75
0, 1366, 6.5
0, 1367, 6.25
0, 1368, 6.0
0, 1369, 5.75
0, 1370, 5.5
0, 1371, 5.25
0, 1372, 5.0
0, 1373, 4.75
0, 1374, 4.5
0, 1375, 4.25
0, 1376, 4.0
0, 1377, 3.75
0, 1378, 3.5
0, 1379, 3.25
0, 1380, 3.0
0, 1381, 2.75
0, 1382, 2.5
0, 1383, 2.75
0, 1384, 3.0
0, 1385, 3.25
0, 1386, 3.0
0, 1387, 2.75
0, 1388, 2.5
0, 1389, 2.75
0, 1390, 3.0
0, 1391, 3.25
0, 1392, 3.5
0, 1393, 3.75
0, 1394, 4.0
0, 1395, 4.25
0, 1396, 4.5
0, 1397, 4.75
0, 1398, 5.0
0, 1399, 5.25
0, 1400, 5.5
0, 1401, 5.75
0, 1402, 6.0
0, 1403, 6.25
0, 1404, 6.5
0, 1405, 6.75
0, 1406, 7.0
0, 1407, 7.25
0, 1408, 7.5
0, 1409, 7.75
0, 1410, 8.0
0, 1411, 8.25
0, 1412, 8.5
0, 1413, 8.75
0, 1414, 9.0
0, 1415, 9.25
0, 1416, 9.5
0, 1417, 9.75
0, 1418, 10.0
0, 1419, 10.25
0, 1420, 10.5
0, 1421, 10.75
0, 1422, 11.0
0, 1423, 11.25
0, 1424, 11.5
0, 1425, 11.75
0, 1426, 12.0
0, 1427, 12.25
0, 1428, 12.5
0, 1429, 12.75
0, 1430, 13.0
0, 1431, 13.25
0, 1432, 13.5
0, 1433, 13.75
0, 1434, 14.0
0, 1435, 14.25
0, 1436, 14.5
0, 1437, 14.75
0, 1438, 15.0
0, 1439, 15.25
0, 1440, 15.5
0, 1441, 15.75
0, 1442, 16.0
0, 1443, 16.25
0, 1444, 16.5
0, 1445, 16.75
0, 1446, 17.0
0, 1447, 17.25
0, 1448, 17.5
0, 1449, 17.75
0, 1450, 18.0
0, 1451, 18.25
0, 1452, 18.5
0, 1453, 18.75
0, 1454, 19.0
0, 1455, 19.25
0, 1456, 19.5
0, 1457, 19.75
0, 1458, 20.0
0, 1459, 20.25
0, 1460, 20.5
0, 1461, 20.75
0, 1462, 21.0
0, 1463, 20.75
0, 1464, 20.5
0, 1465, 20.25
0, 1466, 20.0
0, 1467, 19.75
0, 1468, 19.5
0, 1469, 19.25
0, 1470, 19.0
0, 1471, 18.75
0, 1472, 18.5
0, 1473, 18.25
0, 1474, 18.0
0, 1475, 17.75
0, 1476, 18.0
0, 1477, 17.75
0, 1478, 17.5
0, 1479, 17.25
0, 1480, 17.0
0, 1481, 16.75
0, 1482, 16.5
0, 1483, 16.25
0, 1484, 16.0
0, 1485, 15.75
0, 1486, 15.5
0, 1487, 15.25
0, 1488, 15.0
0, 1489, 14.75
0, 1490, 15.0
0, 1491, 14.75
0, 1492, 14.5
0, 1493, 14.25
0, 1494, 14.0
0, 1495, 14.25
0, 1496, 14.5
0, 1497, 14.75
0, 1498, 15.0
0, 1499, 15.25
0, 1500, 15.5
0, 1501, 15.75
0, 1502, 16.0
0, 1503, 16.25
0, 1504, 16.5
0, 1505, 16.75
0, 1506, 17.0
0, 1507, 17.25
0, 1508, 17.5
0, 1509, 17.75
0, 1510, 18.0
0, 1511, 18.25
0, 1512, 18.5
0, 1513, 18.75
0, 1514, 19.0
0, 1515, 19.25
0, 1516, 19.5
0, 1517, 19.75
0, 1518, 20.0
0, 1519, 20.25
0, 1520, 20.5
0, 1521, 20.75
0, 1522, 21.0
0, 1523, 21.25
0, 1524, 21.5
0, 1525, 21.75
0, 1526, 22.0
0, 1527, 22.25
0, 1528, 22.5
0, 1529, 22.75
0, 1530, 23.0
0, 1531, 23.25
0, 1532, 23.5
0, 1533, 23.75
0, 1534, 24.0
0, 1535, 24.25
0, 1536, 24.5
0, 1537, 24.75
0, 1538, 25.0
0, 1539, 25.25
0, 1540, 25.5
0, 1541, 25.75
0, 1542, 26.0
0, 1543, 26.25
0, 1544, 26.5
0, 1545, 26.75
0, 1546, 27.0
0, 1547, 26.75
0, 1548, 26.5
0, 1549, 26.25
0, 1550, 26.0
0, 1551, 25.75
0, 1552, 25.5
0, 1553, 25.25
0, 1554, 25.0
0, 1555, 24.75
0, 1556, 24.5
0, 1557, 24.25
0, 1558, 24.0
0, 1559, 23.75
0, 1560, 23.5
0, 1561, 23.25
0, 1562, 23.0
0, 1563, 22.75
0, 1564, 22.5
0, 1565, 22.25
0, 1566, 22.0
0, 1567, 21.75
0, 1568, 21.5
0, 1569, 21.25
0, 1570, 21.0
0, 1571, 20.75
0, 1572, 20.5
0, 1573, 20.25
0, 1574, 20.0
0, 1575, 19.75
0, 1576, 19.5
0, 1577, 19.25
0, 1578, 19.0
0, 1579, 18.75
0, 1580, 18.5
0, 1581, 18.25
0, 1582, 18.0
0, 1583, 17.75
0, 1584, 17.5
0, 1585, 17.25
0, 1586, 17.0
0, 1587, 16.75
0, 1588, 16.5
0, 1589, 16.25
0, 1590, 16.0
0, 1591, 15.75
0, 1592, 15.5
0, 1593, 15.25
0, 1594, 15.0
0, 1595, 14.75
0, 1596, 14.5
0, 1597, 14.25
0, 1598, 14.0
0, 1599, 13.75
0, 1600, 13.5
0, 1601, 13.25
0, 1602, 13.0
0, 1603, 12.75
0, 1604, 12.5
0, 1605, 12.25
0, 1606, 12.0
0, 1607, 11.75
0, 1608, 11.5
0, 1609, 11.25
0, 1610, 11.0
0, 1611, 10.75
0, 1612, 10.5
0, 1613, 10.25
0, 1614, 10.0
0, 1615, 9.75
0, 1616, 9.5
0, 1617, 9.25
0, 1618, 9.0
0, 1619, 8.75
0, 1620, 8.5
0, 1621, 8.75
0, 1622, 9.0
0, 1623, 9.25
0, 1624, 9.5
0, 1625, 9.75
0, 1626, 10.0
0, 1627, 10.25
0, 1628, 10.5
0, 1629, 10.75
0, 1630, 11.0
0, 1631, 11.25
0, 1632, 11.5
0, 1633, 11.75
0, 1634, 12.0
0, 1635, 12.25
0, 1636, 12.5
0, 1637, 12.75
0, 1638, 13.0
0, 1639, 13.25
0, 1640, 13.5
0, 1641, 13.75
0, 1642, 14.0
0, 1643, 14.25
0, 1644, 14.5
0, 1645, 14.75
0, 1646, 15.0
0, 1647, 15.25
0, 1648, 15.5
0, 1649, 15.75
0, 1650, 16.0
0, 1651, 16.25
0, 1652, 16.5
0, 1653, 16.75
0, 1654, 17.0
0, 1655, 17.25
0, 1656, 17.5
0, 1657, 17.75
0, 1658, 18.0
0, 1659, 18.25
0, 1660, 18.5
0, 1661, 18.75
0, 1662, 19.0
0, 1663, 19.25
0, 1664, 19.5
0, 1665, 19.75
0, 1666, 20.0
0, 1667, 20.25
0, 1668, 20.5
0, 1669, 20.75
0, 1670, 21.0
0, 1671, 21.25
0, 1672, 21.5
0, 1673, 21.75
0, 1674, 22.0
0, 1675, 22.25
0, 1676, 22.5
0, 1677, 22.75
0, 1678, 23.0
0, 1679, 23.25
0, 1680, 23.5
0, 1681, 23.75
0, 1682, 24.0
0, 1683, 24.25
0, 1684, 24.5
0, 1685, 24.75
0, 1686, 25.0
0, 1687, 25.25
0, 1688, 25.5
0, 1689, 25.75
0, 1690, 26.0
0, 1691, 26.25
0, 1692, 26.5
0, 1693, 26.75
0, 1694, 26.5
0, 1695, 26.25
0, 1696, 26.0
0, 1697, 25.75
0, 1698, 25.5
0, 1699, 25.25
0, 1700, 25.0
0, 1701, 24.75
0, 1702, 24.5
0, 1703, 24.25
0, 1704, 24.0
0, 1705, 23.75
0, 1706, 23.5
0, 1707, 23.25
0, 1708, 23.0
0, 1709, 22.75
0, 1710, 22.5
0, 1711, 22.25
0, 1712, 22.0
0, 1713, 21.75
0, 1714, 21.5
0, 1715, 21.25
0, 1716, 21.0
0, 1717, 20.75
0, 1718, 20.5
0, 1719, 20.25
0, 1720, 20.0
0, 1721, 19.75
0, 1722, 19.5
0, 1723, 19.25
0, 1724, 19.0
0, 1725, 18.75
0, 1726, 18.5
0, 1727, 18.25
0, 1728, 18.0
0, 1729, 17.75
0, 1730, 17.5
0, 1731, 17.25
0, 1732, 17.0
0, 1733, 16.75
0, 1734, 16.5
0, 1735, 16.25
0, 1736, 16.0
0, 1737, 15.75
0, 1738, 15.5
0, 1739, 15.25
0, 1740, 15.0
0, 1741, 14.75
0, 1742, 14.5
0, 1743, 14.25
0, 1744, 14.0
0, 1745, 13.75
0, 1746, 13.5
0, 1747, 13.25
0, 1748, 13.0
0, 1749, 12.75
0, 1750, 12.5
0, 1751, 12.25
0, 1752, 12.0
0, 1753, 11.75
0, 1754, 11.5
0, 1755, 11.25
0, 1756, 11.0
0, 1757, 10.75
0, 1758, 10.5
0, 1759, 10.25
0, 1760, 10.0
0, 1761, 9.75
0, 1762, 9.5
0, 1763, 9.25
0, 1764, 9.0
0, 1765, 8.75
0, 1766, 8.5
0, 1767, 8.25
0, 1768, 8.0
0, 1769, 7.75
0, 1770, 7.5
0, 1771, 7.25
0, 1772, 7.0
0, 1773, 6.75
0, 1774, 6.5
0, 1775, 6.25
0, 1776, 6.0
0, 1777, 5.75
0, 1778, 5.5
0, 1779, 5.25
0, 1780, 5.0
0, 1781, 4.75
0, 1782, 4.5
0, 1783, 4.25
0, 1784, 4.0
0, 1785, 3.75
0, 1786, 3.5
0, 1787, 3.25
0, 1788, 3.0
0, 1789, 2.75
0, 1790, 2.5
0, 1791, 2.25
0, 1792, 2.0
0, 1793, 1.75
0, 1794, 1.5
0, 1795, 1.25
0, 1796, 1.0
0, 1797, 1.25
0, 1798, 1.5
0, 1799, 1.75
0, 1800, 2.0
0, 1801, 2.25
0, 1802, 2.5
0, 1803, 2.75
0, 1804, 3.0
0, 1805, 3.25
0, 1806, 3.5
0, 1807, 3.75
0, 1808, 4.0
0, 1809, 4.25
0, 1810, 4.5
0, 1811, 4.75
0, 1812, 5.0
0, 1813, 5.25
0, 1814, 5.5
0, 1815, 5.75
0, 1816, 6.0
0, 1817, 6.25
0, 1818, 6.5
0, 1819, 6.75
0, 1820, 7.0
0, 1821, 7.25
0, 1822, 7.5
0, 1823, 7.75
0, 1824, 8.0
0, 1825, 8.25
0, 1826, 8.5
0, 1827, 8.75
0, 1828, 9.0
0, 1829, 9.25
0, 1830, 9.5
0, 1831, 9.75
0, 1832, 10.0
0, 1833, 10.25
0, 1834, 10.5
0, 1835, 10.75
0, 1836, 11.0
0, 1837, 11.25
0, 1838, 11.5
0, 1839, 11.75
0, 1840, 12.0
0, 1841, 12.25
0, 1842, 12.5
0, 1843, 12.75
0, 1844, 13.0
0, 1845, 13.25
0, 1846, 13.5
0, 1847, 13.75
0, 1848, 14.0
0, 1849, 14.25
0, 1850, 14.5
0, 1851, 14.75
0, 1852, 15.0
0, 1853, 15.25
0, 1854, 15.5
0, 1855, 15.75
0, 1856, 16.0
0, 1857, 16.25
0, 1858, 16.5
0, 1859, 16.75
0, 1860, 17.0
0, 1861, 17.25
0, 1862, 17.5
0, 1863, 17.25
0, 1864, 17.0
0, 1865, 17.25
0, 1866, 17.5
0, 1867, 17.75
0, 1868, 18.0
0, 1869, 17.75
0, 1870, 17.5
0, 1871, 17.25
0, 1872, 17.0
0, 1873, 16.75
0, 1874, 16.5
0, 1875, 16.25
0, 1876, 16.0
0, 1877, 15.75
0, 1878, 15.5
0, 1879, 15.25
0, 1880, 15.0
0, 1881, 14.75
0, 1882, 14.5
0, 1883, 14.25
0, 1884, 14.0
0, 1885, 13.75
0, 1886, 13.5
0, 1887, 13.25
0, 1888, 13.0
0, 1889, 12.75
0, 1890, 12.5
0, 1891, 12.25
0, 1892, 12.0
0, 1893, 11.75
0, 1894, 11.5
0, 1895, 11.25
0, 1896, 11.0
0, 1897, 10.75
0, 1898, 10.5
0, 1899, 10.25
0, 1900, 10.0
0, 1901, 9.75
0, 1902, 9.5
0, 1903, 9.25
0, 1904, 9.0
0, 1905, 8.75
0, 1906, 8.5
0, 1907, 8.25
0, 1908, 8.0
0, 1909, 7.75
0, 1910, 7.5
0, 1911, 7.25
0, 1912, 7.0
0, 1913, 6.75
0, 1914, 6.5
0, 1915, 6.25
0, 1916, 6.0
0, 1917, 5.75
0, 1918, 5.5
0, 1919, 5.25
0, 1920, 5.0
0, 1921, 4.75
0, 1922, 4.5
0, 1923, 4.25
0, 1924, 4.0
0, 1925, 3.75
0, 1926, 3.5
0, 1927, 3.25
0, 1928, 3.0
0, 1929, 2.75
0, 1930, 2.5
0, 1931, 2.25
0, 1932, 2.0
0, 1933, 1.75
0, 1934, 1.5
0, 1935, 1.25
0, 1936, 1.0
0, 1937, 0.75
0, 1938, 0.75
0, 1939, 0.75
0, 1940, 0.75
0, 1941, 0.75
0, 1942, 0.75
0, 1943, 0.75
0, 1944, 0.75
0, 1945, 0.75
0, 1946, 0.75
0, 1947, 0.75
0, 1948, 0.75
0, 1949, 0.75
0, 1950, 0.75
0, 1951, 0.75
0, 1952, 0.75
0, 1953, 0.75
0, 1954, 0.75
0, 1955, 0.75
0, 1956, 0.75
0, 1957, 0.75
0, 1958, 0.75
0, 1959, 0.75
0, 1960, 0.75
0, 1961, 0.75
0, 1962, 0.75
0, 1963, 0.75
0, 1964, 0.75
0, 1965, 0.75
0, 1966, 0.75
0, 1967, 0.75
0, 1968, 0.75
0, 1969, 0.75
0, 1970, 0.75
0, 1971, 1.0
0, 1972, 1.25
0, 1973, 1.5
0, 1974, 1.75
0, 1975, 1.5
0, 1976, 1.25
0, 1977, 1.5
0, 1978, 1.75
0, 1979, 2.0
0, 1980, 2.25
0, 1981, 2.5
0, 1982, 2.75
0, 1983, 3.0
0, 1984, 3.25
0, 1985, 3.5
0, 1986, 3.75
0, 1987, 4.0
0, 1988, 4.25
0, 1989, 4.5
0, 1990, 4.75
0, 1991, 5.0
0, 1992, 5.25
0, 1993, 5.5
0, 1994, 5.75
0, 1995, 6.0
0, 1996, 6.25
0, 1997, 6.5
0, 1998, 6.75
0, 1999, 7.0
0, 2000, 7.25
0, 2001, 7.5
0, 2002, 7.75
0, 2003, 8.0
0, 2004, 8.25
0, 2005, 8.5
0, 2006, 8.75
0, 2007, 9.0
0, 2008, 9.25
0, 2009, 9.5
0, 2010, 9.75
0, 2011, 10.0
0, 2012, 10.25
0, 2013, 10.5
0, 2014, 10.75
0, 2015, 11.0
0, 2016, 11.25
0, 2017, 11.5
0, 2018, 11.75
0, 2019, 12.0
0, 2020, 12.25
0, 2021, 12.5
0, 2022, 12.75
0, 2023, 13.0
0, 2024, 12.75
0, 2025, 12.5
0, 2026, 12.25
0, 2027, 12.5
0, 2028, 12.75
0, 2029, 13.0
0, 2030, 12.75
0, 2031, 12.5
0, 2032, 12.25
0, 2033, 12.0
0, 2034, 11.75
0, 2035, 11.5
0, 2036, 11.25
0, 2037, 11.0
0, 2038, 10.75
0, 2039, 10.5
0, 2040, 10.25
0, 2041, 10.0
0, 2042, 9.75
0, 2043, 9.5
0, 2044, 9.25
0, 2045, 9.0
0, 2046, 8.75
0, 2047, 8.5
0, 2048, 8.25
0, 2049, 8.0
0, 2050, 7.75
0, 2051, 7.5
0, 2052, 7.25
0, 2053, 7.0
0, 2054, 6.75
0, 2055, 6.5
0, 2056, 6.25
0, 2057, 6.0
0, 2058, 5.75
0, 2059, 5.5
0, 2060, 5.25
0, 2061, 5.0
0, 2062, 4.75
0, 2063, 4.5
0, 2064, 4.25
0, 2065, 4.0
0, 2066, 3.75
0, 2067, 3.5
0, 2068, 3.25
0, 2069, 3.0
0, 2070, 2.75
0, 2071, 2.5
0, 2072, 2.25
0, 2073, 2.0
0, 2074, 1.75
0, 2075, 1.5
0, 2076, 1.25
0, 2077, 1.0
0, 2078, 0.75
0, 2079, 0.75
0, 2080, 0.75
0, 2081, 0.75
0, 2082, 0.75
0, 2083, 0.75
0, 2084, 0.75
0, 2085, 0.75
0, 2086, 0.75
0, 2087, 0.75
0, 2088, 0.75
0, 2089, 0.75
0, 2090, 0.75
0, 2091, 0.75
0, 2092, 0.75
0, 2093, 0.75
0, 2094, 0.75
0, 2095, 0.75
0, 2096, 0.75
0, 2097, 0.75
0, 2098, 0.75
0, 2099, 0.75
0, 2100, 0.75
0, 2101, 0.75
0, 2102, 0.75
0, 2103, 0.75
0, 2104, 0.75
0, 2105, 0.75
0, 2106, 0.75
0, 2107, 0.75
0, 2108, 0.75
0, 2109, 0.75
0, 2110, 0.75
0, 2111, 0.75
0, 2112, 0.75
0, 2113, 0.75
0, 2114, 0.75
0, 2115, 0.75
0, 2116, 0.75
0, 2117, 0.75
0, 2118, 0.75
0, 2119, 0.75
0, 2120, 0.75
0, 2121, 0.75
0, 2122, 0.75
0, 2123, 0.75
0, 2124, 0.75
0, 2125, 0.75
0, 2126, 0.75
0, 2127, 0.75
0, 2128, 0.75
0, 2129, 0.75
0, 2130, 0.75
0, 2131, 0.75
0, 2132, 0.75
0, 2133, 0.75
0, 2134, 0.75
0, 2135, 0.75
0, 2136, 0.75
0, 2137, 0.75
0, 2138, 0.75
0, 2139, 0.75
0, 2140, 0.75
0, 2141, 1.0
0, 2142, 0.75
0, 2143, 0.75
0, 2144, 0.75
0, 2145, 0.75
0, 2146, 1.0
0, 2147, 1.25
0, 2148, 1.5
0, 2149, 1.75
0, 2150, 1.5
0, 2151, 1.25
0, 2152, 1.5
0, 2153, 1.75
0, 2154, 2.0
0, 2155, 2.25
0, 2156, 2.5
0, 2157, 2.25
0, 2158, 2.0
0, 2159, 2.25
0, 2160, 2.5
0, 2161, 2.75
0, 2162, 3.0
0, 2163, 3.25
0, 2164, 3.0
0, 2165, 3.25
0, 2166, 3.5
0, 2167, 3.75
0, 2168, 4.0
0, 2169, 4.25
0, 2170, 4.5
0, 2171, 4.25
0, 2172, 4.0
0, 2173, 4.25
0, 2174, 4.5
0, 2175, 4.75
0, 2176, 5.0
0, 2177, 5.25
0, 2178, 5.5
0, 2179, 5.75
0, 2180, 6.0
0, 2181, 6.25
0, 2182, 6.5
0, 2183, 6.75
0, 2184, 7.0
0, 2185, 6.75
0, 2186, 6.5
0, 2187, 6.75
0, 2188, 7.0
0, 2189, 7.25
0, 2190, 7.5
0, 2191, 7.75
0, 2192, 7.5
0, 2193, 7.25
0, 2194, 7.5
0, 2195, 7.75
0, 2196, 8.0
0, 2197, 8.25
0, 2198, 8.5
0, 2199, 8.25
0, 2200, 8.0
0, 2201, 7.75
0, 2202, 8.0
0, 2203, 8.25
0, 2204, 8.5
0, 2205, 8.25
0, 2206, 8.0
0, 2207, 7.75
0, 2208, 7.5
0, 2209, 7.25
0, 2210, 7.5
0, 2211, 7.75
0, 2212, 7.5
0, 2213, 7.25
0, 2214, 7.0
0, 2215, 6.75
0, 2216, 6.5
0, 2217, 6.25
0, 2218, 6.0
0, 2219, 5.75
0, 2220, 5.5
0, 2221, 5.25
0, 2222, 5.0
0, 2223, 4.75
0, 2224, 4.5
0, 2225, 4.25
0, 2226, 4.0
0, 2227, 3.75
0, 2228, 3.5
0, 2229, 3.25
0, 2230, 3.0
0, 2231, 2.75
0, 2232, 3.0
0, 2233, 2.75
0, 2234, 2.5
0, 2235, 2.25
0, 2236, 2.0
0, 2237, 2.25
0, 2238, 2.5
0, 2239, 2.75
0, 2240, 3.0
0, 2241, 2.75
0, 2242, 2.5
0, 2243, 2.75
0, 2244, 3.0
0, 2245, 3.25
0, 2246, 3.5
0, 2247, 3.75
0, 2248, 3.5
0, 2249, 3.25
0, 2250, 3.0
0, 2251, 3.25
0, 2252, 3.5
0, 2253, 3.75
0, 2254, 3.5
0, 2255, 3.25
0, 2256, 3.0
0, 2257, 2.75
0, 2258, 2.5
0, 2259, 2.75
0, 2260, 3.0
0, 2261, 2.75
0, 2262, 2.5
0, 2263, 2.25
0, 2264, 2.0
0, 2265, 2.25
0, 2266, 2.5
0, 2267, 2.75
0, 2268, 2.5
0, 2269, 2.25
0, 2270, 2.0
0, 2271, 2.25
0, 2272, 2.5
0, 2273, 2.75
0, 2274, 3.0
0, 2275, 3.25
0, 2276, 3.5
0, 2277, 3.75
0, 2278, 4.0
0, 2279, 4.25
0, 2280, 4.5
0, 2281, 4.75
0, 2282, 5.0
0, 2283, 5.25
0, 2284, 5.5
0, 2285, 5.75
0, 2286, 6.0
0, 2287, 6.25
0, 2288, 6.5
0, 2289, 6.75
0, 2290, 6.5
0, 2291, 6.25
0, 2292, 6.0
0, 2293, 6.25
0, 2294, 6.5
0, 2295, 6.75
0, 2296, 7.0
0, 2297, 6.75
0, 2298, 6.5
0, 2299, 6.75
0, 2300, 7.0
0, 2301, 7.25
0, 2302, 7.5
0, 2303, 7.75
0, 2304, 7.5
0, 2305, 7.25
0, 2306, 7.0
0, 2307, 7.25
0, 2308, 7.5
0, 2309, 7.75
0, 2310, 8.0
0, 2311, 7.75
0, 2312, 7.5
0, 2313, 7.25
0, 2314, 7.5
0, 2315, 7.75
0, 2316, 8.0
0, 2317, 7.75
0, 2318, 7.5
0, 2319, 7.25
0, 2320, 7.0
0, 2321, 6.75
0, 2322, 6.5
0, 2323, 6.25
0, 2324, 6.0
0, 2325, 5.75
0, 2326, 5.5
0, 2327, 5.25
0, 2328, 5.0
0, 2329, 4.75
0, 2330, 4.5
0, 2331, 4.25
0, 2332, 4.0
0, 2333, 3.75
0, 2334, 3.5
0, 2335, 3.25
0, 2336, 3.0
0, 2337, 2.75
0, 2338, 2.5
0, 2339, 2.25
0, 2340, 2.0
0, 2341, 1.75
0, 2342, 1.5
0, 2343, 1.25
0, 2344, 1.5
0, 2345, 1.25
0, 2346, 1.0
0, 2347, 0.75
0, 2348, 0.75
0, 2349, 0.75
0, 2350, 1.0
0, 2351, 1.25
0, 2352, 1.0
0, 2353, 0.75
0, 2354, 0.75
0, 2355, 0.75
0, 2356, 1.0
0, 2357, 1.25
0, 2358, 1.5
0, 2359, 1.75
0, 2360, 1.5
0, 2361, 1.75
0, 2362, 2.0
0, 2363, 2.25
0, 2364, 2.5
0, 2365, 2.75
0, 2366, 3.0
0, 2367, 3.25
0, 2368, 3.5
0, 2369, 3.75
0, 2370, 4.0
0, 2371, 4.25
0, 2372, 4.5
0, 2373, 4.75
0, 2374, 5.0
0, 2375, 5.25
0, 2376, 5.5
0, 2377, 5.75
0, 2378, 6.0
0, 2379, 6.25
0, 2380, 6.5
0, 2381, 6.75
0, 2382, 7.0
0, 2383, 7.25
0, 2384, 7.5
0, 2385, 7.75
0, 2386, 8.0
0, 2387, 8.25
0, 2388, 8.0
0, 2389, 7.75
0, 2390, 8.0
0, 2391, 8.25
0, 2392, 8.5
0, 2393, 8.75
0, 2394, 8.5
0, 2395, 8.25
0, 2396, 8.0
0, 2397, 7.75
0, 2398, 7.5
0, 2399, 7.25
0, 2400, 7.0
0, 2401, 6.75
0, 2402, 6.5
0, 2403, 6.25
0, 2404, 6.0
0, 2405, 5.75
0, 2406, 5.5
0, 2407, 5.25
0, 2408, 5.0
0, 2409, 4.75
0, 2410, 4.5
0, 2411, 4.25
0, 2412, 4.0
0, 2413, 3.75
0, 2414, 3.5
0, 2415, 3.25
0, 2416, 3.0
0, 2417, 2.75
0, 2418, 2.5
0, 2419, 2.25
0, 2420, 2.0
0, 2421, 1.75
0, 2422, 1.5
0, 2423, 1.25
0, 2424, 1.0
0, 2425, 0.75
0, 2426, 1.0
0, 2427, 1.25
0, 2428, 1.0
0, 2429, 0.75
0, 2430, 0.75
0, 2431, 0.75
0, 2432, 0.75
0, 2433, 0.75
0, 2434, 1.0
0, 2435, 1.25
0, 2436, 1.0
0, 2437, 0.75
0, 2438, 0.75
0, 2439, 1.0
0, 2440, 1.25
0, 2441, 1.5
0, 2442, 1.75
0, 2443, 2.0
0, 2444, 1.75
0, 2445, 1.5
0, 2446, 1.75
0, 2447, 2.0
0, 2448, 2.25
0, 2449, 2.5
0, 2450, 2.75
0, 2451, 3.0
0, 2452, 3.25
0, 2453, 3.5
0, 2454, 3.75
0, 2455, 4.0
0, 2456, 4.25
0, 2457, 4.5
0, 2458, 4.75
0, 2459, 5.0
0, 2460, 5.25
0, 2461, 5.5
0, 2462, 5.75
0, 2463, 6.0
0, 2464, 6.25
0, 2465, 6.0
0, 2466, 5.75
0, 2467, 6.0
0, 2468, 6.25
0, 2469, 6.5
0, 2470, 6.75
0, 2471, 7.0
0, 2472, 7.25
0, 2473, 7.0
0, 2474, 7.25
0, 2475, 7.5
0, 2476, 7.75
0, 2477, 8.0
0, 2478, 8.25
0, 2479, 8.0
0, 2480, 7.75
0, 2481, 7.5
0, 2482, 7.75
0, 2483, 8.0
0, 2484, 8.25
0, 2485, 8.5
0, 2486, 8.25
0, 2487, 8.0
0, 2488, 7.75
0, 2489, 7.5
0, 2490, 7.25
0, 2491, 7.0
0, 2492, 6.75
0, 2493, 6.5
0, 2494, 6.25
0, 2495, 6.0
0, 2496, 5.75
0, 2497, 5.5
0, 2498, 5.25
0, 2499, 5.0
0, 2500, 4.75
0, 2501, 4.5
0, 2502, 4.25
0, 2503, 4.0
0, 2504, 3.75
0, 2505, 3.5
0, 2506, 3.25
0, 2507, 3.0
0, 2508, 2.75
0, 2509, 2.5
0, 2510, 2.25
0, 2511, 2.5
0, 2512, 2.75
0, 2513, 3.0
0, 2514, 2.75
0, 2515, 2.5
0, 2516, 2.75
0, 2517, 3.0
0, 2518, 3.25
0, 2519, 3.5
0, 2520, 3.75
0, 2521, 3.5
0, 2522, 3.25
0, 2523, 3.5
0, 2524, 3.75
0, 2525, 4.0
0, 2526, 4.25
0, 2527, 4.5
0, 2528, 4.75
0, 2529, 5.0
0, 2530, 5.25
0, 2531, 5.5
0, 2532, 5.75
0, 2533, 6.0
0, 2534, 6.25
0, 2535, 6.5
0, 2536, 6.75
0, 2537, 7.0
0, 2538, 7.25
0, 2539, 7.5
0, 2540, 7.75
0, 2541, 8.0
0, 2542, 8.25
0, 2543, 8.5
0, 2544, 8.75
0, 2545, 9.0
0, 2546, 9.25
0, 2547, 9.5
0, 2548, 9.75
0, 2549, 10.0
0, 2550, 10.25
0, 2551, 10.5
0, 2552, 10.75
0, 2553, 11.0
0, 2554, 11.25
0, 2555, 11.5
0, 2556, 11.75
0, 2557, 11.5
0, 2558, 11.75
0, 2559, 12.0
0, 2560, 12.25
0, 2561, 12.5
0, 2562, 12.75
0, 2563, 12.5
0, 2564, 12.25
0, 2565, 12.0
0, 2566, 12.25
0, 2567, 12.5
0, 2568, 12.75
0, 2569, 12.5
0, 2570, 12.25
0, 2571, 12.0
0, 2572, 11.75
0, 2573, 12.0
0, 2574, 12.25
0, 2575, 12.5
0, 2576, 12.75
0, 2577, 12.5
0, 2578, 12.25
0, 2579, 12.0
0, 2580, 11.75
0, 2581, 11.5
0, 2582, 11.25
0, 2583, 11.0
0, 2584, 10.75
0, 2585, 10.5
0, 2586, 10.25
0, 2587, 10.0
0, 2588, 9.75
0, 2589, 9.5
0, 2590, 9.25
0, 2591, 9.0
0, 2592, 8.75
0, 2593, 8.5
0, 2594, 8.25
0, 2595, 8.0
0, 2596, 8.25
0, 2597, 8.0
0, 2598, 7.75
0, 2599, 7.5
0, 2600, 7.25
0, 2601, 7.0
0, 2602, 6.75
0, 2603, 7.0
0, 2604, 6.75
0, 2605, 6.5
0, 2606, 6.25
0, 2607, 6.0
0, 2608, 6.25
0, 2609, 6.5
0, 2610, 6.75
0, 2611, 7.0
0, 2612, 7.25
0, 2613, 7.5
0, 2614, 7.75
0, 2615, 8.0
0, 2616, 8.25
0, 2617, 8.5
0, 2618, 8.75
0, 2619, 9.0
0, 2620, 9.25
0, 2621, 9.5
0, 2622, 9.75
0, 2623, 10.0
0, 2624, 10.25
0, 2625, 10.5
0, 2626, 10.75
0, 2627, 11.0
0, 2628, 11.25
0, 2629, 11.5
0, 2630, 11.75
0, 2631, 12.0
0, 2632, 12.25
0, 2633, 12.5
0, 2634, 12.75
0, 2635, 13.0
0, 2636, 13.25
0, 2637, 13.5
0, 2638, 13.75
0, 2639, 14.0
0, 2640, 14.25
0, 2641, 14.5
0, 2642, 14.75
0, 2643, 15.0
0, 2644, 15.25
0, 2645, 15.5
0, 2646, 15.75
0, 2647, 15.5
0, 2648, 15.25
0, 2649, 15.0
0, 2650, 15.25
0, 2651, 15.5
0, 2652, 15.75
0, 2653, 15.5
0, 2654, 15.25
0, 2655, 15.0
0, 2656, 14.75
0, 2657, 14.5
0, 2658, 14.25
0, 2659, 14.0
0, 2660, 13.75
0, 2661, 13.5
0, 2662, 13.25
0, 2663, 13.0
0, 2664, 12.75
0, 2665, 12.5
0, 2666, 12.25
0, 2667, 12.0
0, 2668, 11.75
0, 2669, 11.5
0, 2670, 11.25
0, 2671, 11.0
0, 2672, 10.75
0, 2673, 10.5
0, 2674, 10.25
0, 2675, 10.0
0, 2676, 9.75
0, 2677, 9.5
0, 2678, 9.25
0, 2679, 9.0
0, 2680, 8.75
0, 2681, 8.5
0, 2682, 8.25
0, 2683, 8.0
0, 2684, 7.75
0, 2685, 7.5
0, 2686, 7.25
0, 2687, 7.0
0, 2688, 6.75
0, 2689, 6.5
0, 2690, 6.25
0, 2691, 6.0
0, 2692, 5.75
0, 2693, 5.5
0, 2694, 5.25
0, 2695, 5.0
0, 2696, 4.75
0, 2697, 4.5
0, 2698, 4.25
0, 2699, 4.5
0, 2700, 4.75
0, 2701, 5.0
0, 2702, 5.25
0, 2703, 5.0
0, 2704, 4.75
0, 2705, 4.5
0, 2706, 4.75
0, 2707, 5.0
0, 2708, 5.25
0, 2709, 5.5
0, 2710, 5.75
0, 2711, 6.0
0, 2712, 6.25
0, 2713, 6.5
0, 2714, 6.75
0, 2715, 7.0
0, 2716, 7.25
0, 2717, 7.5
0, 2718, 7.75
0, 2719, 8.0
0, 2720, 8.25
0, 2721, 8.5
0, 2722, 8.75
0, 2723, 9.0
0, 2724, 9.25
0, 2725, 9.5
0, 2726, 9.75
0, 2727, 10.0
0, 2728, 10.25
0, 2729, 10.5
0, 2730, 10.75
0, 2731, 11.0
0, 2732, 11.25
0, 2733, 11.5
0, 2734, 11.75
0, 2735, 12.0
0, 2736, 12.25
0, 2737, 12.5
0, 2738, 12.75
0, 2739, 13.0
0, 2740, 13.25
0, 2741, 13.5
0, 2742, 13.75
0, 2743, 14.0
0, 2744, 14.25
0, 2745, 14.5
0, 2746, 14.75
0, 2747, 15.0
0, 2748, 15.25
0, 2749, 15.5
0, 2750, 15.75
0, 2751, 16.0
0, 2752, 16.25
0, 2753, 16.5
0, 2754, 16.75
0, 2755, 17.0
0, 2756, 17.25
0, 2757, 17.5
0, 2758, 17.75
0, 2759, 18.0
0, 2760, 18.25
0, 2761, 18.5
0, 2762, 18.75
0, 2763, 19.0
0, 2764, 19.25
0, 2765, 19.5
0, 2766, 19.75
0, 2767, 20.0
0, 2768, 20.25
0, 2769, 20.5
0, 2770, 20.75
0, 2771, 21.0
0, 2772, 21.25
0, 2773, 21.5
0, 2774, 21.75
0, 2775, 22.0
0, 2776, 22.25
0, 2777, 22.5
0, 2778, 22.75
0, 2779, 23.0
0, 2780, 23.25
0, 2781, 23.5
0, 2782, 23.75
0, 2783, 24.0
0, 2784, 24.25
0, 2785, 24.5
0, 2786, 24.75
0, 2787, 24.5
0, 2788, 24.25
0, 2789, 24.5
0, 2790, 24.75
0, 2791, 25.0
0, 2792, 25.25
0, 2793, 25.0
0, 2794, 24.75
0, 2795, 24.5
0, 2796, 24.25
0, 2797, 24.0
0, 2798, 23.75
0, 2799, 23.5
0, 2800, 23.25
0, 2801, 23.0
0, 2802, 22.75
0, 2803, 22.5
0, 2804, 22.25
0, 2805, 22.0
0, 2806, 21.75
0, 2807, 21.5
0, 2808, 21.25
0, 2809, 21.0
0, 2810, 20.75
0, 2811, 20.5
0, 2812, 20.25
0, 2813, 20.0
0, 2814, 19.75
0, 2815, 19.5
0, 2816, 19.25
0, 2817, 19.0
0, 2818, 18.75
0, 2819, 18.5
0, 2820, 18.25
0, 2821, 18.0
0, 2822, 17.75
0, 2823, 17.5
0, 2824, 17.25
0, 2825, 17.0
0, 2826, 16.75
0, 2827, 16.5
0, 2828, 16.25
0, 2829, 16.0
0, 2830, 15.75
0, 2831, 15.5
0, 2832, 15.25
0, 2833, 15.0
0, 2834, 14.75
0, 2835, 14.5
0, 2836, 14.25
0, 2837, 14.0
0, 2838, 13.75
0, 2839, 13.5
0, 2840, 13.25
0, 2841, 13.0
0, 2842, 12.75
0, 2843, 12.5
0, 2844, 12.25
0, 2845, 12.0
0, 2846, 11.75
0, 2847, 11.5
0, 2848, 11.25
0, 2849, 11.0
0, 2850, 10.75
0, 2851, 10.5
0, 2852, 10.25
0, 2853, 10.0
0, 2854, 9.75
0, 2855, 9.5
0, 2856, 9.25
0, 2857, 9.0
0, 2858, 8.75
0, 2859, 8.5
0, 2860, 8.25
0, 2861, 8.0
0, 2862, 7.75
0, 2863, 7.5
0, 2864, 7.25
0, 2865, 7.0
0, 2866, 6.75
0, 2867, 6.5
0, 2868, 6.25
0, 2869, 6.0
0, 2870, 5.75
0, 2871, 5.5
0, 2872, 5.25
0, 2873, 5.0
0, 2874, 4.75
0, 2875, 4.5
0, 2876, 4.25
0, 2877, 4.0
0, 2878, 3.75
0, 2879, 3.5
0, 2880, 3.25
0, 2881, 3.0
0, 2882, 2.75
0, 2883, 2.5
0, 2884, 2.25
0, 2885, 2.0
0, 2886, 1.75
0, 2887, 1.5
0, 2888, 1.25
0, 2889, 1.0
0, 2890, 0.75
0, 2891, 0.75
0, 2892, 0.75
0, 2893, 0.75
0, 2894, 0.75
0, 2895, 0.75
0, 2896, 0.75
0, 2897, 0.75
0, 2898, 0.75
0, 2899, 0.75
0, 2900, 0.75
0, 2901, 1.0
0, 2902, 1.25
0, 2903, 1.5
0, 2904, 1.75
0, 2905, 2.0
0, 2906, 2.25
0, 2907, 2.5
0, 2908, 2.75
0, 2909, 3.0
0, 2910, 3.25
0, 2911, 3.5
0, 2912, 3.75
0, 2913, 4.0
0, 2914, 4.25
0, 2915, 4.5
0, 2916, 4.75
0, 2917, 5.0
0, 2918, 5.25
0, 2919, 5.5
0, 2920, 5.75
0, 2921, 6.0
0, 2922, 6.25
0, 2923, 6.5
0, 2924, 6.75
0, 2925, 7.0
0, 2926, 7.25
0, 2927, 7.5
0, 2928, 7.75
0, 2929, 8.0
0, 2930, 8.25
0, 2931, 8.5
0, 2932, 8.75
0, 2933, 9.0
0, 2934, 9.25
0, 2935, 9.5
0, 2936, 9.75
0, 2937, 10.0
0, 2938, 10.25
0, 2939, 10.5
0, 2940, 10.75
0, 2941, 11.0
0, 2942, 11.25
0, 2943, 11.5
0, 2944, 11.75
0, 2945, 12.0
0, 2946, 12.25
0, 2947, 12.5
0, 2948, 12.75
0, 2949, 13.0
0, 2950, 13.25
0, 2951, 13.5
0, 2952, 13.75
0, 2953, 14.0
0, 2954, 14.25
0, 2955, 14.5
0, 2956, 14.75
0, 2957, 15.0
0, 2958, 15.25
0, 2959, 15.5
0, 2960, 15.75
0, 2961, 16.0
0, 2962, 16.25
0, 2963, 16.5
0, 2964, 16.75
0, 2965, 17.0
0, 2966, 17.25
0, 2967, 17.5
0, 2968, 17.75
0, 2969, 18.0
0, 2970, 18.25
0, 2971, 18.5
0, 2972, 18.75
0, 2973, 19.0
0, 2974, 19.25
0, 2975, 19.5
0, 2976, 19.75
0, 2977, 20.0
0, 2978, 20.25
0, 2979, 20.5
0, 2980, 20.75
0, 2981, 21.0
0, 2982, 21.25
0, 2983, 21.5
0, 2984, 21.75
0, 2985, 22.0
0, 2986, 22.25
0, 2987, 22.5
0, 2988, 22.75
0, 2989, 23.0
0, 2990, 23.25
0, 2991, 23.5
0, 2992, 23.75
0, 2993, 24.0
0, 2994, 24.25
0, 2995, 24.5
0, 2996, 24.75
0, 2997, 25.0
0, 2998, 25.25
0, 2999, 25.5
0, 3000, 25.75
0, 3001, 26.0
0, 3002, 26.25
0, 3003, 26.0
0, 3004, 25.75
0, 3005, 25.5
0, 3006, 25.25
0, 3007, 25.0
0, 3008, 24.75
0, 3009, 24.5
0, 3010, 24.25
0, 3011, 24.0
0, 3012, 23.75
0, 3013, 23.5
0, 3014, 23.25
0, 3015, 23.0
0, 3016, 22.75
0, 3017, 22.5
0, 3018, 22.25
0, 3019, 22.0
0, 3020, 21.75
0, 3021, 21.5
0, 3022, 21.25
0, 3023, 21.0
0, 3024, 20.75
0, 3025, 20.5
0, 3026, 20.25
0, 3027, 20.0
0, 3028, 19.75
0, 3029, 19.5
0, 3030, 19.25
0, 3031, 19.0
0, 3032, 18.75
0, 3033, 18.5
0, 3034, 18.25
0, 3035, 18.0
0, 3036, 17.75
0, 3037, 17.5
0, 3038, 17.25
0, 3039, 17.0
0, 3040, 16.75
0, 3041, 16.5
0, 3042, 16.25
0, 3043, 16.0
0, 3044, 15.75
0, 3045, 15.5
0, 3046, 15.25
0, 3047, 15.0
0, 3048, 14.75
0, 3049, 14.5
0, 3050, 14.25
0, 3051, 14.0
0, 3052, 13.75
0, 3053, 13.5
0, 3054, 13.25
0, 3055, 13.0
0, 3056, 12.75
0, 3057, 12.5
0, 3058, 12.25
0, 3059, 12.0
0, 3060, 11.75
0, 3061, 11.5
0, 3062, 11.25
0, 3063, 11.0
0, 3064, 10.75
0, 3065, 10.5
0, 3066, 10.25
0, 3067, 10.0
0, 3068, 9.75
0, 3069, 9.5
0, 3070, 9.25
0, 3071, 9.0
0, 3072, 8.75
0, 3073, 8.5
0, 3074, 8.25
0, 3075, 8.0
0, 3076, 7.75
0, 3077, 7.5
0, 3078, 7.25
0, 3079, 7.0
0, 3080, 6.75
0, 3081, 6.5
0, 3082, 6.25
0, 3083, 6.0
0, 3084, 5.75
0, 3085, 5.5
0, 3086, 5.25
0, 3087, 5.0
0, 3088, 4.75
0, 3089, 4.5
0, 3090, 4.25
0, 3091, 4.0
0, 3092, 3.75
0, 3093, 3.5
0, 3094, 3.25
0, 3095, 3.0
0, 3096, 2.75
0, 3097, 2.5
0, 3098, 2.25
0, 3099, 2.0
0, 3100, 1.75
0, 3101, 1.5
0, 3102, 1.25
0, 3103, 1.0
0, 3104, 0.75
0, 3105, 0.75
0, 3106, 0.75
0, 3107, 0.75
0, 3108, 0.75
0, 3109, 0.75
0, 3110, 0.75
0, 3111, 0.75
0, 3112, 0.75
0, 3113, 0.75
0, 3114, 0.75
0, 3115, 0.75
0, 3116, 0.75
0, 3117, 0.75
0, 3118, 0.75
0, 3119, 0.75
0, 3120, 0.75
0, 3121, 0.75
0, 3122, 0.75
0, 3123, 0.75
0, 3124, 0.75
0, 3125, 0.75
0, 3126, 1.0
0, 3127, 1.25
0, 3128, 1.5
0, 3129, 1.75
0, 3130, 2.0
0, 3131, 2.25
0, 3132, 2.5
0, 3133, 2.75
0, 3134, 3.0
0, 3135, 3.25
0, 3136, 3.5
0, 3137, 3.75
0, 3138, 4.0
0, 3139, 4.25
0, 3140, 4.5
0, 3141, 4.75
0, 3142, 5.0
0, 3143, 5.25
0, 3144, 5.5
0, 3145, 5.75
0, 3146, 6.0
0, 3147, 6.25
0, 3148, 6.5
0, 3149, 6.75
0, 3150, 7.0
0, 3151, 7.25
0, 3152, 7.5
0, 3153, 7.75
0, 3154, 8.0
0, 3155, 8.25
0, 3156, 8.5
0, 3157, 8.75
0, 3158, 9.0
0, 3159, 9.25
0, 3160, 9.5
0, 3161, 9.75
0, 3162, 10.0
0, 3163, 10.25
0, 3164, 10.5
0, 3165, 10.75
0, 3166, 11.0
0, 3167, 11.25
0, 3168, 11.5
0, 3169, 11.75
0, 3170, 12.0
0, 3171, 12.25
0, 3172, 12.5
0, 3173, 12.75
0, 3174, 13.0
0, 3175, 13.25
0, 3176, 13.5
0, 3177, 13.75
0, 3178, 14.0
0, 3179, 14.25
0, 3180, 14.0
0, 3181, 14.25
0, 3182, 14.5
0, 3183, 14.75
0, 3184, 15.0
0, 3185, 14.75
0, 3186, 14.5
0, 3187, 14.25
0, 3188, 14.0
0, 3189, 13.75
0, 3190, 13.5
0, 3191, 13.25
0, 3192, 13.0
0, 3193, 12.75
0, 3194, 12.5
0, 3195, 12.25
0, 3196, 12.0
0, 3197, 11.75
0, 3198, 11.5
0, 3199, 11.25
0, 3200, 11.0
0, 3201, 10.75
0, 3202, 10.5
0, 3203, 10.25
0, 3204, 10.0
0, 3205, 9.75
0, 3206, 9.5
0, 3207, 9.25
0, 3208, 9.0
0, 3209, 8.75
0, 3210, 8.5
0, 3211, 8.25
0, 3212, 8.0
0, 3213, 7.75
0, 3214, 7.5
0, 3215, 7.25
0, 3216, 7.0
0, 3217, 6.75
0, 3218, 6.5
0, 3219, 6.25
0, 3220, 6.0
0, 3221, 5.75
0, 3222, 5.5
0, 3223, 5.25
0, 3224, 5.0
0, 3225, 4.75
0, 3226, 4.5
0, 3227, 4.25
0, 3228, 4.0
0, 3229, 3.75
0, 3230, 3.5
0, 3231, 3.25
0, 3232, 3.0
0, 3233, 2.75
0, 3234, 2.5
0, 3235, 2.25
0, 3236, 2.0
0, 3237, 1.75
0, 3238, 1.5
0, 3239, 1.25
0, 3240, 1.0
0, 3241, 0.75
0, 3242, 0.75
0, 3243, 0.75
0, 3244, 0.75
0, 3245, 1.0
0, 3246, 1.25
0, 3247, 1.5
0, 3248, 1.75
0, 3249, 2.0
0, 3250, 2.25
0, 3251, 2.5
0, 3252, 2.75
0, 3253, 3.0
0, 3254, 3.25
0, 3255, 3.5
0, 3256, 3.75
0, 3257, 4.0
0, 3258, 4.25
0, 3259, 4.5
0, 3260, 4.75
0, 3261, 5.0
0, 3262, 5.25
0, 3263, 5.5
0, 3264, 5.75
0, 3265, 6.0
0, 3266, 6.25
0, 3267, 6.5
0, 3268, 6.75
0, 3269, 7.0
0, 3270, 7.25
0, 3271, 7.5
0, 3272, 7.75
0, 3273, 8.0
0, 3274, 8.25
0, 3275, 8.5
0, 3276, 8.75
0, 3277, 9.0
0, 3278, 9.25
0, 3279, 9.5
0, 3280, 9.75
0, 3281, 10.0
0, 3282, 10.25
0, 3283, 10.5
0, 3284, 10.75
0, 3285, 11.0
0, 3286, 11.25
0, 3287, 11.5
0, 3288, 11.75
0, 3289, 12.0
0, 3290, 12.25
0, 3291, 12.5
0, 3292, 12.75
0, 3293, 13.0
0, 3294, 13.25
0, 3295, 13.5
0, 3296, 13.75
0, 3297, 14.0
0, 3298, 14.25
0, 3299, 14.5
0, 3300, 14.75
0, 3301, 15.0
0, 3302, 15.25
0, 3303, 15.5
0, 3304, 15.75
0, 3305, 16.0
0, 3306, 16.25
0, 3307, 16.5
0, 3308, 16.75
0, 3309, 17.0
0, 3310, 17.25
0, 3311, 17.5
0, 3312, 17.75
0, 3313, 18.0
0, 3314, 18.25
0, 3315, 18.5
0, 3316, 18.75
0, 3317, 19.0
0, 3318, 19.25
0, 3319, 19.5
0, 3320, 19.25
0, 3321, 19.0
0, 3322, 19.25
0, 3323, 19.0
0, 3324, 18.75
0, 3325, 18.5
0, 3326, 18.25
0, 3327, 18.0
0, 3328, 17.75
0, 3329, 17.5
0, 3330, 17.25
0, 3331, 17.0
0, 3332, 16.75
0, 3333, 16.5
0, 3334, 16.25
0, 3335, 16.0
0, 3336, 15.75
0, 3337, 15.5
0, 3338, 15.25
0, 3339, 15.0
0, 3340, 14.75
0, 3341, 14.5
0, 3342, 14.25
0, 3343, 14.0
0, 3344, 13.75
0, 3345, 13.5
0, 3346, 13.25
0, 3347, 13.0
0, 3348, 12.75
0, 3349, 12.5
0, 3350, 12.25
0, 3351, 12.0
0, 3352, 11.75
0, 3353, 11.5
0, 3354, 11.25
0, 3355, 11.0
0, 3356, 10.75
0, 3357, 10.5
0, 3358, 10.25
0, 3359, 10.0
0, 3360, 9.75
0, 3361, 9.5
0, 3362, 9.25
0, 3363, 9.0
0, 3364, 8.75
0, 3365, 8.5
0, 3366, 8.25
0, 3367, 8.0
0, 3368, 7.75
0, 3369, 7.5
0, 3370, 7.25
0, 3371, 7.0
0, 3372, 6.75
0, 3373, 6.5
0, 3374, 6.25
0, 3375, 6.0
0, 3376, 5.75
0, 3377, 5.5
0, 3378, 5.25
0, 3379, 5.0
0, 3380, 4.75
0, 3381, 4.5
0, 3382, 4.25
0, 3383, 4.0
0, 3384, 3.75
0, 3385, 3.5
0, 3386, 3.25
0, 3387, 3.0
0, 3388, 2.75
0, 3389, 2.5
0, 3390, 2.25
0, 3391, 2.0
0, 3392, 1.75
0, 3393, 1.5
0, 3394, 1.25
0, 3395, 1.0
0, 3396, 0.75
0, 3397, 0.75
0, 3398, 0.75
0, 3399, 0.75
0, 3400, 0.75
0, 3401, 0.75
0, 3402, 0.75
0, 3403, 0.75
0, 3404, 0.75
0, 3405, 0.75
0, 3406, 0.75
0, 3407, 0.75
0, 3408, 0.75
0, 3409, 0.75
0, 3410, 0.75
0, 3411, 0.75
0, 3412, 0.75
0, 3413, 0.75
0, 3414, 0.75
0, 3415, 0.75
0, 3416, 0.75
0, 3417, 0.75
0, 3418, 0.75
0, 3419, 0.75
0, 3420, 0.75
0, 3421, 0.75
0, 3422, 0.75
0, 3423, 0.75
0, 3424, 0.75
0, 3425, 0.75
0, 3426, 0.75
0, 3427, 0.75
0, 3428, 0.75
0, 3429, 0.75
0, 3430, 0.75
0, 3431, 0.75
0, 3432, 0.75
0, 3433, 0.75
0, 3434, 0.75
0, 3435, 0.75
0, 3436, 0.75
0, 3437, 0.75
0, 3438, 0.75
0, 3439, 0.75
0, 3440, 0.75
0, 3441, 0.75
0, 3442, 0.75
0, 3443, 0.75
0, 3444, 0.75
0, 3445, 0.75
0, 3446, 0.75
0, 3447, 0.75
0, 3448, 0.75
0, 3449, 0.75
0, 3450, 0.75
0, 3451, 0.75
0, 3452, 0.75
0, 3453, 0.75
0, 3454, 0.75
0, 3455, 0.75
0, 3456, 0.75
0, 3457, 0.75
0, 3458, 0.75
0, 3459, 0.75
0, 3460, 0.75
0, 3461, 0.75
0, 3462, 0.75
0, 3463, 0.75
0, 3464, 1.0
0, 3465, 0.75
0, 3466, 0.75
0, 3467, 0.75
0, 3468, 0.75
0, 3469, 1.0
0, 3470, 1.25
0, 3471, 1.5
0, 3472, 1.75
0, 3473, 1.5
0, 3474, 1.25
0, 3475, 1.5
0, 3476, 1.75
0, 3477, 2.0
0, 3478, 2.25
0, 3479, 2.5
0, 3480, 2.75
0, 3481, 3.0
0, 3482, 3.25
0, 3483, 3.5
0, 3484, 3.75
0, 3485, 4.0
0, 3486, 4.25
0, 3487, 4.5
0, 3488, 4.75
0, 3489, 5.0
0, 3490, 5.25
0, 3491, 5.5
0, 3492, 5.75
0, 3493, 6.0
0, 3494, 6.25
0, 3495, 6.5
0, 3496, 6.75
0, 3497, 7.0
0, 3498, 7.25
0, 3499, 7.5
0, 3500, 7.75
0, 3501, 8.0
0, 3502, 8.25
0, 3503, 8.5
0, 3504, 8.75
0, 3505, 9.0
0, 3506, 9.25
0, 3507, 9.5
0, 3508, 9.75
0, 3509, 10.0
0, 3510, 10.25
0, 3511, 10.5
0, 3512, 10.75
0, 3513, 11.0
0, 3514, 11.25
0, 3515, 11.5
0, 3516, 11.75
0, 3517, 12.0
0, 3518, 12.25
0, 3519, 12.5
0, 3520, 12.75
0, 3521, 13.0
0, 3522, 13.25
0, 3523, 13.5
0, 3524, 13.75
0, 3525, 14.0
0, 3526, 14.25
0, 3527, 14.5
0, 3528, 14.75
0, 3529, 15.0
0, 3530, 15.25
0, 3531, 15.5
0, 3532, 15.75
0, 3533, 16.0
0, 3534, 16.25
0, 3535, 16.5
0, 3536, 16.75
0, 3537, 16.5
0, 3538, 16.75
0, 3539, 17.0
0, 3540, 17.25
0, 3541, 17.5
0, 3542, 17.25
0, 3543, 17.0
0, 3544, 16.75
0, 3545, 16.5
0, 3546, 16.25
0, 3547, 16.0
0, 3548, 15.75
0, 3549, 15.5
0, 3550, 15.25
0, 3551, 15.0
0, 3552, 14.75
0, 3553, 14.5
0, 3554, 14.25
0, 3555, 14.0
0, 3556, 13.75
0, 3557, 13.5
0, 3558, 13.25
0, 3559, 13.0
0, 3560, 12.75
0, 3561, 12.5
0, 3562, 12.25
0, 3563, 12.0
0, 3564, 11.75
0, 3565, 11.5
0, 3566, 11.25
0, 3567, 11.0
0, 3568, 10.75
0, 3569, 10.5
0, 3570, 10.25
0, 3571, 10.0
0, 3572, 9.75
0, 3573, 9.5
0, 3574, 9.25
0, 3575, 9.0
0, 3576, 8.75
0, 3577, 8.5
0, 3578, 8.25
0, 3579, 8.0
0, 3580, 7.75
0, 3581, 7.5
0, 3582, 7.25
0, 3583, 7.0
0, 3584, 6.75
0, 3585, 6.5
0, 3586, 6.25
0, 3587, 6.0
0, 3588, 5.75
0, 3589, 5.5
0, 3590, 5.25
0, 3591, 5.0
0, 3592, 4.75
0, 3593, 4.5
0, 3594, 4.25
0, 3595, 4.0
0, 3596, 3.75
0, 3597, 3.5
0, 3598, 3.25
0, 3599, 3.0
0, 3600, 2.75
0, 3601, 2.5
0, 3602, 2.25
0, 3603, 2.0
0, 3604, 1.75
0, 3605, 1.5
0, 3606, 1.25
0, 3607, 1.0
0, 3608, 0.75
0, 3609, 0.75
0, 3610, 0.75
0, 3611, 0.75
0, 3612, 0.75
0, 3613, 0.75
0, 3614, 0.75
0, 3615, 0.75
0, 3616, 0.75
0, 3617, 0.75
0, 3618, 0.75
0, 3619, 0.75
0, 3620, 0.75
0, 3621, 0.75
0, 3622, 0.75
0, 3623, 0.75
0, 3624, 0.75
0, 3625, 0.75
0, 3626, 0.75
0, 3627, 0.75
0, 3628, 0.75
0, 3629, 0.75
0, 3630, 0.75
0, 3631, 0.75
0, 3632, 0.75
0, 3633, 0.75
0, 3634, 0.75
0, 3635, 0.75
0, 3636, 0.75
0, 3637, 0.75
0, 3638, 0.75
0, 3639, 0.75
0, 3640, 0.75
0, 3641, 0.75
0, 3642, 0.75
0, 3643, 0.75
0, 3644, 0.75
0, 3645, 0.75
0, 3646, 0.75
0, 3647, 0.75
0, 3648, 0.75
0, 3649, 0.75
0, 3650, 0.75
0, 3651, 0.75
0, 3652, 0.75
0, 3653, 0.75
0, 3654, 0.75
0, 3655, 0.75
0, 3656, 0.75
0, 3657, 0.75
0, 3658, 0.75
0, 3659, 0.75
0, 3660, 1.0
0, 3661, 0.75
0, 3662, 0.75
0, 3663, 0.75
0, 3664, 1.0
0, 3665, 1.25
0, 3666, 1.5
0, 3667, 1.75
0, 3668, 2.0
0, 3669, 2.25
0, 3670, 2.5
0, 3671, 2.75
0, 3672, 3.0
0, 3673, 3.25
0, 3674, 3.5
0, 3675, 3.75
0, 3676, 4.0
0, 3677, 4.25
0, 3678, 4.5
0, 3679, 4.75
0, 3680, 5.0
0, 3681, 5.25
0, 3682, 5.5
0, 3683, 5.75
0, 3684, 6.0
0, 3685, 6.25
0, 3686, 6.5
0, 3687, 6.75
0, 3688, 7.0
0, 3689, 7.25
0, 3690, 7.5
0, 3691, 7.75
0, 3692, 8.0
0, 3693, 8.25
0, 3694, 8.5
0, 3695, 8.75
0, 3696, 9.0
0, 3697, 9.25
0, 3698, 9.5
0, 3699, 9.75
0, 3700, 10.0
0, 3701, 10.25
0, 3702, 10.5
0, 3703, 10.75
0, 3704, 11.0
0, 3705, 11.25
0, 3706, 11.5
0, 3707, 11.75
0, 3708, 12.0
0, 3709, 12.25
0, 3710, 12.5
0, 3711, 12.75
0, 3712, 13.0
0, 3713, 13.25
0, 3714, 13.5
0, 3715, 13.75
0, 3716, 14.0
0, 3717, 14.25
0, 3718, 14.5
0, 3719, 14.75
0, 3720, 15.0
0, 3721, 15.25
0, 3722, 15.5
0, 3723, 15.75
0, 3724, 15.5
0, 3725, 15.25
0, 3726, 15.0
0, 3727, 14.75
0, 3728, 14.5
0, 3729, 14.25
0, 3730, 14.0
0, 3731, 13.75
0, 3732, 13.5
0, 3733, 13.25
0, 3734, 13.0
0, 3735, 12.75
0, 3736, 12.5
0, 3737, 12.25
0, 3738, 12.0
0, 3739, 11.75
0, 3740, 11.5
0, 3741, 11.25
0, 3742, 11.0
0, 3743, 10.75
0, 3744, 10.5
0, 3745, 10.25
0, 3746, 10.0
0, 3747, 9.75
0, 3748, 9.5
0, 3749, 9.25
0, 3750, 9.0
0, 3751, 8.75
0, 3752, 8.5
0, 3753, 8.25
0, 3754, 8.0
0, 3755, 7.75
0, 3756, 7.5
0, 3757, 7.25
0, 3758, 7.0
0, 3759, 6.75
0, 3760, 6.5
0, 3761, 6.25
0, 3762, 6.0
0, 3763, 5.75
0, 3764, 5.5
0, 3765, 5.25
0, 3766, 5.0
0, 3767, 4.75
0, 3768, 4.5
0, 3769, 4.25
0, 3770, 4.0
0, 3771, 3.75
0, 3772, 3.5
0, 3773, 3.25
0, 3774, 3.0
0, 3775, 2.75
0, 3776, 2.5
0, 3777, 2.25
0, 3778, 2.0
0, 3779, 1.75
0, 3780, 1.5
0, 3781, 1.25
0, 3782, 1.0
0, 3783, 0.75
0, 3784, 0.75
0, 3785, 0.75
0, 3786, 0.75
0, 3787, 0.75
0, 3788, 0.75
0, 3789, 0.75
0, 3790, 0.75
0, 3791, 1.0
0, 3792, 1.25
0, 3793, 1.5
0, 3794, 1.25
0, 3795, 1.0
0, 3796, 0.75
0, 3797, 0.75
0, 3798, 1.0
0, 3799, 1.25
0, 3800, 1.5
0, 3801, 1.75
0, 3802, 1.5
0, 3803, 1.75
0, 3804, 2.0
0, 3805, 2.25
0, 3806, 2.5
0, 3807, 2.75
0, 3808, 3.0
0, 3809, 3.25
0, 3810, 3.5
0, 3811, 3.75
0, 3812, 4.0
0, 3813, 4.25
0, 3814, 4.5
0, 3815, 4.75
0, 3816, 5.0
0, 3817, 5.25
0, 3818, 5.5
0, 3819, 5.75
0, 3820, 6.0
0, 3821, 6.25
0, 3822, 6.5
0, 3823, 6.75
0, 3824, 7.0
0, 3825, 7.25
0, 3826, 7.5
0, 3827, 7.75
0, 3828, 8.0
0, 3829, 8.25
0, 3830, 8.5
0, 3831, 8.75
0, 3832, 9.0
0, 3833, 9.25
0, 3834, 9.5
0, 3835, 9.75
0, 3836, 10.0
0, 3837, 10.25
0, 3838, 10.5
0, 3839, 10.75
0, 3840, 11.0
0, 3841, 11.25
0, 3842, 11.5
0, 3843, 11.75
0, 3844, 12.0
0, 3845, 12.25
0, 3846, 12.5
0, 3847, 12.75
0, 3848, 13.0
0, 3849, 13.25
0, 3850, 13.5
0, 3851, 13.25
0, 3852, 13.0
0, 3853, 13.25
0, 3854, 13.5
0, 3855, 13.75
0, 3856, 14.0
0, 3857, 13.75
0, 3858, 13.5
0, 3859, 13.25
0, 3860, 13.0
0, 3861, 12.75
0, 3862, 12.5
0, 3863, 12.25
0, 3864, 12.0
0, 3865, 11.75
0, 3866, 11.5
0, 3867, 11.25
0, 3868, 11.0
0, 3869, 10.75
0, 3870, 10.5
0, 3871, 10.25
0, 3872, 10.0
0, 3873, 9.75
0, 3874, 9.5
0, 3875, 9.25
0, 3876, 9.0
0, 3877, 8.75
0, 3878, 8.5
0, 3879, 8.25
0, 3880, 8.0
0, 3881, 7.75
0, 3882, 7.5
0, 3883, 7.25
0, 3884, 7.0
0, 3885, 6.75
0, 3886, 6.5
0, 3887, 6.25
0, 3888, 6.0
0, 3889, 5.75
0, 3890, 6.0
0, 3891, 6.25
0, 3892, 6.0
0, 3893, 5.75
0, 3894, 5.5
0, 3895, 5.25
0, 3896, 5.5
0, 3897, 5.75
0, 3898, 6.0
0, 3899, 6.25
0, 3900, 6.5
0, 3901, 6.75
0, 3902, 7.0
0, 3903, 7.25
0, 3904, 7.5
0, 3905, 7.75
0, 3906, 8.0
0, 3907, 8.25
0, 3908, 8.5
0, 3909, 8.75
0, 3910, 9.0
0, 3911, 9.25
0, 3912, 9.5
0, 3913, 9.75
0, 3914, 10.0
0, 3915, 10.25
0, 3916, 10.5
0, 3917, 10.75
0, 3918, 11.0
0, 3919, 11.25
0, 3920, 11.5
0, 3921, 11.75
0, 3922, 12.0
0, 3923, 12.25
0, 3924, 12.5
0, 3925, 12.75
0, 3926, 13.0
0, 3927, 13.25
0, 3928, 13.5
0, 3929, 13.75
0, 3930, 14.0
0, 3931, 14.25
0, 3932, 14.5
0, 3933, 14.75
0, 3934, 14.5
0, 3935, 14.25
0, 3936, 14.0
0, 3937, 13.75
0, 3938, 13.5
0, 3939, 13.25
0, 3940, 13.0
0, 3941, 12.75
0, 3942, 12.5
0, 3943, 12.25
0, 3944, 12.0
0, 3945, 11.75
0, 3946, 11.5
0, 3947, 11.25
0, 3948, 11.0
0, 3949, 10.75
0, 3950, 10.5
0, 3951, 10.25
0, 3952, 10.0
0, 3953, 9.75
0, 3954, 9.5
0, 3955, 9.25
0, 3956, 9.0
0, 3957, 8.75
0, 3958, 8.5
0, 3959, 8.25
0, 3960, 8.0
0, 3961, 7.75
0, 3962, 7.5
0, 3963, 7.25
0, 3964, 7.0
0, 3965, 6.75
0, 3966, 6.5
0, 3967, 6.25
0, 3968, 6.0
0, 3969, 5.75
0, 3970, 5.5
0, 3971, 5.25
0, 3972, 5.0
0, 3973, 4.75
0, 3974, 4.5
0, 3975, 4.75
0, 3976, 4.5
0, 3977, 4.25
0, 3978, 4.0
0, 3979, 3.75
0, 3980, 4.0
0, 3981, 4.25
0, 3982, 4.5
0, 3983, 4.75
0, 3984, 5.0
0, 3985, 5.25
0, 3986, 5.5
0, 3987, 5.75
0, 3988, 6.0
0, 3989, 6.25
0, 3990, 6.5
0, 3991, 6.75
0, 3992, 7.0
0, 3993, 7.25
0, 3994, 7.5
0, 3995, 7.75
0, 3996, 8.0
0, 3997, 8.25
0, 3998, 8.5
0, 3999, 8.75
0, 4000, 9.0
0, 4001, 9.25
0, 4002, 9.5
0, 4003, 9.75
0, 4004, 10.0
0, 4005, 10.25
0, 4006, 10.5
0, 4007, 10.75
0, 4008, 11.0
0, 4009, 11.25
0, 4010, 11.5
0, 4011, 11.75
0, 4012, 12.0
0, 4013, 12.25
0, 4014, 12.5
0, 4015, 12.75
0, 4016, 13.0
0, 4017, 13.25
0, 4018, 13.5
0, 4019, 13.75
0, 4020, 14.0
0, 4021, 14.25
0, 4022, 14.5
0, 4023, 14.75
0, 4024, 15.0
0, 4025, 15.25
0, 4026, 15.5
0, 4027, 15.75
0, 4028, 16.0
0, 4029, 16.25
0, 4030, 16.5
0, 4031, 16.75
0, 4032, 16.5
0, 4033, 16.25
0, 4034, 16.0
0, 4035, 15.75
0, 4036, 15.5
0, 4037, 15.25
0, 4038, 15.0
0, 4039, 14.75
0, 4040, 14.5
0, 4041, 14.25
0, 4042, 14.0
0, 4043, 13.75
0, 4044, 14.0
0, 4045, 14.25
0, 4046, 14.0
0, 4047, 13.75
0, 4048, 13.5
0, 4049, 13.25
0, 4050, 13.5
0, 4051, 13.75
0, 4052, 14.0
0, 4053, 14.25
0, 4054, 14.0
0, 4055, 14.25
0, 4056, 14.5
0, 4057, 14.75
0, 4058, 15.0
0, 4059, 15.25
0, 4060, 15.5
0, 4061, 15.25
0, 4062, 15.0
0, 4063, 15.25
0, 4064, 15.5
0, 4065, 15.75
0, 4066, 16.0
0, 4067, 16.25
0, 4068, 16.0
0, 4069, 15.75
0, 4070, 16.0
0, 4071, 16.25
0, 4072, 16.5
0, 4073, 16.75
0, 4074, 17.0
0, 4075, 16.75
0, 4076, 16.5
0, 4077, 16.25
0, 4078, 16.0
0, 4079, 15.75
0, 4080, 15.5
0, 4081, 15.25
0, 4082, 15.0
0, 4083, 14.75
0, 4084, 14.5
0, 4085, 14.25
0, 4086, 14.0
0, 4087, 13.75
0, 4088, 13.5
0, 4089, 13.25
0, 4090, 13.0
0, 4091, 12.75
0, 4092, 12.5
0, 4093, 12.25
0, 4094, 12.0
0, 4095, 11.75
0, 4096, 11.5
0, 4097, 11.25
0, 4098, 11.0
0, 4099, 10.75
0, 4100, 10.5
0, 4101, 10.25
0, 4102, 10.0
0, 4103, 9.75
0, 4104, 9.5
0, 4105, 9.25
0, 4106, 9.0
0, 4107, 8.75
0, 4108, 8.5
0, 4109, 8.25
0, 4110, 8.0
0, 4111, 7.75
0, 4112, 7.5
0, 4113, 7.25
0, 4114, 7.0
0, 4115, 6.75
0, 4116, 6.5
0, 4117, 6.25
0, 4118, 6.0
0, 4119, 5.75
0, 4120, 5.5
0, 4121, 5.25
0, 4122, 5.0
0, 4123, 4.75
0, 4124, 4.5
0, 4125, 4.25
0, 4126, 4.0
0, 4127, 3.75
0, 4128, 3.5
0, 4129, 3.25
0, 4130, 3.0
0, 4131, 2.75
0, 4132, 2.5
0, 4133, 2.25
0, 4134, 2.0
0, 4135, 1.75
0, 4136, 1.5
0, 4137, 1.25
0, 4138, 1.0
0, 4139, 0.75
0, 4140, 0.75
0, 4141, 0.75
0, 4142, 0.75
0, 4143, 0.75
0, 4144, 0.75
0, 4145, 0.75
0, 4146, 0.75
0, 4147, 0.75
0, 4148, 0.75
0, 4149, 0.75
0, 4150, 0.75
0, 4151, 0.75
0, 4152, 0.75
0, 4153, 0.75
0, 4154, 0.75
0, 4155, 0.75
0, 4156, 0.75
0, 4157, 0.75
0, 4158, 0.75
0, 4159, 0.75
0, 4160, 0.75
0, 4161, 0.75
0, 4162, 0.75
0, 4163, 0.75
0, 4164, 0.75
0, 4165, 0.75
0, 4166, 0.75
0, 4167, 0.75
0, 4168, 0.75
0, 4169, 1.0
0, 4170, 1.25
0, 4171, 1.5
0, 4172, 1.75
0, 4173, 1.5
0, 4174, 1.25
0, 4175, 1.5
0, 4176, 1.75
0, 4177, 2.0
0, 4178, 2.25
0, 4179, 2.5
0, 4180, 2.75
0, 4181, 3.0
0, 4182, 3.25
0, 4183, 3.5
0, 4184, 3.75
0, 4185, 4.0
0, 4186, 4.25
0, 4187, 4.5
0, 4188, 4.75
0, 4189, 5.0
0, 4190, 5.25
0, 4191, 5.5
0, 4192, 5.75
0, 4193, 6.0
0, 4194, 6.25
0, 4195, 6.5
0, 4196, 6.75
0, 4197, 7.0
0, 4198, 7.25
0, 4199, 7.5
0, 4200, 7.75
0, 4201, 8.0
0, 4202, 8.25
0, 4203, 8.5
0, 4204, 8.75
0, 4205, 9.0
0, 4206, 9.25
0, 4207, 9.5
0, 4208, 9.75
0, 4209, 10.0
0, 4210, 10.25
0, 4211, 10.5
0, 4212, 10.75
0, 4213, 11.0
0, 4214, 11.25
0, 4215, 11.5
0, 4216, 11.75
0, 4217, 12.0
0, 4218, 12.25
0, 4219, 12.5
0, 4220, 12.75
0, 4221, 13.0
0, 4222, 13.25
0, 4223, 13.5
0, 4224, 13.75
0, 4225, 14.0
0, 4226, 14.25
0, 4227, 14.5
0, 4228, 14.75
0, 4229, 15.0
0, 4230, 15.25
0, 4231, 15.5
0, 4232, 15.75
0, 4233, 16.0
0, 4234, 16.25
0, 4235, 16.5
0, 4236, 16.75
0, 4237, 17.0
0, 4238, 17.25
0, 4239, 17.5
0, 4240, 17.75
0, 4241, 18.0
0, 4242, 18.25
0, 4243, 18.5
0, 4244, 18.75
0, 4245, 19.0
0, 4246, 19.25
0, 4247, 19.5
0, 4248, 19.75
0, 4249, 20.0
0, 4250, 20.25
0, 4251, 20.5
0, 4252, 20.75
0, 4253, 21.0
0, 4254, 21.25
0, 4255, 21.5
0, 4256, 21.75
0, 4257, 22.0
0, 4258, 22.25
0, 4259, 22.5
0, 4260, 22.75
0, 4261, 23.0
0, 4262, 23.25
0, 4263, 23.5
0, 4264, 23.75
0, 4265, 24.0
0, 4266, 24.25
0, 4267, 24.5
0, 4268, 24.75
0, 4269, 25.0
0, 4270, 24.75
0, 4271, 24.5
0, 4272, 24.25
0, 4273, 24.0
0, 4274, 23.75
0, 4275, 23.5
0, 4276, 23.25
0, 4277, 23.0
0, 4278, 22.75
0, 4279, 22.5
0, 4280, 22.25
0, 4281, 22.0
0, 4282, 21.75
0, 4283, 21.5
0, 4284, 21.25
0, 4285, 21.0
0, 4286, 20.75
0, 4287, 20.5
0, 4288, 20.25
0, 4289, 20.0
0, 4290, 19.75
0, 4291, 19.5
0, 4292, 19.25
0, 4293, 19.0
0, 4294, 18.75
0, 4295, 18.5
0, 4296, 18.25
0, 4297, 18.0
0, 4298, 17.75
0, 4299, 17.5
0, 4300, 17.25
0, 4301, 17.0
0, 4302, 16.75
0, 4303, 16.5
0, 4304, 16.25
0, 4305, 16.0
0, 4306, 15.75
0, 4307, 15.5
0, 4308, 15.25
0, 4309, 15.0
0, 4310, 14.75
0, 4311, 14.5
0, 4312, 14.25
0, 4313, 14.0
0, 4314, 13.75
0, 4315, 13.5
0, 4316, 13.25
0, 4317, 13.0
0, 4318, 12.75
0, 4319, 12.5
0, 4320, 12.25
0, 4321, 12.0
0, 4322, 11.75
0, 4323, 11.5
0, 4324, 11.25
0, 4325, 11.0
0, 4326, 10.75
0, 4327, 10.5
0, 4328, 10.25
0, 4329, 10.0
0, 4330, 9.75
0, 4331, 9.5
0, 4332, 9.25
0, 4333, 9.0
0, 4334, 8.75
0, 4335, 8.5
0, 4336, 8.25
0, 4337, 8.0
0, 4338, 7.75
0, 4339, 7.5
0, 4340, 7.25
0, 4341, 7.0
0, 4342, 6.75
0, 4343, 6.5
0, 4344, 6.25
0, 4345, 6.0
0, 4346, 5.75
0, 4347, 5.5
0, 4348, 5.25
0, 4349, 5.0
0, 4350, 4.75
0, 4351, 4.5
0, 4352, 4.25
0, 4353, 4.0
0, 4354, 3.75
0, 4355, 3.5
0, 4356, 3.25
0, 4357, 3.0
0, 4358, 2.75
0, 4359, 2.5
0, 4360, 2.25
0, 4361, 2.0
0, 4362, 1.75
0, 4363, 1.5
0, 4364, 1.25
0, 4365, 1.0
0, 4366, 0.75
0, 4367, 0.75
0, 4368, 0.75
0, 4369, 0.75
0, 4370, 0.75
0, 4371, 0.75
0, 4372, 0.75
0, 4373, 0.75
0, 4374, 0.75
0, 4375, 0.75
0, 4376, 0.75
0, 4377, 0.75
0, 4378, 0.75
0, 4379, 0.75
0, 4380, 0.75
0, 4381, 0.75
0, 4382, 0.75
0, 4383, 0.75
0, 4384, 0.75
0, 4385, 0.75
0, 4386, 0.75
0, 4387, 0.75
0, 4388, 0.75
0, 4389, 0.75
0, 4390, 0.75
0, 4391, 0.75
0, 4392, 0.75
0, 4393, 0.75
0, 4394, 0.75
0, 4395, 0.75
0, 4396, 0.75
0, 4397, 0.75
0, 4398, 0.75
0, 4399, 0.75
0, 4400, 0.75
0, 4401, 0.75
0, 4402, 0.75
0, 4403, 0.75
0, 4404, 0.75
0, 4405, 0.75
0, 4406, 0.75
0, 4407, 0.75
0, 4408, 0.75
0, 4409, 0.75
0, 4410, 0.75
0, 4411, 0.75
0, 4412, 0.75
0, 4413, 0.75
0, 4414, 0.75
0, 4415, 0.75
0, 4416, 0.75
0, 4417, 0.75
0, 4418, 0.75
0, 4419, 0.75
0, 4420, 0.75
0, 4421, 1.0
0, 4422, 1.25
0, 4423, 1.5
0, 4424, 1.75
0, 4425, 1.5
0, 4426, 1.25
0, 4427, 1.5
0, 4428, 1.75
0, 4429, 2.0
0, 4430, 2.25
0, 4431, 2.5
0, 4432, 2.75
0, 4433, 3.0
0, 4434, 3.25
0, 4435, 3.5
0, 4436, 3.75
0, 4437, 4.0
0, 4438, 4.25
0, 4439, 4.5
0, 4440, 4.75
0, 4441, 5.0
0, 4442, 5.25
0, 4443, 5.5
0, 4444, 5.75
0, 4445, 6.0
0, 4446, 6.25
0, 4447, 6.5
0, 4448, 6.75
0, 4449, 7.0
0, 4450, 7.25
0, 4451, 7.5
0, 4452, 7.75
0, 4453, 8.0
0, 4454, 8.25
0, 4455, 8.5
0, 4456, 8.75
0, 4457, 9.0
0, 4458, 9.25
0, 4459, 9.5
0, 4460, 9.75
0, 4461, 10.0
0, 4462, 10.25
0, 4463, 10.5
0, 4464, 10.75
0, 4465, 11.0
0, 4466, 11.25
0, 4467, 11.5
0, 4468, 11.75
0, 4469, 12.0
0, 4470, 12.25
0, 4471, 12.5
0, 4472, 12.75
0, 4473, 13.0
0, 4474, 13.25
0, 4475, 13.5
0, 4476, 13.75
0, 4477, 14.0
0, 4478, 14.25
0, 4479, 14.5
0, 4480, 14.75
0, 4481, 15.0
0, 4482, 15.25
0, 4483, 15.5
0, 4484, 15.75
0, 4485, 16.0
0, 4486, 16.25
0, 4487, 16.5
0, 4488, 16.25
0, 4489, 16.0
0, 4490, 15.75
0, 4491, 16.0
0, 4492, 15.75
0, 4493, 16.0
0, 4494, 15.75
0, 4495, 15.5
0, 4496, 15.25
0, 4497, 15.0
0, 4498, 14.75
0, 4499, 14.5
0, 4500, 14.25
0, 4501, 14.0
0, 4502, 13.75
0, 4503, 13.5
0, 4504, 13.25
0, 4505, 13.0
0, 4506, 12.75
0, 4507, 12.5
0, 4508, 12.25
0, 4509, 12.0
0, 4510, 11.75
0, 4511, 11.5
0, 4512, 11.25
0, 4513, 11.0
0, 4514, 10.75
0, 4515, 10.5
0, 4516, 10.25
0, 4517, 10.0
0, 4518, 9.75
0, 4519, 9.5
0, 4520, 9.25
0, 4521, 9.0
0, 4522, 8.75
0, 4523, 8.5
0, 4524, 8.25
0, 4525, 8.0
0, 4526, 7.75
0, 4527, 7.5
0, 4528, 7.25
0, 4529, 7.0
0, 4530, 6.75
0, 4531, 6.5
0, 4532, 6.25
0, 4533, 6.0
0, 4534, 5.75
0, 4535, 5.5
0, 4536, 5.25
0, 4537, 5.0
0, 4538, 4.75
0, 4539, 4.5
0, 4540, 4.25
0, 4541, 4.0
0, 4542, 3.75
0, 4543, 3.5
0, 4544, 3.25
0, 4545, 3.0
0, 4546, 2.75
0, 4547, 2.5
0, 4548, 2.25
0, 4549, 2.0
0, 4550, 1.75
0, 4551, 1.5
0, 4552, 1.25
0, 4553, 1.0
0, 4554, 1.25
0, 4555, 1.5
0, 4556, 1.75
0, 4557, 2.0
0, 4558, 2.25
0, 4559, 2.5
0, 4560, 2.75
0, 4561, 3.0
0, 4562, 3.25
0, 4563, 3.5
0, 4564, 3.75
0, 4565, 4.0
0, 4566, 4.25
0, 4567, 4.5
0, 4568, 4.75
0, 4569, 5.0
0, 4570, 5.25
0, 4571, 5.5
0, 4572, 5.75
0, 4573, 6.0
0, 4574, 6.25
0, 4575, 6.5
0, 4576, 6.75
0, 4577, 7.0
0, 4578, 7.25
0, 4579, 7.5
0, 4580, 7.75
0, 4581, 8.0
0, 4582, 8.25
0, 4583, 8.5
0, 4584, 8.75
0, 4585, 9.0
0, 4586, 9.25
0, 4587, 9.5
0, 4588, 9.75
0, 4589, 10.0
0, 4590, 10.25
0, 4591, 10.5
0, 4592, 10.75
0, 4593, 11.0
0, 4594, 11.25
0, 4595, 11.5
0, 4596, 11.75
0, 4597, 12.0
0, 4598, 12.25
0, 4599, 12.5
0, 4600, 12.75
0, 4601, 13.0
0, 4602, 13.25
0, 4603, 13.5
0, 4604, 13.75
0, 4605, 14.0
0, 4606, 14.25
0, 4607, 14.5
0, 4608, 14.75
0, 4609, 15.0
0, 4610, 15.25
0, 4611, 15.5
0, 4612, 15.75
0, 4613, 16.0
0, 4614, 16.25
0, 4615, 16.5
0, 4616, 16.75
0, 4617, 17.0
0, 4618, 17.25
0, 4619, 17.5
0, 4620, 17.75
0, 4621, 17.5
0, 4622, 17.25
0, 4623, 17.0
0, 4624, 17.25
0, 4625, 17.0
0, 4626, 16.75
0, 4627, 16.5
0, 4628, 16.25
0, 4629, 16.0
0, 4630, 15.75
0, 4631, 15.5
0, 4632, 15.25
0, 4633, 15.0
0, 4634, 14.75
0, 4635, 14.5
0, 4636, 14.25
0, 4637, 14.0
0, 4638, 13.75
0, 4639, 13.5
0, 4640, 13.25
0, 4641, 13.0
0, 4642, 12.75
0, 4643, 12.5
0, 4644, 12.25
0, 4645, 12.0
0, 4646, 11.75
0, 4647, 11.5
0, 4648, 11.25
0, 4649, 11.0
0, 4650, 10.75
0, 4651, 10.5
0, 4652, 10.25
0, 4653, 10.0
0, 4654, 9.75
0, 4655, 9.5
0, 4656, 9.25
0, 4657, 9.0
0, 4658, 8.75
0, 4659, 8.5
0, 4660, 8.25
0, 4661, 8.0
0, 4662, 7.75
0, 4663, 7.5
0, 4664, 7.25
0, 4665, 7.0
0, 4666, 6.75
0, 4667, 6.5
0, 4668, 6.25
0, 4669, 6.0
0, 4670, 5.75
0, 4671, 5.5
0, 4672, 5.25
0, 4673, 5.0
0, 4674, 4.75
0, 4675, 4.5
0, 4676, 4.25
0, 4677, 4.0
0, 4678, 3.75
0, 4679, 3.5
0, 4680, 3.25
0, 4681, 3.0
0, 4682, 2.75
0, 4683, 2.5
0, 4684, 2.25
0, 4685, 2.0
0, 4686, 1.75
0, 4687, 1.5
0, 4688, 1.25
0, 4689, 1.0
0, 4690, 0.75
0, 4691, 0.75
0, 4692, 0.75
0, 4693, 0.75
0, 4694, 0.75
0, 4695, 0.75
0, 4696, 0.75
0, 4697, 0.75
0, 4698, 0.75
0, 4699, 0.75
0, 4700, 0.75
0, 4701, 0.75
0, 4702, 0.75
0, 4703, 0.75
0, 4704, 0.75
0, 4705, 0.75
0, 4706, 0.75
0, 4707, 0.75
0, 4708, 0.75
0, 4709, 0.75
0, 4710, 0.75
0, 4711, 0.75
0, 4712, 0.75
0, 4713, 0.75
0, 4714, 0.75
0, 4715, 0.75
0, 4716, 0.75
0, 4717, 0.75
0, 4718, 0.75
0, 4719, 0.75
0, 4720, 0.75
0, 4721, 0.75
0, 4722, 0.75
0, 4723, 0.75
0, 4724, 0.75
0, 4725, 0.75
0, 4726, 0.75
0, 4727, 0.75
0, 4728, 0.75
0, 4729, 0.75
0, 4730, 0.75
0, 4731, 0.75
0, 4732, 0.75
0, 4733, 0.75
0, 4734, 0.75
0, 4735, 0.75
0, 4736, 1.0
0, 4737, 1.25
0, 4738, 1.5
0, 4739, 1.75
0, 4740, 2.0
0, 4741, 2.25
0, 4742, 2.5
0, 4743, 2.75
0, 4744, 3.0
0, 4745, 3.25
0, 4746, 3.5
0, 4747, 3.75
0, 4748, 4.0
0, 4749, 4.25
0, 4750, 4.5
0, 4751, 4.75
0, 4752, 5.0
0, 4753, 5.25
0, 4754, 5.5
0, 4755, 5.75
0, 4756, 6.0
0, 4757, 6.25
0, 4758, 6.5
0, 4759, 6.75
0, 4760, 7.0
0, 4761, 7.25
0, 4762, 7.5
0, 4763, 7.75
0, 4764, 8.0
0, 4765, 8.25
0, 4766, 8.5
0, 4767, 8.75
0, 4768, 9.0
0, 4769, 9.25
0, 4770, 9.5
0, 4771, 9.75
0, 4772, 10.0
0, 4773, 10.25
0, 4774, 10.5
0, 4775, 10.75
0, 4776, 11.0
0, 4777, 11.25
0, 4778, 11.5
0, 4779, 11.75
0, 4780, 12.0
0, 4781, 12.25
0, 4782, 12.5
0, 4783, 12.75
0, 4784, 13.0
0, 4785, 13.25
0, 4786, 13.5
0, 4787, 13.75
0, 4788, 14.0
0, 4789, 14.25
0, 4790, 14.5
0, 4791, 14.75
0, 4792, 15.0
0, 4793, 15.25
0, 4794, 15.5
0, 4795, 15.75
0, 4796, 16.0
0, 4797, 16.25
0, 4798, 16.5
0, 4799, 16.75
0, 4800, 17.0
0, 4801, 17.25
0, 4802, 17.5
0, 4803, 17.75
0, 4804, 18.0
0, 4805, 18.25
0, 4806, 18.5
0, 4807, 18.75
0, 4808, 19.0
0, 4809, 19.25
0, 4810, 19.0
0, 4811, 18.75
0, 4812, 19.0
0, 4813, 19.25
0, 4814, 19.5
0, 4815, 19.75
0, 4816, 20.0
0, 4817, 19.75
0, 4818, 19.5
0, 4819, 19.25
0, 4820, 19.0
0, 4821, 18.75
0, 4822, 18.5
0, 4823, 18.25
0, 4824, 18.0
0, 4825, 17.75
0, 4826, 17.5
0, 4827, 17.25
0, 4828, 17.0
0, 4829, 16.75
0, 4830, 16.5
0, 4831, 16.25
0, 4832, 16.0
0, 4833, 15.75
0, 4834, 15.5
0, 4835, 15.25
0, 4836, 15.0
0, 4837, 14.75
0, 4838, 14.5
0, 4839, 14.25
0, 4840, 14.0
0, 4841, 13.75
0, 4842, 13.5
0, 4843, 13.25
0, 4844, 13.0
0, 4845, 12.75
0, 4846, 12.5
0, 4847, 12.25
0, 4848, 12.0
0, 4849, 11.75
0, 4850, 11.5
0, 4851, 11.25
0, 4852, 11.0
0, 4853, 10.75
0, 4854, 10.5
0, 4855, 10.25
0, 4856, 10.0
0, 4857, 9.75
0, 4858, 9.5
0, 4859, 9.25
0, 4860, 9.0
0, 4861, 8.75
0, 4862, 8.5
0, 4863, 8.25
0, 4864, 8.0
0, 4865, 7.75
0, 4866, 7.5
0, 4867, 7.25
0, 4868, 7.0
0, 4869, 6.75
0, 4870, 6.5
0, 4871, 6.25
0, 4872, 6.0
0, 4873, 5.75
0, 4874, 5.5
0, 4875, 5.25
0, 4876, 5.0
0, 4877, 4.75
0, 4878, 4.5
0, 4879, 4.25
0, 4880, 4.0
0, 4881, 3.75
0, 4882, 3.5
0, 4883, 3.25
0, 4884, 3.0
0, 4885, 2.75
0, 4886, 2.5
0, 4887, 2.25
0, 4888, 2.0
0, 4889, 1.75
0, 4890, 1.5
0, 4891, 1.25
0, 4892, 1.0
0, 4893, 0.75
0, 4894, 0.75
0, 4895, 0.75
0, 4896, 0.75
0, 4897, 0.75
0, 4898, 0.75
0, 4899, 0.75
0, 4900, 0.75
0, 4901, 0.75
0, 4902, 0.75
0, 4903, 0.75
0, 4904, 0.75
0, 4905, 0.75
0, 4906, 0.75
0, 4907, 0.75
0, 4908, 0.75
0, 4909, 0.75
0, 4910, 0.75
0, 4911, 0.75
0, 4912, 0.75
0, 4913, 0.75
0, 4914, 0.75
0, 4915, 0.75
0, 4916, 0.75
0, 4917, 0.75
0, 4918, 0.75
0, 4919, 0.75
0, 4920, 0.75
0, 4921, 0.75
0, 4922, 0.75
0, 4923, 0.75
0, 4924, 0.75
0, 4925, 0.75
0, 4926, 0.75
0, 4927, 0.75
0, 4928, 0.75
0, 4929, 0.75
0, 4930, 0.75
0, 4931, 0.75
0, 4932, 0.75
0, 4933, 0.75
0, 4934, 0.75
0, 4935, 0.75
0, 4936, 0.75
0, 4937, 0.75
0, 4938, 0.75
0, 4939, 0.75
0, 4940, 0.75
0, 4941, 0.75
0, 4942, 0.75
0, 4943, 0.75
0, 4944, 0.75
0, 4945, 0.75
0, 4946, 0.75
0, 4947, 0.75
0, 4948, 1.0
0, 4949, 1.25
0, 4950, 1.0
0, 4951, 1.25
0, 4952, 1.5
0, 4953, 1.75
0, 4954, 2.0
0, 4955, 2.25
0, 4956, 2.5
0, 4957, 2.75
0, 4958, 3.0
0, 4959, 3.25
0, 4960, 3.5
0, 4961, 3.75
0, 4962, 4.0
0, 4963, 4.25
0, 4964, 4.5
0, 4965, 4.75
0, 4966, 5.0
0, 4967, 5.25
0, 4968, 5.5
0, 4969, 5.75
0, 4970, 6.0
0, 4971, 6.25
0, 4972, 6.5
0, 4973, 6.75
0, 4974, 7.0
0, 4975, 7.25
0, 4976, 7.5
0, 4977, 7.75
0, 4978, 8.0
0, 4979, 8.25
0, 4980, 8.5
0, 4981, 8.75
0, 4982, 9.0
0, 4983, 9.25
0, 4984, 9.5
0, 4985, 9.75
0, 4986, 10.0
0, 4987, 10.25
0, 4988, 10.5
0, 4989, 10.75
0, 4990, 11.0
0, 4991, 11.25
0, 4992, 11.5
0, 4993, 11.75
0, 4994, 12.0
0, 4995, 12.25
0, 4996, 12.5
0, 4997, 12.75
0, 4998, 13.0
0, 4999, 13.25
