Replication, Day, Arrival Amount
0, 0, 30.0
0, 1, 30.25
0, 2, 30.5
0, 3, 30.75
0, 4, 31.0
0, 5, 31.25
0, 6, 31.5
0, 7, 31.75
0, 8, 32.0
0, 9, 32.25
0, 10, 32.5
0, 11, 32.75
0, 12, 33.0
0, 13, 33.25
0, 14, 33.5
0, 15, 33.75
0, 16, 34.0
0, 17, 34.25
0, 18, 34.5
0, 19, 34.75
0, 20, 35.0
0, 21, 35.25
0, 22, 35.5
0, 23, 35.75
0, 24, 36.0
0, 25, 36.25
0, 26, 36.5
0, 27, 36.75
0, 28, 37.0
0, 29, 37.25
0, 30, 37.5
0, 31, 37.75
0, 32, 38.0
0, 33, 38.25
0, 34, 38.5
0, 35, 38.75
0, 36, 39.0
0, 37, 39.25
0, 38, 39.5
0, 39, 39.75
0, 40, 40.0
0, 41, 40.25
0, 42, 40.5
0, 43, 40.75
0, 44, 41.0
0, 45, 41.25
0, 46, 41.5
0, 47, 41.75
0, 48, 42.0
0, 49, 42.25
0, 50, 42.5
0, 51, 42.75
0, 52, 43.0
0, 53, 43.25
0, 54, 43.5
0, 55, 43.75
0, 56, 44.0
0, 57, 44.25
0, 58, 44.5
0, 59, 44.75
0, 60, 45.0
0, 61, 45.25
0, 62, 45.5
0, 63, 45.75
0, 64, 46.0
0, 65, 46.25
0, 66, 46.5
0, 67, 46.75
0, 68, 47.0
0, 69, 47.25
0, 70, 47.5
0, 71, 47.75
0, 72, 48.0
0, 73, 48.25
0, 74, 48.5
0, 75, 48.75
0, 76, 49.0
0, 77, 49.25
0, 78, 49.5
0, 79, 49.75
0, 80, 50.0
0, 81, 50.25
0, 82, 50.5
0, 83, 50.75
0, 84, 51.0
0, 85, 51.25
0, 86, 51.5
0, 87, 51.75
0, 88, 52.0
0, 89, 52.25
0, 90, 52.5
0, 91, 52.75
0, 92, 53.0
0, 93, 53.25
0, 94, 53.5
0, 95, 53.75
0, 96, 54.0
0, 97, 54.25
0, 98, 54.5
0, 99, 54.75
0, 100, 55.0
0, 101, 55.25
0, 102, 55.5
0, 103, 55.75
0, 104, 56.0
0, 105, 56.25
0, 106, 56.5
0, 107, 56.75
0, 108, 57.0
0, 109, 57.25
0, 110, 57.5
0, 111, 57.75
0, 112, 58.0
0, 113, 58.25
0, 114, 58.5
0, 115, 58.75
0, 116, 59.0
0, 117, 59.25
0, 118, 59.5
0, 119, 59.75
0, 120, 60.0
0, 121, 60.25
0, 122, 60.5
0, 123, 60.75
0, 124, 61.0
0, 125, 61.25
0, 126, 61.5
0, 127, 61.75
0, 128, 62.0
0, 129, 62.25
0, 130, 62.5
0, 131, 62.75
0, 132, 63.0
0, 133, 63.25
0, 134, 63.5
0, 135, 63.75
0, 136, 64.0
0, 137, 64.25
0, 138, 64.5
0, 139, 64.75
0, 140, 65.0
0, 141, 65.25
0, 142, 65.5
0, 143, 65.75
0, 144, 66.0
0, 145, 66.25
0, 146, 66.5
0, 147, 66.75
0, 148, 67.0
0, 149, 67.25
0, 150, 67.5
0, 151, 67.75
0, 152, 68.0
0, 153, 68.25
0, 154, 68.5
0, 155, 68.75
0, 156, 69.0
0, 157, 69.25
0, 158, 69.5
0, 159, 69.75
0, 160, 70.0
0, 161, 70.25
0, 162, 70.5
0, 163, 70.75
0, 164, 71.0
0, 165, 71.25
0, 166, 71.5
0, 167, 71.75
0, 168, 72.0
0, 169, 72.25
0, 170, 72.5
0, 171, 72.75
0, 172, 73.0
0, 173, 73.25
0, 174, 73.5
0, 175, 73.75
0, 176, 74.0
0, 177, 74.25
0, 178, 74.5
0, 179, 74.75
0, 180, 75.0
0, 181, 75.25
0, 182, 75.5
0, 183, 75.75
0, 184, 76.0
0, 185, 76.25
0, 186, 76.5
0, 187, 76.75
0, 188, 77.0
0, 189, 77.25
0, 190, 77.5
0, 191, 77.75
0, 192, 78.0
0, 193, 78.25
0, 194, 78.5
0, 195, 78.75
0, 196, 79.0
0, 197, 79.25
0, 198, 79.5
0, 199, 79.75
0, 200, 80.0
0, 201, 80.25
0, 202, 80.5
0, 203, 80.75
0, 204, 81.0
0, 205, 81.25
0, 206, 81.5
0, 207, 81.75
0, 208, 82.0
0, 209, 82.25
0, 210, 82.5
0, 211, 82.75
0, 212, 83.0
0, 213, 83.25
0, 214, 83.5
0, 215, 83.75
0, 216, 84.0
0, 217, 84.25
0, 218, 84.5
0, 219, 84.75
0, 220, 85.0
0, 221, 85.25
0, 222, 85.5
0, 223, 85.75
0, 224, 86.0
0, 225, 86.25
0, 226, 86.5
0, 227, 86.75
0, 228, 87.0
0, 229, 87.25
0, 230, 87.5
0, 231, 87.75
0, 232, 88.0
0, 233, 88.25
0, 234, 88.5
0, 235, 88.75
0, 236, 89.0
0, 237, 89.25
0, 238, 89.5
0, 239, 89.25
0, 240, 89.0
0, 241, 88.75
0, 242, 88.5
0, 243, 88.75
0, 244, 89.0
0, 245, 88.75
0, 246, 88.5
0, 247, 88.25
0, 248, 88.0
0, 249, 87.75
0, 250, 87.5
0, 251, 87.25
0, 252, 87.0
0, 253, 86.75
0, 254, 86.5
0, 255, 86.25
0, 256, 86.0
0, 257, 85.75
0, 258, 85.5
0, 259, 85.25
0, 260, 85.0
0, 261, 84.75
0, 262, 84.5
0, 263, 84.25
0, 264, 84.0
0, 265, 83.75
0, 266, 83.5
0, 267, 83.25
0, 268, 83.0
0, 269, 82.75
0, 270, 82.5
0, 271, 82.25
0, 272, 82.0
0, 273, 81.75
0, 274, 81.5
0, 275, 81.25
0, 276, 81.0
0, 277, 80.75
0, 278, 80.5
0, 279, 80.25
0, 280, 80.0
0, 281, 79.75
0, 282, 79.5
0, 283, 79.25
0, 284, 79.0
0, 285, 78.75
0, 286, 78.5
0, 287, 78.25
0, 288, 78.0
0, 289, 77.75
0, 290, 77.5
0, 291, 77.25
0, 292, 77.0
0, 293, 76.75
0, 294, 76.5
0, 295, 76.25
0, 296, 76.0
0, 297, 75.75
0, 298, 75.5
0, 299, 75.25
0, 300, 75.0
0, 301, 74.75
0, 302, 74.5
0, 303, 74.25
0, 304, 74.0
0, 305, 73.75
0, 306, 73.5
0, 307, 73.25
0, 308, 73.0
0, 309, 72.75
0, 310, 72.5
0, 311, 72.25
0, 312, 72.0
0, 313, 71.75
0, 314, 71.5
0, 315, 71.25
0, 316, 71.0
0, 317, 70.75
0, 318, 70.5
0, 319, 70.25
0, 320, 70.0
0, 321, 69.75
0, 322, 69.5
0, 323, 69.25
0, 324, 69.0
0, 325, 68.75
0, 326, 68.5
0, 327, 68.25
0, 328, 68.0
0, 329, 67.75
0, 330, 67.5
0, 331, 67.25
0, 332, 67.0
0, 333, 66.75
0, 334, 66.5
0, 335, 66.25
0, 336, 66.0
0, 337, 65.75
0, 338, 65.5
0, 339, 65.25
0, 340, 65.0
0, 341, 64.75
0, 342, 64.5
0, 343, 64.25
0, 344, 64.0
0, 345, 63.75
0, 346, 63.5
0, 347, 63.25
0, 348, 63.0
0, 349, 62.75
0, 350, 62.5
0, 351, 62.25
0, 352, 62.0
0, 353, 61.75
0, 354, 61.5
0, 355, 61.25
0, 356, 61.0
0, 357, 60.75
0, 358, 60.5
0, 359, 60.25
0, 360, 60.0
0, 361, 59.75
0, 362, 59.5
0, 363, 59.25
0, 364, 59.0
0, 365, 58.75
0, 366, 58.5
0, 367, 58.25
0, 368, 58.0
0, 369, 57.75
0, 370, 57.5
0, 371, 57.25
0, 372, 57.0
0, 373, 56.75
0, 374, 56.5
0, 375, 56.25
0, 376, 56.0
0, 377, 55.75
0, 378, 55.5
0, 379, 55.25
0, 380, 55.0
0, 381, 54.75
0, 382, 54.5
0, 383, 54.25
0, 384, 54.0
0, 385, 53.75
0, 386, 53.5
0, 387, 53.25
0, 388, 53.0
0, 389, 52.75
0, 390, 52.5
0, 391, 52.25
0, 392, 52.0
0, 393, 51.75
0, 394, 51.5
0, 395, 51.25
0, 396, 51.0
0, 397, 50.75
0, 398, 50.5
0, 399, 50.25
0, 400, 50.0
0, 401, 49.75
0, 402, 49.5
0, 403, 49.25
0, 404, 49.0
0, 405, 48.75
0, 406, 48.5
0, 407, 48.25
0, 408, 48.0
0, 409, 47.75
0, 410, 47.5
0, 411, 47.25
0, 412, 47.0
0, 413, 46.75
0, 414, 46.5
0, 415, 46.25
0, 416, 46.0
0, 417, 45.75
0, 418, 45.5
0, 419, 45.25
0, 420, 45.0
0, 421, 44.75
0, 422, 44.5
0, 423, 44.25
0, 424, 44.0
0, 425, 43.75
0, 426, 43.5
0, 427, 43.25
0, 428, 43.0
0, 429, 42.75
0, 430, 42.5
0, 431, 42.25
0, 432, 42.0
0, 433, 41.75
0, 434, 41.5
0, 435, 41.25
0, 436, 41.0
0, 437, 40.75
0, 438, 40.5
0, 439, 40.25
0, 440, 40.0
0, 441, 39.75
0, 442, 39.5
0, 443, 39.25
0, 444, 39.0
0, 445, 38.75
0, 446, 38.5
0, 447, 38.25
0, 448, 38.0
0, 449, 37.75
0, 450, 37.5
0, 451, 37.25
0, 452, 37.0
0, 453, 36.75
0, 454, 36.5
0, 455, 36.25
0, 456, 36.0
0, 457, 35.75
0, 458, 35.5
0, 459, 35.25
0, 460, 35.0
0, 461, 34.75
0, 462, 34.5
0, 463, 34.25
0, 464, 34.0
0, 465, 33.75
0, 466, 33.5
0, 467, 33.25
0, 468, 33.0
0, 469, 32.75
0, 470, 32.5
0, 471, 32.25
0, 472, 32.0
0, 473, 31.75
0, 474, 31.5
0, 475, 31.25
0, 476, 31.0
0, 477, 30.75
0, 478, 30.5
0, 479, 30.25
0, 480, 30.0
0, 481, 29.75
0, 482, 29.5
0, 483, 29.25
0, 484, 29.0
0, 485, 28.75
0, 486, 28.5
0, 487, 28.25
0, 488, 28.0
0, 489, 27.75
0, 490, 27.5
0, 491, 27.25
0, 492, 27.0
0, 493, 26.75
0, 494, 26.5
0, 495, 26.25
0, 496, 26.0
0, 497, 25.75
0, 498, 25.5
0, 499, 25.25
0, 500, 25.0
0, 501, 24.75
0, 502, 24.5
0, 503, 24.25
0, 504, 24.0
0, 505, 23.75
0, 506, 23.5
0, 507, 23.25
0, 508, 23.0
0, 509, 22.75
0, 510, 22.5
0, 511, 22.25
0, 512, 22.0
0, 513, 21.75
0, 514, 21.5
0, 515, 21.25
0, 516, 21.0
0, 517, 20.75
0, 518, 20.5
0, 519, 20.25
0, 520, 20.0
0, 521, 19.75
0, 522, 19.5
0, 523, 19.25
0, 524, 19.0
0, 525, 18.75
0, 526, 18.5
0, 527, 18.25
0, 528, 18.0
0, 529, 17.75
0, 530, 17.5
0, 531, 17.25
0, 532, 17.0
0, 533, 16.75
0, 534, 16.5
0, 535, 16.25
0, 536, 16.0
0, 537, 15.75
0, 538, 15.5
0, 539, 15.25
0, 540, 15.0
0, 541, 14.75
0, 542, 14.5
0, 543, 14.25
0, 544, 14.0
0, 545, 13.75
0, 546, 13.5
0, 547, 13.25
0, 548, 13.0
0, 549, 12.75
0, 550, 12.5
0, 551, 12.25
0, 552, 12.0
0, 553, 11.75
0, 554, 11.5
0, 555, 11.25
0, 556, 11.0
0, 557, 10.75
0, 558, 10.5
0, 559, 10.25
0, 560, 10.0
0, 561, 9.75
0, 562, 9.5
0, 563, 9.25
0, 564, 9.0
0, 565, 8.75
0, 566, 8.5
0, 567, 8.25
0, 568, 8.0
0, 569, 7.75
0, 570, 7.5
0, 571, 7.25
0, 572, 7.0
0, 573, 6.75
0, 574, 6.5
0, 575, 6.25
0, 576, 6.0
0, 577, 5.75
0, 578, 5.5
0, 579, 5.25
0, 580, 5.0
0, 581, 4.75
0, 582, 4.5
0, 583, 4.25
0, 584, 4.0
0, 585, 3.75
0, 586, 3.5
0, 587, 3.25
0, 588, 3.0
0, 589, 2.75
0, 590, 2.5
0, 591, 2.25
0, 592, 2.0
0, 593, 1.75
0, 594, 1.5
0, 595, 1.25
0, 596, 1.0
0, 597, 0.75
0, 598, 0.75
0, 599, 0.75
0, 600, 0.75
0, 601, 0.75
0, 602, 0.75
0, 603, 0.75
0, 604, 0.75
0, 605, 0.75
0, 606, 0.75
0, 607, 0.75
0, 608, 0.75
0, 609, 0.75
0, 610, 0.75
0, 611, 0.75
0, 612, 0.75
0, 613, 0.75
0, 614, 0.75
0, 615, 0.75
0, 616, 0.75
0, 617, 0.75
0, 618, 0.75
0, 619, 0.75
0, 620, 0.75
0, 621, 0.75
0, 622, 0.75
0, 623, 0.75
0, 624, 0.75
0, 625, 0.75
0, 626, 0.75
0, 627, 0.75
0, 628, 0.75
0, 629, 0.75
0, 630, 0.75
0, 631, 0.75
0, 632, 0.75
0, 633, 0.75
0, 634, 0.75
0, 635, 0.75
0, 636, 0.75
0, 637, 0.75
0, 638, 0.75
0, 639, 0.75
0, 640, 0.75
0, 641, 0.75
0, 642, 0.75
0, 643, 0.75
0, 644, 0.75
0, 645, 0.75
0, 646, 0.75
0, 647, 0.75
0, 648, 0.75
0, 649, 0.75
0, 650, 0.75
0, 651, 0.75
0, 652, 0.75
0, 653, 0.75
0, 654, 0.75
0, 655, 0.75
0, 656, 0.75
0, 657, 0.75
0, 658, 0.75
0, 659, 0.75
0, 660, 0.75
0, 661, 0.75
0, 662, 0.75
0, 663, 0.75
0, 664, 0.75
0, 665, 0.75
0, 666, 0.75
0, 667, 0.75
0, 668, 0.75
0, 669, 0.75
0, 670, 0.75
0, 671, 0.75
0, 672, 0.75
0, 673, 0.75
0, 674, 0.75
0, 675, 0.75
0, 676, 0.75
0, 677, 0.75
0, 678, 0.75
0, 679, 0.75
0, 680, 0.75
0, 681, 0.75
0, 682, 0.75
0, 683, 0.75
0, 684, 0.75
0, 685, 0.75
0, 686, 0.75
0, 687, 0.75
0, 688, 0.75
0, 689, 0.75
0, 690, 0.75
0, 691, 0.75
0, 692, 0.75
0, 693, 0.75
0, 694, 0.75
0, 695, 0.75
0, 696, 0.75
0, 697, 0.75
0, 698, 0.75
0, 699, 0.75
0, 700, 0.75
0, 701, 0.75
0, 702, 0.75
0, 703, 0.75
0, 704, 0.75
0, 705, 0.75
0, 706, 0.75
0, 707, 0.75
0, 708, 0.75
0, 709, 0.75
0, 710, 0.75
0, 711, 0.75
0, 712, 0.75
0, 713, 0.75
0, 714, 0.75
0, 715, 0.75
0, 716, 0.75
0, 717, 0.75
0, 718, 0.75
0, 719, 0.75
0, 720, 0.75
0, 721, 0.75
0, 722, 0.75
0, 723, 0.75
0, 724, 0.75
0, 725, 0.75
0, 726, 0.75
0, 727, 0.75
0, 728, 0.75
0, 729, 0.75
0, 730, 0.75
0, 731, 0.75
0, 732, 0.75
0, 733, 0.75
0, 734, 0.75
0, 735, 0.75
0, 736, 0.75
0, 737, 0.75
0, 738, 0.75
0, 739, 0.75
0, 740, 0.75
0, 741, 0.75
0, 742, 0.75
0, 743, 0.75
0, 744, 0.75
0, 745, 0.75
0, 746, 0.75
0, 747, 0.75
0, 748, 0.75
0, 749, 0.75
0, 750, 0.75
0, 751, 0.75
0, 752, 0.75
0, 753, 0.75
0, 754, 0.75
0, 755, 0.75
0, 756, 0.75
0, 757, 0.75
0, 758, 0.75
0, 759, 0.75
0, 760, 0.75
0, 761, 0.75
0, 762, 0.75
0, 763, 0.75
0, 764, 0.75
0, 765, 0.75
0, 766, 0.75
0, 767, 0.75
0, 768, 0.75
0, 769, 0.75
0, 770, 0.75
0, 771, 0.75
0, 772, 0.75
0, 773, 0.75
0, 774, 0.75
0, 775, 0.75
0, 776, 0.75
0, 777, 0.75
0, 778, 0.75
0, 779, 0.75
0, 780, 0.75
0, 781, 0.75
0, 782, 0.75
0, 783, 0.75
0, 784, 0.75
0, 785, 0.75
0, 786, 0.75
0, 787, 0.75
0, 788, 0.75
0, 789, 0.75
0, 790, 0.75
0, 791, 0.75
0, 792, 0.75
0, 793, 0.75
0, 794, 0.75
0, 795, 0.75
0, 796, 0.75
0, 797, 0.75
0, 798, 0.75
0, 799, 0.75
0, 800, 0.75
0, 801, 0.75
0, 802, 0.75
0, 803, 0.75
0, 804, 0.75
0, 805, 0.75
0, 806, 0.75
0, 807, 0.75
0, 808, 0.75
0, 809, 0.75
0, 810, 0.75
0, 811, 0.75
0, 812, 0.75
0, 813, 0.75
0, 814, 0.75
0, 815, 0.75
0, 816, 0.75
0, 817, 0.75
0, 818, 0.75
0, 819, 0.75
0, 820, 0.75
0, 821, 0.75
0, 822, 0.75
0, 823, 0.75
0, 824, 0.75
0, 825, 0.75
0, 826, 0.75
0, 827, 0.75
0, 828, 0.75
0, 829, 0.75
0, 830, 0.75
0, 831, 0.75
0, 832, 0.75
0, 833, 0.75
0, 834, 0.75
0, 835, 0.75
0, 836, 0.75
0, 837, 0.75
0, 838, 0.75
0, 839, 0.75
0, 840, 0.75
0, 841, 0.75
0, 842, 0.75
0, 843, 0.75
0, 844, 0.75
0, 845, 0.75
0, 846, 0.75
0, 847, 0.75
0, 848, 0.75
0, 849, 0.75
0, 850, 0.75
0, 851, 0.75
0, 852, 0.75
0, 853, 0.75
0, 854, 0.75
0, 855, 0.75
0, 856, 0.75
0, 857, 0.75
0, 858, 0.75
0, 859, 0.75
0, 860, 0.75
0, 861, 0.75
0, 862, 0.75
0, 863, 0.75
0, 864, 0.75
0, 865, 0.75
0, 866, 0.75
0, 867, 0.75
0, 868, 0.75
0, 869, 0.75
0, 870, 0.75
0, 871, 0.75
0, 872, 0.75
0, 873, 0.75
0, 874, 0.75
0, 875, 0.75
0, 876, 0.75
0, 877, 0.75
0, 878, 0.75
0, 879, 0.75
0, 880, 0.75
0, 881, 0.75
0, 882, 0.75
0, 883, 0.75
0, 884, 0.75
0, 885, 0.75
0, 886, 0.75
0, 887, 0.75
0, 888, 0.75
0, 889, 0.75
0, 890, 0.75
0, 891, 0.75
0, 892, 0.75
0, 893, 0.75
0, 894, 0.75
0, 895, 0.75
0, 896, 0.75
0, 897, 0.75
0, 898, 0.75
0, 899, 0.75
0, 900, 1.0
0, 901, 1.25
0, 902, 1.5
0, 903, 1.75
0, 904, 1.5
0, 905, 1.25
0, 906, 1.5
0, 907, 1.75
0, 908, 2.0
0, 909, 2.25
0, 910, 2.5
0, 911, 2.75
0, 912, 3.0
0, 913, 3.25
0, 914, 3.5
0, 915, 3.75
0, 916, 4.0
0, 917, 4.25
0, 918, 4.5
0, 919, 4.75
0, 920, 5.0
0, 921, 5.25
0, 922, 5.5
0, 923, 5.75
0, 924, 6.0
0, 925, 6.25
0, 926, 6.5
0, 927, 6.75
0, 928, 7.0
0, 929, 7.25
0, 930, 7.5
0, 931, 7.75
0, 932, 8.0
0, 933, 8.25
0, 934, 8.5
0, 935, 8.75
0, 936, 9.0
0, 937, 9.25
0, 938, 9.5
0, 939, 9.75
0, 940, 10.0
0, 941, 10.25
0, 942, 10.5
0, 943, 10.75
0, 944, 11.0
0, 945, 11.25
0, 946, 11.5
0, 947, 11.75
0, 948, 12.0
0, 949, 12.25
0, 950, 12.5
0, 951, 12.75
0, 952, 13.0
0, 953, 13.25
0, 954, 13.5
0, 955, 13.75
0, 956, 14.0
0, 957, 14.25
0, 958, 14.5
0, 959, 14.75
0, 960, 15.0
0, 961, 15.25
0, 962, 15.5
0, 963, 15.75
0, 964, 16.0
0, 965, 16.25
0, 966, 16.5
0, 967, 16.75
0, 968, 17.0
0, 969, 17.25
0, 970, 17.5
0, 971, 17.75
0, 972, 18.0
0, 973, 18.25
0, 974, 18.5
0, 975, 18.75
0, 976, 19.0
0, 977, 19.25
0, 978, 19.5
0, 979, 19.75
0, 980, 20.0
0, 981, 20.25
0, 982, 20.5
0, 983, 20.75
0, 984, 21.0
0, 985, 21.25
0, 986, 21.5
0, 987, 21.75
0, 988, 22.0
0, 989, 22.25
0, 990, 22.5
0, 991, 22.75
0, 992, 23.0
0, 993, 23.25
0, 994, 23.5
0, 995, 23.25
0, 996, 23.0
0, 997, 22.75
0, 998, 23.0
0, 999, 22.75
0, 1000, 23.0
0, 1001, 22.75
0, 1002, 22.5
0, 1003, 22.25
0, 1004, 22.0
0, 1005, 21.75
0, 1006, 21.5
0, 1007, 21.25
0, 1008, 21.0
0, 1009, 20.75
0, 1010, 20.5
0, 1011, 20.25
0, 1012, 20.0
0, 1013, 19.75
0, 1014, 19.5
0, 1015, 19.25
0, 1016, 19.0
0, 1017, 18.75
0, 1018, 18.5
0, 1019, 18.25
0, 1020, 18.0
0, 1021, 17.75
0, 1022, 17.5
0, 1023, 17.25
0, 1024, 17.0
0, 1025, 16.75
0, 1026, 16.5
0, 1027, 16.25
0, 1028, 16.0
0, 1029, 15.75
0, 1030, 15.5
0, 1031, 15.25
0, 1032, 15.0
0, 1033, 14.75
0, 1034, 14.5
0, 1035, 14.25
0, 1036, 14.0
0, 1037, 13.75
0, 1038, 13.5
0, 1039, 13.25
0, 1040, 13.0
0, 1041, 12.75
0, 1042, 12.5
0, 1043, 12.25
0, 1044, 12.0
0, 1045, 11.75
0, 1046, 11.5
0, 1047, 11.25
0, 1048, 11.0
0, 1049, 10.75
0, 1050, 10.5
0, 1051, 10.25
0, 1052, 10.0
0, 1053, 9.75
0, 1054, 9.5
0, 1055, 9.25
0, 1056, 9.0
0, 1057, 8.75
0, 1058, 8.5
0, 1059, 8.25
0, 1060, 8.0
0, 1061, 7.75
0, 1062, 7.5
0, 1063, 7.25
0, 1064, 7.0
0, 1065, 6.75
0, 1066, 6.5
0, 1067, 6.25
0, 1068, 6.0
0, 1069, 5.75
0, 1070, 5.5
0, 1071, 5.25
0, 1072, 5.0
0, 1073, 4.75
0, 1074, 4.5
0, 1075, 4.25
0, 1076, 4.0
0, 1077, 3.75
0, 1078, 3.5
0, 1079, 3.25
0, 1080, 3.0
0, 1081, 2.75
0, 1082, 2.5
0, 1083, 2.25
0, 1084, 2.0
0, 1085, 1.75
0, 1086, 1.5
0, 1087, 1.25
0, 1088, 1.0
0, 1089, 0.75
0, 1090, 1.0
0, 1091, 1.25
0, 1092, 1.0
0, 1093, 0.75
0, 1094, 0.75
0, 1095, 0.75
0, 1096, 1.0
0, 1097, 1.25
0, 1098, 1.5
0, 1099, 1.75
0, 1100, 1.5
0, 1101, 1.75
0, 1102, 2.0
0, 1103, 2.25
0, 1104, 2.5
0, 1105, 2.75
0, 1106, 3.0
0, 1107, 3.25
0, 1108, 3.5
0, 1109, 3.75
0, 1110, 4.0
0, 1111, 4.25
0, 1112, 4.5
0, 1113, 4.75
0, 1114, 5.0
0, 1115, 5.25
0, 1116, 5.5
0, 1117, 5.75
0, 1118, 6.0
0, 1119, 6.25
0, 1120, 6.5
0, 1121, 6.75
0, 1122, 7.0
0, 1123, 7.25
0, 1124, 7.5
0, 1125, 7.75
0, 1126, 8.0
0, 1127, 8.25
0, 1128, 8.5
0, 1129, 8.75
0, 1130, 9.0
0, 1131, 9.25
0, 1132, 9.5
0, 1133, 9.75
0, 1134, 10.0
0, 1135, 10.25
0, 1136, 10.5
0, 1137, 10.75
0, 1138, 11.0
0, 1139, 11.25
0, 1140, 11.5
0, 1141, 11.75
0, 1142, 12.0
0, 1143, 12.25
0, 1144, 12.5
0, 1145, 12.75
0, 1146, 13.0
0, 1147, 13.25
0, 1148, 13.5
0, 1149, 13.75
0, 1150, 14.0
0, 1151, 14.25
0, 1152, 14.5
0, 1153, 14.75
0, 1154, 15.0
0, 1155, 15.25
0, 1156, 15.5
0, 1157, 15.75
0, 1158, 16.0
0, 1159, 16.25
0, 1160, 16.5
0, 1161, 16.75
0, 1162, 17.0
0, 1163, 17.25
0, 1164, 17.5
0, 1165, 17.75
0, 1166, 18.0
0, 1167, 18.25
0, 1168, 18.5
0, 1169, 18.75
0, 1170, 19.0
0, 1171, 19.25
0, 1172, 19.5
0, 1173, 19.75
0, 1174, 20.0
0, 1175, 20.25
0, 1176, 20.5
0, 1177, 20.75
0, 1178, 21.0
0, 1179, 21.25
0, 1180, 21.5
0, 1181, 21.75
0, 1182, 22.0
0, 1183, 22.25
0, 1184, 22.5
0, 1185, 22.75
0, 1186, 23.0
0, 1187, 23.25
0, 1188, 23.5
0, 1189, 23.75
0, 1190, 24.0
0, 1191, 24.25
0, 1192, 24.5
0, 1193, 24.75
0, 1194, 25.0
0, 1195, 25.25
0, 1196, 25.5
0, 1197, 25.75
0, 1198, 26.0
0, 1199, 26.25
0, 1200, 26.5
0, 1201, 26.75
0, 1202, 27.0
0, 1203, 27.25
0, 1204, 27.5
0, 1205, 27.75
0, 1206, 28.0
0, 1207, 28.25
0, 1208, 28.5
0, 1209, 28.75
0, 1210, 29.0
0, 1211, 29.25
0, 1212, 29.5
0, 1213, 29.75
0, 1214, 30.0
0, 1215, 30.25
0, 1216, 30.5
0, 1217, 30.75
0, 1218, 31.0
0, 1219, 31.25
0, 1220, 31.5
0, 1221, 31.75
0, 1222, 32.0
0, 1223, 32.25
0, 1224, 32.5
0, 1225, 32.75
0, 1226, 33.0
0, 1227, 33.25
0, 1228, 33.5
0, 1229, 33.75
0, 1230, 34.0
0, 1231, 34.25
0, 1232, 34.5
0, 1233, 34.75
0, 1234, 35.0
0, 1235, 35.25
0, 1236, 35.5
0, 1237, 35.75
0, 1238, 36.0
0, 1239, 36.25
0, 1240, 36.5
0, 1241, 36.75
0, 1242, 37.0
0, 1243, 37.25
0, 1244, 37.5
0, 1245, 37.75
0, 1246, 38.0
0, 1247, 38.25
0, 1248, 38.5
0, 1249, 38.75
0, 1250, 39.0
0, 1251, 39.25
0, 1252, 39.5
0, 1253, 39.75
0, 1254, 40.0
0, 1255, 40.25
0, 1256, 40.5
0, 1257, 40.75
0, 1258, 41.0
0, 1259, 41.25
0, 1260, 41.5
0, 1261, 41.75
0, 1262, 42.0
0, 1263, 42.25
0, 1264, 42.5
0, 1265, 42.75
0, 1266, 43.0
0, 1267, 43.25
0, 1268, 43.5
0, 1269, 43.75
0, 1270, 44.0
0, 1271, 44.25
0, 1272, 44.5
0, 1273, 44.75
0, 1274, 45.0
0, 1275, 45.25
0, 1276, 45.5
0, 1277, 45.75
0, 1278, 46.0
0, 1279, 46.25
0, 1280, 46.5
0, 1281, 46.75
0, 1282, 47.0
0, 1283, 47.25
0, 1284, 47.5
0, 1285, 47.75
0, 1286, 48.0
0, 1287, 48.25
0, 1288, 48.5
0, 1289, 48.75
0, 1290, 49.0
0, 1291, 49.25
0, 1292, 49.5
0, 1293, 49.75
0, 1294, 50.0
0, 1295, 50.25
0, 1296, 50.5
0, 1297, 50.75
0, 1298, 51.0
0, 1299, 51.25
0, 1300, 51.5
0, 1301, 51.75
0, 1302, 52.0
0, 1303, 52.25
0, 1304, 52.5
0, 1305, 52.75
0, 1306, 53.0
0, 1307, 53.25
0, 1308, 53.5
0, 1309, 53.75
0, 1310, 54.0
0, 1311, 54.25
0, 1312, 54.5
0, 1313, 54.75
0, 1314, 55.0
0, 1315, 55.25
0, 1316, 55.5
0, 1317, 55.75
0, 1318, 56.0
0, 1319, 56.25
0, 1320, 56.5
0, 1321, 56.75
0, 1322, 57.0
0, 1323, 57.25
0, 1324, 57.5
0, 1325, 57.75
0, 1326, 58.0
0, 1327, 58.25
0, 1328, 58.5
0, 1329, 58.75
0, 1330, 59.0
0, 1331, 59.25
0, 1332, 59.5
0, 1333, 59.75
0, 1334, 60.0
0, 1335, 60.25
0, 1336, 60.5
0, 1337, 60.25
0, 1338, 60.0
0, 1339, 59.75
0, 1340, 59.5
0, 1341, 59.25
0, 1342, 59.0
0, 1343, 58.75
0, 1344, 58.5
0, 1345, 58.25
0, 1346, 58.0
0, 1347, 57.75
0, 1348, 57.5
0, 1349, 57.25
0, 1350, 57.0
0, 1351, 56.75
0, 1352, 56.5
0, 1353, 56.25
0, 1354, 56.0
0, 1355, 55.75
0, 1356, 55.5
0, 1357, 55.25
0, 1358, 55.0
0, 1359, 54.75
0, 1360, 54.5
0, 1361, 54.25
0, 1362, 54.0
0, 1363, 53.75
0, 1364, 53.5
0, 1365, 53.25
0, 1366, 53.0
0, 1367, 52.75
0, 1368, 52.5
0, 1369, 52.25
0, 1370, 52.0
0, 1371, 51.75
0, 1372, 51.5
0, 1373, 51.25
0, 1374, 51.0
0, 1375, 50.75
0, 1376, 50.5
0, 1377, 50.25
0, 1378, 50.0
0, 1379, 49.75
0, 1380, 49.5
0, 1381, 49.25
0, 1382, 49.0
0, 1383, 48.75
0, 1384, 48.5
0, 1385, 48.25
0, 1386, 48.0
0, 1387, 47.75
0, 1388, 47.5
0, 1389, 47.25
0, 1390, 47.0
0, 1391, 46.75
0, 1392, 46.5
0, 1393, 46.25
0, 1394, 46.0
0, 1395, 45.75
0, 1396, 45.5
0, 1397, 45.25
0, 1398, 45.0
0, 1399, 44.75
0, 1400, 44.5
0, 1401, 44.25
0, 1402, 44.0
0, 1403, 43.75
0, 1404, 43.5
0, 1405, 43.25
0, 1406, 43.0
0, 1407, 42.75
0, 1408, 42.5
0, 1409, 42.25
0, 1410, 42.0
0, 1411, 41.75
0, 1412, 41.5
0, 1413, 41.25
0, 1414, 41.0
0, 1415, 40.75
0, 1416, 40.5
0, 1417, 40.25
0, 1418, 40.0
0, 1419, 39.75
0, 1420, 39.5
0, 1421, 39.25
0, 1422, 39.0
0, 1423, 38.75
0, 1424, 38.5
0, 1425, 38.25
0, 1426, 38.0
0, 1427, 37.75
0, 1428, 37.5
0, 1429, 37.25
0, 1430, 37.0
0, 1431, 36.75
0, 1432, 36.5
0, 1433, 36.25
0, 1434, 36.0
0, 1435, 35.75
0, 1436, 35.5
0, 1437, 35.25
0, 1438, 35.0
0, 1439, 34.75
0, 1440, 34.5
0, 1441, 34.75
0, 1442, 34.5
0, 1443, 34.25
0, 1444, 34.0
0, 1445, 33.75
0, 1446, 34.0
0, 1447, 34.25
0, 1448, 34.5
0, 1449, 34.75
0, 1450, 35.0
0, 1451, 35.25
0, 1452, 35.5
0, 1453, 35.75
0, 1454, 36.0
0, 1455, 36.25
0, 1456, 36.5
0, 1457, 36.75
0, 1458, 37.0
0, 1459, 37.25
0, 1460, 37.5
0, 1461, 37.75
0, 1462, 38.0
0, 1463, 38.25
0, 1464, 38.5
0, 1465, 38.75
0, 1466, 39.0
0, 1467, 39.25
0, 1468, 39.5
0, 1469, 39.75
0, 1470, 40.0
0, 1471, 40.25
0, 1472, 40.5
0, 1473, 40.75
0, 1474, 41.0
0, 1475, 41.25
0, 1476, 41.5
0, 1477, 41.75
0, 1478, 42.0
0, 1479, 42.25
0, 1480, 42.5
0, 1481, 42.75
0, 1482, 43.0
0, 1483, 43.25
0, 1484, 43.5
0, 1485, 43.75
0, 1486, 44.0
0, 1487, 44.25
0, 1488, 44.5
0, 1489, 44.75
0, 1490, 45.0
0, 1491, 45.25
0, 1492, 45.5
0, 1493, 45.75
0, 1494, 46.0
0, 1495, 46.25
0, 1496, 46.5
0, 1497, 46.75
0, 1498, 47.0
0, 1499, 47.25
0, 1500, 47.5
0, 1501, 47.75
0, 1502, 48.0
0, 1503, 48.25
0, 1504, 48.5
0, 1505, 48.75
0, 1506, 49.0
0, 1507, 49.25
0, 1508, 49.5
0, 1509, 49.75
0, 1510, 50.0
0, 1511, 50.25
0, 1512, 50.5
0, 1513, 50.75
0, 1514, 51.0
0, 1515, 51.25
0, 1516, 51.5
0, 1517, 51.75
0, 1518, 52.0
0, 1519, 52.25
0, 1520, 52.5
0, 1521, 52.75
0, 1522, 53.0
0, 1523, 53.25
0, 1524, 53.5
0, 1525, 53.75
0, 1526, 54.0
0, 1527, 54.25
0, 1528, 54.5
0, 1529, 54.75
0, 1530, 55.0
0, 1531, 55.25
0, 1532, 55.5
0, 1533, 55.75
0, 1534, 56.0
0, 1535, 56.25
0, 1536, 56.5
0, 1537, 56.75
0, 1538, 57.0
0, 1539, 57.25
0, 1540, 57.5
0, 1541, 57.75
0, 1542, 58.0
0, 1543, 58.25
0, 1544, 58.5
0, 1545, 58.75
0, 1546, 59.0
0, 1547, 59.25
0, 1548, 59.5
0, 1549, 59.75
0, 1550, 60.0
0, 1551, 60.25
0, 1552, 60.5
0, 1553, 60.75
0, 1554, 61.0
0, 1555, 61.25
0, 1556, 61.5
0, 1557, 61.75
0, 1558, 62.0
0, 1559, 62.25
0, 1560, 62.5
0, 1561, 62.75
0, 1562, 63.0
0, 1563, 63.25
0, 1564, 63.5
0, 1565, 63.75
0, 1566, 64.0
0, 1567, 64.25
0, 1568, 64.5
0, 1569, 64.75
0, 1570, 65.0
0, 1571, 65.25
0, 1572, 65.5
0, 1573, 65.75
0, 1574, 66.0
0, 1575, 66.25
0, 1576, 66.0
0, 1577, 65.75
0, 1578, 65.5
0, 1579, 65.75
0, 1580, 66.0
0, 1581, 66.25
0, 1582, 66.0
0, 1583, 65.75
0, 1584, 65.5
0, 1585, 65.25
0, 1586, 65.0
0, 1587, 64.75
0, 1588, 64.5
0, 1589, 64.25
0, 1590, 64.0
0, 1591, 63.75
0, 1592, 63.5
0, 1593, 63.25
0, 1594, 63.0
0, 1595, 62.75
0, 1596, 62.5
0, 1597, 62.25
0, 1598, 62.0
0, 1599, 61.75
0, 1600, 61.5
0, 1601, 61.25
0, 1602, 61.0
0, 1603, 60.75
0, 1604, 60.5
0, 1605, 60.25
0, 1606, 60.0
0, 1607, 59.75
0, 1608, 59.5
0, 1609, 59.25
0, 1610, 59.0
0, 1611, 58.75
0, 1612, 58.5
0, 1613, 58.25
0, 1614, 58.0
0, 1615, 57.75
0, 1616, 57.5
0, 1617, 57.25
0, 1618, 57.0
0, 1619, 56.75
0, 1620, 56.5
0, 1621, 56.25
0, 1622, 56.0
0, 1623, 55.75
0, 1624, 55.5
0, 1625, 55.25
0, 1626, 55.0
0, 1627, 54.75
0, 1628, 54.5
0, 1629, 54.25
0, 1630, 54.0
0, 1631, 53.75
0, 1632, 53.5
0, 1633, 53.25
0, 1634, 53.0
0, 1635, 52.75
0, 1636, 52.5
0, 1637, 52.25
0, 1638, 52.0
0, 1639, 51.75
0, 1640, 51.5
0, 1641, 51.25
0, 1642, 51.0
0, 1643, 50.75
0, 1644, 50.5
0, 1645, 50.25
0, 1646, 50.0
0, 1647, 49.75
0, 1648, 49.5
0, 1649, 49.25
0, 1650, 49.0
0, 1651, 48.75
0, 1652, 48.5
0, 1653, 48.25
0, 1654, 48.0
0, 1655, 47.75
0, 1656, 47.5
0, 1657, 47.25
0, 1658, 47.0
0, 1659, 46.75
0, 1660, 46.5
0, 1661, 46.25
0, 1662, 46.0
0, 1663, 45.75
0, 1664, 45.5
0, 1665, 45.25
0, 1666, 45.0
0, 1667, 44.75
0, 1668, 44.5
0, 1669, 44.25
0, 1670, 44.0
0, 1671, 43.75
0, 1672, 43.5
0, 1673, 43.25
0, 1674, 43.0
0, 1675, 42.75
0, 1676, 42.5
0, 1677, 42.25
0, 1678, 42.0
0, 1679, 41.75
0, 1680, 41.5
0, 1681, 41.25
0, 1682, 41.0
0, 1683, 40.75
0, 1684, 40.5
0, 1685, 40.25
0, 1686, 40.0
0, 1687, 39.75
0, 1688, 39.5
0, 1689, 39.25
0, 1690, 39.0
0, 1691, 38.75
0, 1692, 38.5
0, 1693, 38.25
0, 1694, 38.0
0, 1695, 37.75
0, 1696, 37.5
0, 1697, 37.25
0, 1698, 37.0
0, 1699, 36.75
0, 1700, 36.5
0, 1701, 36.25
0, 1702, 36.0
0, 1703, 35.75
0, 1704, 35.5
0, 1705, 35.25
0, 1706, 35.0
0, 1707, 34.75
0, 1708, 34.5
0, 1709, 34.25
0, 1710, 34.0
0, 1711, 33.75
0, 1712, 33.5
0, 1713, 33.25
0, 1714, 33.0
0, 1715, 32.75
0, 1716, 32.5
0, 1717, 32.25
0, 1718, 32.0
0, 1719, 31.75
0, 1720, 31.5
0, 1721, 31.25
0, 1722, 31.0
0, 1723, 30.75
0, 1724, 30.5
0, 1725, 30.25
0, 1726, 30.0
0, 1727, 29.75
0, 1728, 29.5
0, 1729, 29.25
0, 1730, 29.0
0, 1731, 28.75
0, 1732, 28.5
0, 1733, 28.25
0, 1734, 28.0
0, 1735, 27.75
0, 1736, 27.5
0, 1737, 27.25
0, 1738, 27.0
0, 1739, 26.75
0, 1740, 26.5
0, 1741, 26.25
0, 1742, 26.0
0, 1743, 25.75
0, 1744, 25.5
0, 1745, 25.25
0, 1746, 25.0
0, 1747, 24.75
0, 1748, 24.5
0, 1749, 24.25
0, 1750, 24.0
0, 1751, 23.75
0, 1752, 23.5
0, 1753, 23.25
0, 1754, 23.0
0, 1755, 22.75
0, 1756, 22.5
0, 1757, 22.25
0, 1758, 22.0
0, 1759, 21.75
0, 1760, 21.5
0, 1761, 21.25
0, 1762, 21.0
0, 1763, 20.75
0, 1764, 20.5
0, 1765, 20.25
0, 1766, 20.0
0, 1767, 19.75
0, 1768, 19.5
0, 1769, 19.25
0, 1770, 19.0
0, 1771, 18.75
0, 1772, 18.5
0, 1773, 18.25
0, 1774, 18.0
0, 1775, 17.75
0, 1776, 17.5
0, 1777, 17.25
0, 1778, 17.0
0, 1779, 16.75
0, 1780, 16.5
0, 1781, 16.25
0, 1782, 16.0
0, 1783, 15.75
0, 1784, 15.5
0, 1785, 15.25
0, 1786, 15.0
0, 1787, 14.75
0, 1788, 14.5
0, 1789, 14.25
0, 1790, 14.0
0, 1791, 13.75
0, 1792, 13.5
0, 1793, 13.25
0, 1794, 13.0
0, 1795, 12.75
0, 1796, 12.5
0, 1797, 12.25
0, 1798, 12.0
0, 1799, 11.75
0, 1800, 11.5
0, 1801, 11.25
0, 1802, 11.0
0, 1803, 10.75
0, 1804, 10.5
0, 1805, 10.25
0, 1806, 10.0
0, 1807, 9.75
0, 1808, 9.5
0, 1809, 9.25
0, 1810, 9.0
0, 1811, 8.75
0, 1812, 8.5
0, 1813, 8.25
0, 1814, 8.0
0, 1815, 7.75
0, 1816, 7.5
0, 1817, 7.25
0, 1818, 7.0
0, 1819, 6.75
0, 1820, 6.5
0, 1821, 6.25
0, 1822, 6.0
0, 1823, 5.75
0, 1824, 5.5
0, 1825, 5.25
0, 1826, 5.0
0, 1827, 4.75
0, 1828, 4.5
0, 1829, 4.25
0, 1830, 4.0
0, 1831, 3.75
0, 1832, 3.5
0, 1833, 3.25
0, 1834, 3.0
0, 1835, 2.75
0, 1836, 2.5
0, 1837, 2.25
0, 1838, 2.0
0, 1839, 1.75
0, 1840, 1.5
0, 1841, 1.25
0, 1842, 1.0
0, 1843, 0.75
0, 1844, 0.75
0, 1845, 0.75
0, 1846, 0.75
0, 1847, 0.75
0, 1848, 0.75
0, 1849, 0.75
0, 1850, 0.75
0, 1851, 0.75
0, 1852, 0.75
0, 1853, 0.75
0, 1854, 0.75
0, 1855, 0.75
0, 1856, 0.75
0, 1857, 0.75
0, 1858, 0.75
0, 1859, 0.75
0, 1860, 0.75
0, 1861, 0.75
0, 1862, 0.75
0, 1863, 0.75
0, 1864, 0.75
0, 1865, 0.75
0, 1866, 0.75
0, 1867, 0.75
0, 1868, 0.75
0, 1869, 0.75
0, 1870, 0.75
0, 1871, 0.75
0, 1872, 0.75
0, 1873, 0.75
0, 1874, 0.75
0, 1875, 0.75
0, 1876, 0.75
0, 1877, 0.75
0, 1878, 0.75
0, 1879, 0.75
0, 1880, 0.75
0, 1881, 0.75
0, 1882, 0.75
0, 1883, 0.75
0, 1884, 0.75
0, 1885, 0.75
0, 1886, 0.75
0, 1887, 0.75
0, 1888, 0.75
0, 1889, 0.75
0, 1890, 0.75
0, 1891, 0.75
0, 1892, 0.75
0, 1893, 0.75
0, 1894, 0.75
0, 1895, 0.75
0, 1896, 0.75
0, 1897, 0.75
0, 1898, 0.75
0, 1899, 0.75
0, 1900, 0.75
0, 1901, 0.75
0, 1902, 0.75
0, 1903, 0.75
0, 1904, 0.75
0, 1905, 0.75
0, 1906, 0.75
0, 1907, 0.75
0, 1908, 0.75
0, 1909, 0.75
0, 1910, 0.75
0, 1911, 0.75
0, 1912, 0.75
0, 1913, 0.75
0, 1914, 0.75
0, 1915, 0.75
0, 1916, 0.75
0, 1917, 0.75
0, 1918, 0.75
0, 1919, 0.75
0, 1920, 0.75
0, 1921, 0.75
0, 1922, 0.75
0, 1923, 0.75
0, 1924, 0.75
0, 1925, 0.75
0, 1926, 0.75
0, 1927, 0.75
0, 1928, 0.75
0, 1929, 0.75
0, 1930, 0.75
0, 1931, 0.75
0, 1932, 0.75
0, 1933, 0.75
0, 1934, 0.75
0, 1935, 0.75
0, 1936, 0.75
0, 1937, 0.75
0, 1938, 0.75
0, 1939, 0.75
0, 1940, 0.75
0, 1941, 0.75
0, 1942, 0.75
0, 1943, 0.75
0, 1944, 0.75
0, 1945, 0.75
0, 1946, 0.75
0, 1947, 0.75
0, 1948, 0.75
0, 1949, 0.75
0, 1950, 0.75
0, 1951, 0.75
0, 1952, 0.75
0, 1953, 0.75
0, 1954, 0.75
0, 1955, 0.75
0, 1956, 0.75
0, 1957, 0.75
0, 1958, 0.75
0, 1959, 0.75
0, 1960, 0.75
0, 1961, 0.75
0, 1962, 0.75
0, 1963, 0.75
0, 1964, 0.75
0, 1965, 0.75
0, 1966, 0.75
0, 1967, 0.75
0, 1968, 0.75
0, 1969, 0.75
0, 1970, 0.75
0, 1971, 0.75
0, 1972, 0.75
0, 1973, 0.75
0, 1974, 0.75
0, 1975, 0.75
0, 1976, 0.75
0, 1977, 0.75
0, 1978, 0.75
0, 1979, 0.75
0, 1980, 0.75
0, 1981, 0.75
0, 1982, 0.75
0, 1983, 0.75
0, 1984, 0.75
0, 1985, 0.75
0, 1986, 0.75
0, 1987, 0.75
0, 1988, 0.75
0, 1989, 0.75
0, 1990, 0.75
0, 1991, 0.75
0, 1992, 0.75
0, 1993, 0.75
0, 1994, 0.75
0, 1995, 0.75
0, 1996, 0.75
0, 1997, 0.75
0, 1998, 0.75
0, 1999, 0.75
0, 2000, 0.75
0, 2001, 0.75
0, 2002, 0.75
0, 2003, 0.75
0, 2004, 0.75
0, 2005, 0.75
0, 2006, 0.75
0, 2007, 0.75
0, 2008, 0.75
0, 2009, 0.75
0, 2010, 0.75
0, 2011, 0.75
0, 2012, 0.75
0, 2013, 0.75
0, 2014, 0.75
0, 2015, 0.75
0, 2016, 0.75
0, 2017, 0.75
0, 2018, 0.75
0, 2019, 0.75
0, 2020, 0.75
0, 2021, 0.75
0, 2022, 0.75
0, 2023, 0.75
0, 2024, 0.75
0, 2025, 0.75
0, 2026, 0.75
0, 2027, 0.75
0, 2028, 1.0
0, 2029, 1.25
0, 2030, 1.0
0, 2031, 0.75
0, 2032, 0.75
0, 2033, 0.75
0, 2034, 1.0
0, 2035, 1.25
0, 2036, 1.5
0, 2037, 1.75
0, 2038, 1.5
0, 2039, 1.25
0, 2040, 1.5
0, 2041, 1.75
0, 2042, 2.0
0, 2043, 2.25
0, 2044, 2.5
0, 2045, 2.75
0, 2046, 3.0
0, 2047, 3.25
0, 2048, 3.5
0, 2049, 3.75
0, 2050, 4.0
0, 2051, 4.25
0, 2052, 4.5
0, 2053, 4.75
0, 2054, 5.0
0, 2055, 5.25
0, 2056, 5.5
0, 2057, 5.75
0, 2058, 6.0
0, 2059, 6.25
0, 2060, 6.5
0, 2061, 6.75
0, 2062, 7.0
0, 2063, 7.25
0, 2064, 7.5
0, 2065, 7.75
0, 2066, 8.0
0, 2067, 8.25
0, 2068, 8.5
0, 2069, 8.75
0, 2070, 9.0
0, 2071, 9.25
0, 2072, 9.5
0, 2073, 9.75
0, 2074, 10.0
0, 2075, 10.25
0, 2076, 10.5
0, 2077, 10.75
0, 2078, 11.0
0, 2079, 11.25
0, 2080, 11.5
0, 2081, 11.75
0, 2082, 12.0
0, 2083, 12.25
0, 2084, 12.5
0, 2085, 12.75
0, 2086, 13.0
0, 2087, 13.25
0, 2088, 13.5
0, 2089, 13.75
0, 2090, 14.0
0, 2091, 14.25
0, 2092, 14.5
0, 2093, 14.75
0, 2094, 15.0
0, 2095, 15.25
0, 2096, 15.5
0, 2097, 15.75
0, 2098, 16.0
0, 2099, 16.25
0, 2100, 16.5
0, 2101, 16.75
0, 2102, 17.0
0, 2103, 17.25
0, 2104, 17.5
0, 2105, 17.75
0, 2106, 18.0
0, 2107, 18.25
0, 2108, 18.5
0, 2109, 18.75
0, 2110, 19.0
0, 2111, 19.25
0, 2112, 19.5
0, 2113, 19.75
0, 2114, 20.0
0, 2115, 20.25
0, 2116, 20.5
0, 2117, 20.75
0, 2118, 21.0
0, 2119, 21.25
0, 2120, 21.5
0, 2121, 21.75
0, 2122, 22.0
0, 2123, 22.25
0, 2124, 22.5
0, 2125, 22.75
0, 2126, 23.0
0, 2127, 23.25
0, 2128, 23.5
0, 2129, 23.75
0, 2130, 24.0
0, 2131, 24.25
0, 2132, 24.5
0, 2133, 24.75
0, 2134, 25.0
0, 2135, 25.25
0, 2136, 25.5
0, 2137, 25.75
0, 2138, 26.0
0, 2139, 26.25
0, 2140, 26.5
0, 2141, 26.75
0, 2142, 27.0
0, 2143, 27.25
0, 2144, 27.5
0, 2145, 27.75
0, 2146, 28.0
0, 2147, 28.25
0, 2148, 28.5
0, 2149, 28.75
0, 2150, 28.5
0, 2151, 28.25
0, 2152, 28.0
0, 2153, 28.25
0, 2154, 28.0
0, 2155, 27.75
0, 2156, 27.5
0, 2157, 27.25
0, 2158, 27.0
0, 2159, 26.75
0, 2160, 26.5
0, 2161, 26.25
0, 2162, 26.0
0, 2163, 25.75
0, 2164, 25.5
0, 2165, 25.25
0, 2166, 25.0
0, 2167, 24.75
0, 2168, 24.5
0, 2169, 24.25
0, 2170, 24.0
0, 2171, 23.75
0, 2172, 23.5
0, 2173, 23.25
0, 2174, 23.0
0, 2175, 22.75
0, 2176, 22.5
0, 2177, 22.25
0, 2178, 22.0
0, 2179, 21.75
0, 2180, 21.5
0, 2181, 21.25
0, 2182, 21.0
0, 2183, 20.75
0, 2184, 20.5
0, 2185, 20.25
0, 2186, 20.0
0, 2187, 19.75
0, 2188, 19.5
0, 2189, 19.25
0, 2190, 19.0
0, 2191, 18.75
0, 2192, 18.5
0, 2193, 18.25
0, 2194, 18.0
0, 2195, 17.75
0, 2196, 17.5
0, 2197, 17.25
0, 2198, 17.0
0, 2199, 16.75
0, 2200, 16.5
0, 2201, 16.25
0, 2202, 16.0
0, 2203, 15.75
0, 2204, 15.5
0, 2205, 15.25
0, 2206, 15.0
0, 2207, 14.75
0, 2208, 14.5
0, 2209, 14.25
0, 2210, 14.0
0, 2211, 13.75
0, 2212, 13.5
0, 2213, 13.25
0, 2214, 13.0
0, 2215, 12.75
0, 2216, 12.5
0, 2217, 12.25
0, 2218, 12.0
0, 2219, 11.75
0, 2220, 11.5
0, 2221, 11.25
0, 2222, 11.0
0, 2223, 10.75
0, 2224, 10.5
0, 2225, 10.25
0, 2226, 10.0
0, 2227, 9.75
0, 2228, 9.5
0, 2229, 9.25
0, 2230, 9.0
0, 2231, 8.75
0, 2232, 8.5
0, 2233, 8.25
0, 2234, 8.0
0, 2235, 7.75
0, 2236, 7.5
0, 2237, 7.25
0, 2238, 7.0
0, 2239, 6.75
0, 2240, 6.5
0, 2241, 6.25
0, 2242, 6.0
0, 2243, 5.75
0, 2244, 5.5
0, 2245, 5.25
0, 2246, 5.0
0, 2247, 4.75
0, 2248, 4.5
0, 2249, 4.25
0, 2250, 4.0
0, 2251, 4.25
0, 2252, 4.5
0, 2253, 4.75
0, 2254, 4.5
0, 2255, 4.25
0, 2256, 4.0
0, 2257, 3.75
0, 2258, 4.0
0, 2259, 4.25
0, 2260, 4.5
0, 2261, 4.75
0, 2262, 4.5
0, 2263, 4.25
0, 2264, 4.5
0, 2265, 4.75
0, 2266, 5.0
0, 2267, 5.25
0, 2268, 5.5
0, 2269, 5.75
0, 2270, 6.0
0, 2271, 6.25
0, 2272, 6.5
0, 2273, 6.75
0, 2274, 7.0
0, 2275, 7.25
0, 2276, 7.5
0, 2277, 7.75
0, 2278, 8.0
0, 2279, 8.25
0, 2280, 8.5
0, 2281, 8.75
0, 2282, 9.0
0, 2283, 9.25
0, 2284, 9.5
0, 2285, 9.75
0, 2286, 10.0
0, 2287, 10.25
0, 2288, 10.5
0, 2289, 10.75
0, 2290, 11.0
0, 2291, 11.25
0, 2292, 11.5
0, 2293, 11.75
0, 2294, 12.0
0, 2295, 12.25
0, 2296, 12.5
0, 2297, 12.75
0, 2298, 13.0
0, 2299, 13.25
0, 2300, 13.5
0, 2301, 13.75
0, 2302, 14.0
0, 2303, 14.25
0, 2304, 14.5
0, 2305, 14.75
0, 2306, 15.0
0, 2307, 15.25
0, 2308, 15.5
0, 2309, 15.75
0, 2310, 16.0
0, 2311, 16.25
0, 2312, 16.5
0, 2313, 16.75
0, 2314, 17.0
0, 2315, 17.25
0, 2316, 17.5
0, 2317, 17.75
0, 2318, 18.0
0, 2319, 18.25
0, 2320, 18.5
0, 2321, 18.75
0, 2322, 19.0
0, 2323, 19.25
0, 2324, 19.5
0, 2325, 19.75
0, 2326, 20.0
0, 2327, 20.25
0, 2328, 20.5
0, 2329, 20.75
0, 2330, 21.0
0, 2331, 21.25
0, 2332, 21.5
0, 2333, 21.75
0, 2334, 22.0
0, 2335, 22.25
0, 2336, 22.5
0, 2337, 22.75
0, 2338, 23.0
0, 2339, 23.25
0, 2340, 23.5
0, 2341, 23.75
0, 2342, 24.0
0, 2343, 24.25
0, 2344, 24.5
0, 2345, 24.75
0, 2346, 25.0
0, 2347, 25.25
0, 2348, 25.5
0, 2349, 25.75
0, 2350, 26.0
0, 2351, 26.25
0, 2352, 26.5
0, 2353, 26.75
0, 2354, 27.0
0, 2355, 27.25
0, 2356, 27.5
0, 2357, 27.75
0, 2358, 28.0
0, 2359, 28.25
0, 2360, 28.5
0, 2361, 28.75
0, 2362, 29.0
0, 2363, 29.25
0, 2364, 29.5
0, 2365, 29.75
0, 2366, 30.0
0, 2367, 30.25
0, 2368, 30.5
0, 2369, 30.75
0, 2370, 31.0
0, 2371, 31.25
0, 2372, 31.5
0, 2373, 31.75
0, 2374, 32.0
0, 2375, 32.25
0, 2376, 32.5
0, 2377, 32.75
0, 2378, 33.0
0, 2379, 33.25
0, 2380, 33.5
0, 2381, 33.75
0, 2382, 34.0
0, 2383, 34.25
0, 2384, 34.5
0, 2385, 34.75
0, 2386, 35.0
0, 2387, 35.25
0, 2388, 35.5
0, 2389, 35.75
0, 2390, 36.0
0, 2391, 36.25
0, 2392, 36.5
0, 2393, 36.75
0, 2394, 37.0
0, 2395, 37.25
0, 2396, 37.5
0, 2397, 37.75
0, 2398, 38.0
0, 2399, 38.25
0, 2400, 38.5
0, 2401, 38.75
0, 2402, 39.0
0, 2403, 39.25
0, 2404, 39.5
0, 2405, 39.75
0, 2406, 40.0
0, 2407, 40.25
0, 2408, 40.5
0, 2409, 40.75
0, 2410, 41.0
0, 2411, 41.25
0, 2412, 41.5
0, 2413, 41.75
0, 2414, 42.0
0, 2415, 42.25
0, 2416, 42.5
0, 2417, 42.75
0, 2418, 43.0
0, 2419, 43.25
0, 2420, 43.5
0, 2421, 43.75
0, 2422, 44.0
0, 2423, 44.25
0, 2424, 44.5
0, 2425, 44.75
0, 2426, 45.0
0, 2427, 45.25
0, 2428, 45.5
0, 2429, 45.75
0, 2430, 46.0
0, 2431, 46.25
0, 2432, 46.5
0, 2433, 46.75
0, 2434, 47.0
0, 2435, 47.25
0, 2436, 47.5
0, 2437, 47.75
0, 2438, 48.0
0, 2439, 48.25
0, 2440, 48.5
0, 2441, 48.75
0, 2442, 49.0
0, 2443, 49.25
0, 2444, 49.0
0, 2445, 48.75
0, 2446, 48.5
0, 2447, 48.75
0, 2448, 49.0
0, 2449, 49.25
0, 2450, 49.0
0, 2451, 48.75
0, 2452, 48.5
0, 2453, 48.25
0, 2454, 48.0
0, 2455, 47.75
0, 2456, 47.5
0, 2457, 47.25
0, 2458, 47.0
0, 2459, 46.75
0, 2460, 46.5
0, 2461, 46.25
0, 2462, 46.0
0, 2463, 45.75
0, 2464, 45.5
0, 2465, 45.25
0, 2466, 45.0
0, 2467, 44.75
0, 2468, 44.5
0, 2469, 44.25
0, 2470, 44.0
0, 2471, 43.75
0, 2472, 43.5
0, 2473, 43.25
0, 2474, 43.0
0, 2475, 42.75
0, 2476, 42.5
0, 2477, 42.25
0, 2478, 42.0
0, 2479, 41.75
0, 2480, 41.5
0, 2481, 41.25
0, 2482, 41.0
0, 2483, 40.75
0, 2484, 40.5
0, 2485, 40.25
0, 2486, 40.0
0, 2487, 39.75
0, 2488, 39.5
0, 2489, 39.25
0, 2490, 39.0
0, 2491, 38.75
0, 2492, 38.5
0, 2493, 38.25
0, 2494, 38.0
0, 2495, 37.75
0, 2496, 37.5
0, 2497, 37.25
0, 2498, 37.0
0, 2499, 36.75
0, 2500, 36.5
0, 2501, 36.25
0, 2502, 36.0
0, 2503, 35.75
0, 2504, 35.5
0, 2505, 35.25
0, 2506, 35.0
0, 2507, 34.75
0, 2508, 34.5
0, 2509, 34.25
0, 2510, 34.0
0, 2511, 33.75
0, 2512, 33.5
0, 2513, 33.25
0, 2514, 33.0
0, 2515, 32.75
0, 2516, 32.5
0, 2517, 32.25
0, 2518, 32.0
0, 2519, 31.75
0, 2520, 31.5
0, 2521, 31.25
0, 2522, 31.0
0, 2523, 30.75
0, 2524, 30.5
0, 2525, 30.25
0, 2526, 30.0
0, 2527, 29.75
0, 2528, 29.5
0, 2529, 29.25
0, 2530, 29.0
0, 2531, 28.75
0, 2532, 28.5
0, 2533, 28.25
0, 2534, 28.0
0, 2535, 27.75
0, 2536, 27.5
0, 2537, 27.25
0, 2538, 27.0
0, 2539, 26.75
0, 2540, 26.5
0, 2541, 26.25
0, 2542, 26.0
0, 2543, 25.75
0, 2544, 25.5
0, 2545, 25.25
0, 2546, 25.0
0, 2547, 24.75
0, 2548, 24.5
0, 2549, 24.25
0, 2550, 24.0
0, 2551, 23.75
0, 2552, 23.5
0, 2553, 23.25
0, 2554, 23.0
0, 2555, 22.75
0, 2556, 22.5
0, 2557, 22.25
0, 2558, 22.0
0, 2559, 21.75
0, 2560, 21.5
0, 2561, 21.25
0, 2562, 21.0
0, 2563, 20.75
0, 2564, 20.5
0, 2565, 20.25
0, 2566, 20.0
0, 2567, 19.75
0, 2568, 19.5
0, 2569, 19.25
0, 2570, 19.0
0, 2571, 18.75
0, 2572, 18.5
0, 2573, 18.25
0, 2574, 18.0
0, 2575, 17.75
0, 2576, 17.5
0, 2577, 17.25
0, 2578, 17.0
0, 2579, 16.75
0, 2580, 16.5
0, 2581, 16.25
0, 2582, 16.0
0, 2583, 15.75
0, 2584, 15.5
0, 2585, 15.25
0, 2586, 15.0
0, 2587, 14.75
0, 2588, 14.5
0, 2589, 14.25
0, 2590, 14.0
0, 2591, 13.75
0, 2592, 13.5
0, 2593, 13.75
0, 2594, 14.0
0, 2595, 14.25
0, 2596, 14.5
0, 2597, 14.75
0, 2598, 15.0
0, 2599, 15.25
0, 2600, 15.5
0, 2601, 15.75
0, 2602, 16.0
0, 2603, 16.25
0, 2604, 16.5
0, 2605, 16.75
0, 2606, 17.0
0, 2607, 17.25
0, 2608, 17.5
0, 2609, 17.75
0, 2610, 18.0
0, 2611, 18.25
0, 2612, 18.5
0, 2613, 18.75
0, 2614, 19.0
0, 2615, 19.25
0, 2616, 19.5
0, 2617, 19.75
0, 2618, 20.0
0, 2619, 20.25
0, 2620, 20.5
0, 2621, 20.75
0, 2622, 21.0
0, 2623, 21.25
0, 2624, 21.5
0, 2625, 21.75
0, 2626, 22.0
0, 2627, 22.25
0, 2628, 22.5
0, 2629, 22.75
0, 2630, 23.0
0, 2631, 23.25
0, 2632, 23.5
0, 2633, 23.75
0, 2634, 24.0
0, 2635, 24.25
0, 2636, 24.5
0, 2637, 24.75
0, 2638, 25.0
0, 2639, 25.25
0, 2640, 25.5
0, 2641, 25.75
0, 2642, 26.0
0, 2643, 26.25
0, 2644, 26.5
0, 2645, 26.75
0, 2646, 27.0
0, 2647, 27.25
0, 2648, 27.5
0, 2649, 27.75
0, 2650, 28.0
0, 2651, 28.25
0, 2652, 28.5
0, 2653, 28.75
0, 2654, 29.0
0, 2655, 29.25
0, 2656, 29.5
0, 2657, 29.75
0, 2658, 30.0
0, 2659, 30.25
0, 2660, 30.5
0, 2661, 30.75
0, 2662, 31.0
0, 2663, 31.25
0, 2664, 31.5
0, 2665, 31.75
0, 2666, 32.0
0, 2667, 32.25
0, 2668, 32.5
0, 2669, 32.75
0, 2670, 33.0
0, 2671, 33.25
0, 2672, 33.5
0, 2673, 33.75
0, 2674, 34.0
0, 2675, 34.25
0, 2676, 34.5
0, 2677, 34.75
0, 2678, 35.0
0, 2679, 35.25
0, 2680, 35.5
0, 2681, 35.75
0, 2682, 36.0
0, 2683, 36.25
0, 2684, 36.5
0, 2685, 36.75
0, 2686, 37.0
0, 2687, 37.25
0, 2688, 37.5
0, 2689, 37.75
0, 2690, 38.0
0, 2691, 38.25
0, 2692, 38.5
0, 2693, 38.75
0, 2694, 39.0
0, 2695, 39.25
0, 2696, 39.5
0, 2697, 39.75
0, 2698, 40.0
0, 2699, 40.25
0, 2700, 40.5
0, 2701, 40.75
0, 2702, 41.0
0, 2703, 41.25
0, 2704, 41.5
0, 2705, 41.75
0, 2706, 42.0
0, 2707, 42.25
0, 2708, 42.5
0, 2709, 42.75
0, 2710, 43.0
0, 2711, 43.25
0, 2712, 43.5
0, 2713, 43.75
0, 2714, 44.0
0, 2715, 44.25
0, 2716, 44.5
0, 2717, 44.75
0, 2718, 45.0
0, 2719, 45.25
0, 2720, 45.5
0, 2721, 45.75
0, 2722, 46.0
0, 2723, 46.25
0, 2724, 46.5
0, 2725, 46.75
0, 2726, 47.0
0, 2727, 47.25
0, 2728, 47.5
0, 2729, 47.75
0, 2730, 48.0
0, 2731, 48.25
0, 2732, 48.5
0, 2733, 48.75
0, 2734, 49.0
0, 2735, 49.25
0, 2736, 49.5
0, 2737, 49.75
0, 2738, 50.0
0, 2739, 50.25
0, 2740, 50.5
0, 2741, 50.75
0, 2742, 51.0
0, 2743, 51.25
0, 2744, 51.5
0, 2745, 51.75
0, 2746, 52.0
0, 2747, 52.25
0, 2748, 52.5
0, 2749, 52.75
0, 2750, 53.0
0, 2751, 53.25
0, 2752, 53.5
0, 2753, 53.75
0, 2754, 54.0
0, 2755, 54.25
0, 2756, 54.5
0, 2757, 54.75
0, 2758, 55.0
0, 2759, 55.25
0, 2760, 55.5
0, 2761, 55.75
0, 2762, 56.0
0, 2763, 56.25
0, 2764, 56.5
0, 2765, 56.75
0, 2766, 57.0
0, 2767, 57.25
0, 2768, 57.5
0, 2769, 57.75
0, 2770, 58.0
0, 2771, 58.25
0, 2772, 58.5
0, 2773, 58.75
0, 2774, 59.0
0, 2775, 59.25
0, 2776, 59.5
0, 2777, 59.75
0, 2778, 60.0
0, 2779, 60.25
0, 2780, 60.0
0, 2781, 59.75
0, 2782, 59.5
0, 2783, 59.25
0, 2784, 59.0
0, 2785, 58.75
0, 2786, 58.5
0, 2787, 58.25
0, 2788, 58.0
0, 2789, 57.75
0, 2790, 57.5
0, 2791, 57.25
0, 2792, 57.0
0, 2793, 56.75
0, 2794, 56.5
0, 2795, 56.25
0, 2796, 56.0
0, 2797, 55.75
0, 2798, 55.5
0, 2799, 55.25
0, 2800, 55.0
0, 2801, 54.75
0, 2802, 54.5
0, 2803, 54.25
0, 2804, 54.0
0, 2805, 53.75
0, 2806, 53.5
0, 2807, 53.25
0, 2808, 53.0
0, 2809, 52.75
0, 2810, 52.5
0, 2811, 52.25
0, 2812, 52.0
0, 2813, 51.75
0, 2814, 51.5
0, 2815, 51.25
0, 2816, 51.0
0, 2817, 50.75
0, 2818, 50.5
0, 2819, 50.25
0, 2820, 50.0
0, 2821, 49.75
0, 2822, 49.5
0, 2823, 49.25
0, 2824, 49.0
0, 2825, 48.75
0, 2826, 48.5
0, 2827, 48.25
0, 2828, 48.0
0, 2829, 47.75
0, 2830, 47.5
0, 2831, 47.25
0, 2832, 47.0
0, 2833, 46.75
0, 2834, 46.5
0, 2835, 46.25
0, 2836, 46.0
0, 2837, 45.75
0, 2838, 45.5
0, 2839, 45.25
0, 2840, 45.0
0, 2841, 44.75
0, 2842, 44.5
0, 2843, 44.25
0, 2844, 44.0
0, 2845, 43.75
0, 2846, 43.5
0, 2847, 43.25
0, 2848, 43.0
0, 2849, 42.75
0, 2850, 42.5
0, 2851, 42.25
0, 2852, 42.0
0, 2853, 41.75
0, 2854, 41.5
0, 2855, 41.25
0, 2856, 41.0
0, 2857, 40.75
0, 2858, 40.5
0, 2859, 40.25
0, 2860, 40.0
0, 2861, 39.75
0, 2862, 39.5
0, 2863, 39.25
0, 2864, 39.0
0, 2865, 38.75
0, 2866, 38.5
0, 2867, 38.25
0, 2868, 38.0
0, 2869, 37.75
0, 2870, 37.5
0, 2871, 37.25
0, 2872, 37.0
0, 2873, 36.75
0, 2874, 36.5
0, 2875, 36.25
0, 2876, 36.0
0, 2877, 35.75
0, 2878, 35.5
0, 2879, 35.25
0, 2880, 35.0
0, 2881, 34.75
0, 2882, 34.5
0, 2883, 34.25
0, 2884, 34.0
0, 2885, 33.75
0, 2886, 33.5
0, 2887, 33.25
0, 2888, 33.0
0, 2889, 32.75
0, 2890, 32.5
0, 2891, 32.25
0, 2892, 32.0
0, 2893, 31.75
0, 2894, 31.5
0, 2895, 31.25
0, 2896, 31.0
0, 2897, 30.75
0, 2898, 30.5
0, 2899, 30.25
0, 2900, 30.0
0, 2901, 29.75
0, 2902, 29.5
0, 2903, 29.25
0, 2904, 29.0
0, 2905, 28.75
0, 2906, 28.5
0, 2907, 28.25
0, 2908, 28.0
0, 2909, 27.75
0, 2910, 27.5
0, 2911, 27.25
0, 2912, 27.0
0, 2913, 26.75
0, 2914, 26.5
0, 2915, 26.25
0, 2916, 26.0
0, 2917, 25.75
0, 2918, 25.5
0, 2919, 25.25
0, 2920, 25.0
0, 2921, 24.75
0, 2922, 24.5
0, 2923, 24.25
0, 2924, 24.0
0, 2925, 23.75
0, 2926, 23.5
0, 2927, 23.25
0, 2928, 23.0
0, 2929, 22.75
0, 2930, 22.5
0, 2931, 22.25
0, 2932, 22.0
0, 2933, 21.75
0, 2934, 21.5
0, 2935, 21.25
0, 2936, 21.0
0, 2937, 20.75
0, 2938, 20.5
0, 2939, 20.25
0, 2940, 20.0
0, 2941, 19.75
0, 2942, 19.5
0, 2943, 19.25
0, 2944, 19.0
0, 2945, 18.75
0, 2946, 18.5
0, 2947, 18.25
0, 2948, 18.0
0, 2949, 17.75
0, 2950, 17.5
0, 2951, 17.25
0, 2952, 17.0
0, 2953, 16.75
0, 2954, 16.5
0, 2955, 16.25
0, 2956, 16.0
0, 2957, 15.75
0, 2958, 15.5
0, 2959, 15.25
0, 2960, 15.0
0, 2961, 14.75
0, 2962, 14.5
0, 2963, 14.25
0, 2964, 14.0
0, 2965, 13.75
0, 2966, 13.5
0, 2967, 13.25
0, 2968, 13.0
0, 2969, 12.75
0, 2970, 12.5
0, 2971, 12.25
0, 2972, 12.0
0, 2973, 11.75
0, 2974, 11.5
0, 2975, 11.25
0, 2976, 11.0
0, 2977, 10.75
0, 2978, 10.5
0, 2979, 10.25
0, 2980, 10.0
0, 2981, 9.75
0, 2982, 9.5
0, 2983, 9.25
0, 2984, 9.0
0, 2985, 8.75
0, 2986, 8.5
0, 2987, 8.25
0, 2988, 8.0
0, 2989, 7.75
0, 2990, 7.5
0, 2991, 7.25
0, 2992, 7.0
0, 2993, 6.75
0, 2994, 6.5
0, 2995, 6.25
0, 2996, 6.0
0, 2997, 5.75
0, 2998, 5.5
0, 2999, 5.25
0, 3000, 5.0
0, 3001, 4.75
0, 3002, 4.5
0, 3003, 4.25
0, 3004, 4.0
0, 3005, 3.75
0, 3006, 3.5
0, 3007, 3.25
0, 3008, 3.0
0, 3009, 2.75
0, 3010, 2.5
0, 3011, 2.25
0, 3012, 2.0
0, 3013, 1.75
0, 3014, 1.5
0, 3015, 1.25
0, 3016, 1.0
0, 3017, 0.75
0, 3018, 0.75
0, 3019, 0.75
0, 3020, 0.75
0, 3021, 0.75
0, 3022, 0.75
0, 3023, 0.75
0, 3024, 0.75
0, 3025, 0.75
0, 3026, 0.75
0, 3027, 0.75
0, 3028, 1.0
0, 3029, 1.25
0, 3030, 1.5
0, 3031, 1.75
0, 3032, 2.0
0, 3033, 2.25
0, 3034, 2.5
0, 3035, 2.75
0, 3036, 3.0
0, 3037, 3.25
0, 3038, 3.5
0, 3039, 3.75
0, 3040, 4.0
0, 3041, 4.25
0, 3042, 4.5
0, 3043, 4.75
0, 3044, 5.0
0, 3045, 5.25
0, 3046, 5.5
0, 3047, 5.75
0, 3048, 6.0
0, 3049, 6.25
0, 3050, 6.5
0, 3051, 6.75
0, 3052, 7.0
0, 3053, 7.25
0, 3054, 7.5
0, 3055, 7.75
0, 3056, 8.0
0, 3057, 8.25
0, 3058, 8.5
0, 3059, 8.75
0, 3060, 9.0
0, 3061, 9.25
0, 3062, 9.5
0, 3063, 9.75
0, 3064, 10.0
0, 3065, 10.25
0, 3066, 10.5
0, 3067, 10.75
0, 3068, 11.0
0, 3069, 11.25
0, 3070, 11.5
0, 3071, 11.75
0, 3072, 12.0
0, 3073, 12.25
0, 3074, 12.5
0, 3075, 12.75
0, 3076, 13.0
0, 3077, 13.25
0, 3078, 13.5
0, 3079, 13.75
0, 3080, 14.0
0, 3081, 14.25
0, 3082, 14.5
0, 3083, 14.75
0, 3084, 15.0
0, 3085, 15.25
0, 3086, 15.5
0, 3087, 15.75
0, 3088, 16.0
0, 3089, 16.25
0, 3090, 16.5
0, 3091, 16.75
0, 3092, 17.0
0, 3093, 17.25
0, 3094, 17.5
0, 3095, 17.75
0, 3096, 18.0
0, 3097, 18.25
0, 3098, 18.5
0, 3099, 18.75
0, 3100, 19.0
0, 3101, 19.25
0, 3102, 19.5
0, 3103, 19.75
0, 3104, 20.0
0, 3105, 20.25
0, 3106, 20.5
0, 3107, 20.75
0, 3108, 21.0
0, 3109, 21.25
0, 3110, 21.5
0, 3111, 21.75
0, 3112, 22.0
0, 3113, 22.25
0, 3114, 22.5
0, 3115, 22.75
0, 3116, 23.0
0, 3117, 23.25
0, 3118, 23.5
0, 3119, 23.75
0, 3120, 24.0
0, 3121, 24.25
0, 3122, 24.5
0, 3123, 24.75
0, 3124, 25.0
0, 3125, 25.25
0, 3126, 25.5
0, 3127, 25.75
0, 3128, 26.0
0, 3129, 26.25
0, 3130, 26.5
0, 3131, 26.75
0, 3132, 27.0
0, 3133, 27.25
0, 3134, 27.5
0, 3135, 27.75
0, 3136, 28.0
0, 3137, 28.25
0, 3138, 28.5
0, 3139, 28.75
0, 3140, 29.0
0, 3141, 29.25
0, 3142, 29.5
0, 3143, 29.75
0, 3144, 30.0
0, 3145, 30.25
0, 3146, 30.5
0, 3147, 30.75
0, 3148, 31.0
0, 3149, 31.25
0, 3150, 31.5
0, 3151, 31.25
0, 3152, 31.0
0, 3153, 30.75
0, 3154, 31.0
0, 3155, 31.25
0, 3156, 31.5
0, 3157, 31.25
0, 3158, 31.0
0, 3159, 30.75
0, 3160, 30.5
0, 3161, 30.25
0, 3162, 30.0
0, 3163, 29.75
0, 3164, 29.5
0, 3165, 29.25
0, 3166, 29.0
0, 3167, 28.75
0, 3168, 28.5
0, 3169, 28.25
0, 3170, 28.0
0, 3171, 27.75
0, 3172, 27.5
0, 3173, 27.25
0, 3174, 27.0
0, 3175, 26.75
0, 3176, 26.5
0, 3177, 26.25
0, 3178, 26.0
0, 3179, 25.75
0, 3180, 25.5
0, 3181, 25.25
0, 3182, 25.0
0, 3183, 24.75
0, 3184, 24.5
0, 3185, 24.25
0, 3186, 24.0
0, 3187, 23.75
0, 3188, 23.5
0, 3189, 23.25
0, 3190, 23.0
0, 3191, 22.75
0, 3192, 22.5
0, 3193, 22.25
0, 3194, 22.0
0, 3195, 21.75
0, 3196, 21.5
0, 3197, 21.25
0, 3198, 21.0
0, 3199, 20.75
0, 3200, 20.5
0, 3201, 20.25
0, 3202, 20.0
0, 3203, 19.75
0, 3204, 19.5
0, 3205, 19.25
0, 3206, 19.0
0, 3207, 18.75
0, 3208, 18.5
0, 3209, 18.25
0, 3210, 18.0
0, 3211, 17.75
0, 3212, 17.5
0, 3213, 17.25
0, 3214, 17.0
0, 3215, 16.75
0, 3216, 16.5
0, 3217, 16.25
0, 3218, 16.0
0, 3219, 15.75
0, 3220, 15.5
0, 3221, 15.25
0, 3222, 15.0
0, 3223, 14.75
0, 3224, 14.5
0, 3225, 14.25
0, 3226, 14.0
0, 3227, 13.75
0, 3228, 13.5
0, 3229, 13.25
0, 3230, 13.0
0, 3231, 12.75
0, 3232, 12.5
0, 3233, 12.25
0, 3234, 12.0
0, 3235, 11.75
0, 3236, 11.5
0, 3237, 11.25
0, 3238, 11.0
0, 3239, 10.75
0, 3240, 10.5
0, 3241, 10.25
0, 3242, 10.0
0, 3243, 9.75
0, 3244, 9.5
0, 3245, 9.25
0, 3246, 9.0
0, 3247, 8.75
0, 3248, 8.5
0, 3249, 8.25
0, 3250, 8.0
0, 3251, 7.75
0, 3252, 7.5
0, 3253, 7.25
0, 3254, 7.0
0, 3255, 6.75
0, 3256, 6.5
0, 3257, 6.25
0, 3258, 6.0
0, 3259, 5.75
0, 3260, 5.5
0, 3261, 5.25
0, 3262, 5.0
0, 3263, 4.75
0, 3264, 4.5
0, 3265, 4.25
0, 3266, 4.0
0, 3267, 3.75
0, 3268, 3.5
0, 3269, 3.25
0, 3270, 3.0
0, 3271, 2.75
0, 3272, 2.5
0, 3273, 2.25
0, 3274, 2.0
0, 3275, 1.75
0, 3276, 1.5
0, 3277, 1.25
0, 3278, 1.0
0, 3279, 0.75
0, 3280, 0.75
0, 3281, 0.75
0, 3282, 0.75
0, 3283, 0.75
0, 3284, 0.75
0, 3285, 0.75
0, 3286, 0.75
0, 3287, 0.75
0, 3288, 0.75
0, 3289, 0.75
0, 3290, 0.75
0, 3291, 0.75
0, 3292, 0.75
0, 3293, 0.75
0, 3294, 0.75
0, 3295, 1.0
0, 3296, 1.25
0, 3297, 1.5
0, 3298, 1.25
0, 3299, 1.0
0, 3300, 1.25
0, 3301, 1.5
0, 3302, 1.75
0, 3303, 2.0
0, 3304, 2.25
0, 3305, 2.5
0, 3306, 2.75
0, 3307, 3.0
0, 3308, 3.25
0, 3309, 3.5
0, 3310, 3.75
0, 3311, 4.0
0, 3312, 4.25
0, 3313, 4.5
0, 3314, 4.75
0, 3315, 5.0
0, 3316, 5.25
0, 3317, 5.5
0, 3318, 5.75
0, 3319, 6.0
0, 3320, 6.25
0, 3321, 6.5
0, 3322, 6.75
0, 3323, 7.0
0, 3324, 7.25
0, 3325, 7.5
0, 3326, 7.75
0, 3327, 8.0
0, 3328, 8.25
0, 3329, 8.5
0, 3330, 8.75
0, 3331, 9.0
0, 3332, 9.25
0, 3333, 9.5
0, 3334, 9.75
0, 3335, 10.0
0, 3336, 10.25
0, 3337, 10.5
0, 3338, 10.75
0, 3339, 11.0
0, 3340, 11.25
0, 3341, 11.5
0, 3342, 11.75
0, 3343, 12.0
0, 3344, 12.25
0, 3345, 12.5
0, 3346, 12.75
0, 3347, 13.0
0, 3348, 13.25
0, 3349, 13.5
0, 3350, 13.75
0, 3351, 14.0
0, 3352, 14.25
0, 3353, 14.5
0, 3354, 14.75
0, 3355, 15.0
0, 3356, 15.25
0, 3357, 15.5
0, 3358, 15.75
0, 3359, 16.0
0, 3360, 16.25
0, 3361, 16.5
0, 3362, 16.75
0, 3363, 17.0
0, 3364, 17.25
0, 3365, 17.5
0, 3366, 17.75
0, 3367, 18.0
0, 3368, 18.25
0, 3369, 18.5
0, 3370, 18.75
0, 3371, 19.0
0, 3372, 19.25
0, 3373, 19.5
0, 3374, 19.75
0, 3375, 20.0
0, 3376, 20.25
0, 3377, 20.5
0, 3378, 20.75
0, 3379, 21.0
0, 3380, 21.25
0, 3381, 21.5
0, 3382, 21.75
0, 3383, 22.0
0, 3384, 22.25
0, 3385, 22.5
0, 3386, 22.75
0, 3387, 23.0
0, 3388, 23.25
0, 3389, 23.5
0, 3390, 23.75
0, 3391, 24.0
0, 3392, 24.25
0, 3393, 24.5
0, 3394, 24.75
0, 3395, 25.0
0, 3396, 25.25
0, 3397, 25.5
0, 3398, 25.75
0, 3399, 26.0
0, 3400, 26.25
0, 3401, 26.5
0, 3402, 26.75
0, 3403, 27.0
0, 3404, 27.25
0, 3405, 27.5
0, 3406, 27.75
0, 3407, 28.0
0, 3408, 28.25
0, 3409, 28.5
0, 3410, 28.75
0, 3411, 29.0
0, 3412, 29.25
0, 3413, 29.5
0, 3414, 29.75
0, 3415, 30.0
0, 3416, 30.25
0, 3417, 30.5
0, 3418, 30.75
0, 3419, 31.0
0, 3420, 31.25
0, 3421, 31.5
0, 3422, 31.75
0, 3423, 32.0
0, 3424, 32.25
0, 3425, 32.5
0, 3426, 32.75
0, 3427, 33.0
0, 3428, 33.25
0, 3429, 33.5
0, 3430, 33.75
0, 3431, 34.0
0, 3432, 34.25
0, 3433, 34.5
0, 3434, 34.75
0, 3435, 35.0
0, 3436, 35.25
0, 3437, 35.5
0, 3438, 35.75
0, 3439, 36.0
0, 3440, 36.25
0, 3441, 36.5
0, 3442, 36.75
0, 3443, 37.0
0, 3444, 37.25
0, 3445, 37.5
0, 3446, 37.75
0, 3447, 38.0
0, 3448, 38.25
0, 3449, 38.5
0, 3450, 38.75
0, 3451, 39.0
0, 3452, 39.25
0, 3453, 39.5
0, 3454, 39.75
0, 3455, 40.0
0, 3456, 40.25
0, 3457, 40.5
0, 3458, 40.75
0, 3459, 41.0
0, 3460, 41.25
0, 3461, 41.5
0, 3462, 41.75
0, 3463, 42.0
0, 3464, 42.25
0, 3465, 42.5
0, 3466, 42.75
0, 3467, 43.0
0, 3468, 43.25
0, 3469, 43.5
0, 3470, 43.75
0, 3471, 44.0
0, 3472, 44.25
0, 3473, 44.0
0, 3474, 43.75
0, 3475, 43.5
0, 3476, 43.75
0, 3477, 44.0
0, 3478, 44.25
0, 3479, 44.0
0, 3480, 43.75
0, 3481, 43.5
0, 3482, 43.25
0, 3483, 43.0
0, 3484, 42.75
0, 3485, 42.5
0, 3486, 42.25
0, 3487, 42.0
0, 3488, 41.75
0, 3489, 41.5
0, 3490, 41.25
0, 3491, 41.0
0, 3492, 40.75
0, 3493, 40.5
0, 3494, 40.25
0, 3495, 40.0
0, 3496, 39.75
0, 3497, 39.5
0, 3498, 39.25
0, 3499, 39.0
0, 3500, 38.75
0, 3501, 38.5
0, 3502, 38.25
0, 3503, 38.0
0, 3504, 37.75
0, 3505, 37.5
0, 3506, 37.25
0, 3507, 37.0
0, 3508, 36.75
0, 3509, 36.5
0, 3510, 36.25
0, 3511, 36.0
0, 3512, 35.75
0, 3513, 35.5
0, 3514, 35.25
0, 3515, 35.0
0, 3516, 34.75
0, 3517, 34.5
0, 3518, 34.25
0, 3519, 34.0
0, 3520, 33.75
0, 3521, 33.5
0, 3522, 33.25
0, 3523, 33.0
0, 3524, 32.75
0, 3525, 32.5
0, 3526, 32.25
0, 3527, 32.0
0, 3528, 31.75
0, 3529, 31.5
0, 3530, 31.25
0, 3531, 31.0
0, 3532, 30.75
0, 3533, 30.5
0, 3534, 30.25
0, 3535, 30.0
0, 3536, 29.75
0, 3537, 29.5
0, 3538, 29.25
0, 3539, 29.0
0, 3540, 28.75
0, 3541, 28.5
0, 3542, 28.25
0, 3543, 28.0
0, 3544, 27.75
0, 3545, 27.5
0, 3546, 27.25
0, 3547, 27.0
0, 3548, 26.75
0, 3549, 26.5
0, 3550, 26.25
0, 3551, 26.0
0, 3552, 25.75
0, 3553, 25.5
0, 3554, 25.25
0, 3555, 25.0
0, 3556, 24.75
0, 3557, 24.5
0, 3558, 24.25
0, 3559, 24.0
0, 3560, 23.75
0, 3561, 23.5
0, 3562, 23.25
0, 3563, 23.0
0, 3564, 22.75
0, 3565, 22.5
0, 3566, 22.25
0, 3567, 22.0
0, 3568, 21.75
0, 3569, 21.5
0, 3570, 21.25
0, 3571, 21.0
0, 3572, 20.75
0, 3573, 20.5
0, 3574, 20.25
0, 3575, 20.0
0, 3576, 19.75
0, 3577, 19.5
0, 3578, 19.25
0, 3579, 19.0
0, 3580, 18.75
0, 3581, 18.5
0, 3582, 18.25
0, 3583, 18.0
0, 3584, 17.75
0, 3585, 17.5
0, 3586, 17.25
0, 3587, 17.0
0, 3588, 16.75
0, 3589, 16.5
0, 3590, 16.25
0, 3591, 16.0
0, 3592, 15.75
0, 3593, 15.5
0, 3594, 15.25
0, 3595, 15.0
0, 3596, 14.75
0, 3597, 14.5
0, 3598, 14.25
0, 3599, 14.0
0, 3600, 13.75
0, 3601, 13.5
0, 3602, 13.25
0, 3603, 13.0
0, 3604, 12.75
0, 3605, 12.5
0, 3606, 12.25
0, 3607, 12.0
0, 3608, 11.75
0, 3609, 11.5
0, 3610, 11.25
0, 3611, 11.0
0, 3612, 10.75
0, 3613, 10.5
0, 3614, 10.25
0, 3615, 10.0
0, 3616, 9.75
0, 3617, 9.5
0, 3618, 9.25
0, 3619, 9.0
0, 3620, 8.75
0, 3621, 8.5
0, 3622, 8.25
0, 3623, 8.0
0, 3624, 7.75
0, 3625, 7.5
0, 3626, 7.25
0, 3627, 7.0
0, 3628, 6.75
0, 3629, 6.5
0, 3630, 6.25
0, 3631, 6.0
0, 3632, 5.75
0, 3633, 5.5
0, 3634, 5.25
0, 3635, 5.0
0, 3636, 4.75
0, 3637, 4.5
0, 3638, 4.25
0, 3639, 4.5
0, 3640, 4.25
0, 3641, 4.0
0, 3642, 3.75
0, 3643, 4.0
0, 3644, 4.25
0, 3645, 4.5
0, 3646, 4.75
0, 3647, 5.0
0, 3648, 5.25
0, 3649, 5.5
0, 3650, 5.75
0, 3651, 6.0
0, 3652, 6.25
0, 3653, 6.5
0, 3654, 6.75
0, 3655, 7.0
0, 3656, 7.25
0, 3657, 7.5
0, 3658, 7.75
0, 3659, 8.0
0, 3660, 8.25
0, 3661, 8.5
0, 3662, 8.75
0, 3663, 9.0
0, 3664, 9.25
0, 3665, 9.5
0, 3666, 9.75
0, 3667, 10.0
0, 3668, 10.25
0, 3669, 10.5
0, 3670, 10.75
0, 3671, 11.0
0, 3672, 11.25
0, 3673, 11.5
0, 3674, 11.75
0, 3675, 12.0
0, 3676, 12.25
0, 3677, 12.5
0, 3678, 12.75
0, 3679, 13.0
0, 3680, 13.25
0, 3681, 13.5
0, 3682, 13.75
0, 3683, 14.0
0, 3684, 14.25
0, 3685, 14.5
0, 3686, 14.75
0, 3687, 15.0
0, 3688, 15.25
0, 3689, 15.5
0, 3690, 15.75
0, 3691, 16.0
0, 3692, 16.25
0, 3693, 16.5
0, 3694, 16.75
0, 3695, 17.0
0, 3696, 17.25
0, 3697, 17.5
0, 3698, 17.75
0, 3699, 18.0
0, 3700, 18.25
0, 3701, 18.5
0, 3702, 18.75
0, 3703, 19.0
0, 3704, 19.25
0, 3705, 19.5
0, 3706, 19.75
0, 3707, 20.0
0, 3708, 20.25
0, 3709, 20.5
0, 3710, 20.75
0, 3711, 21.0
0, 3712, 21.25
0, 3713, 21.5
0, 3714, 21.75
0, 3715, 22.0
0, 3716, 22.25
0, 3717, 22.5
0, 3718, 22.75
0, 3719, 23.0
0, 3720, 23.25
0, 3721, 23.5
0, 3722, 23.75
0, 3723, 24.0
0, 3724, 24.25
0, 3725, 24.5
0, 3726, 24.75
0, 3727, 25.0
0, 3728, 25.25
0, 3729, 25.5
0, 3730, 25.75
0, 3731, 26.0
0, 3732, 26.25
0, 3733, 26.5
0, 3734, 26.75
0, 3735, 27.0
0, 3736, 27.25
0, 3737, 27.5
0, 3738, 27.75
0, 3739, 28.0
0, 3740, 28.25
0, 3741, 28.5
0, 3742, 28.75
0, 3743, 29.0
0, 3744, 29.25
0, 3745, 29.5
0, 3746, 29.75
0, 3747, 30.0
0, 3748, 30.25
0, 3749, 30.5
0, 3750, 30.75
0, 3751, 31.0
0, 3752, 31.25
0, 3753, 31.5
0, 3754, 31.75
0, 3755, 32.0
0, 3756, 32.25
0, 3757, 32.5
0, 3758, 32.75
0, 3759, 33.0
0, 3760, 33.25
0, 3761, 33.5
0, 3762, 33.75
0, 3763, 34.0
0, 3764, 34.25
0, 3765, 34.5
0, 3766, 34.75
0, 3767, 35.0
0, 3768, 35.25
0, 3769, 35.5
0, 3770, 35.75
0, 3771, 36.0
0, 3772, 36.25
0, 3773, 36.5
0, 3774, 36.75
0, 3775, 37.0
0, 3776, 37.25
0, 3777, 37.5
0, 3778, 37.75
0, 3779, 38.0
0, 3780, 38.25
0, 3781, 38.5
0, 3782, 38.75
0, 3783, 39.0
0, 3784, 39.25
0, 3785, 39.5
0, 3786, 39.75
0, 3787, 40.0
0, 3788, 40.25
0, 3789, 40.5
0, 3790, 40.75
0, 3791, 41.0
0, 3792, 41.25
0, 3793, 41.5
0, 3794, 41.75
0, 3795, 42.0
0, 3796, 42.25
0, 3797, 42.5
0, 3798, 42.75
0, 3799, 43.0
0, 3800, 43.25
0, 3801, 43.5
0, 3802, 43.75
0, 3803, 44.0
0, 3804, 44.25
0, 3805, 44.5
0, 3806, 44.75
0, 3807, 45.0
0, 3808, 45.25
0, 3809, 45.5
0, 3810, 45.75
0, 3811, 46.0
0, 3812, 46.25
0, 3813, 46.5
0, 3814, 46.75
0, 3815, 47.0
0, 3816, 47.25
0, 3817, 47.5
0, 3818, 47.75
0, 3819, 48.0
0, 3820, 48.25
0, 3821, 48.5
0, 3822, 48.75
0, 3823, 49.0
0, 3824, 49.25
0, 3825, 49.5
0, 3826, 49.75
0, 3827, 50.0
0, 3828, 50.25
0, 3829, 50.5
0, 3830, 50.75
0, 3831, 51.0
0, 3832, 51.25
0, 3833, 51.5
0, 3834, 51.75
0, 3835, 52.0
0, 3836, 52.25
0, 3837, 52.5
0, 3838, 52.75
0, 3839, 53.0
0, 3840, 53.25
0, 3841, 53.5
0, 3842, 53.75
0, 3843, 53.5
0, 3844, 53.25
0, 3845, 53.0
0, 3846, 52.75
0, 3847, 52.5
0, 3848, 52.25
0, 3849, 52.0
0, 3850, 51.75
0, 3851, 51.5
0, 3852, 51.25
0, 3853, 51.0
0, 3854, 50.75
0, 3855, 50.5
0, 3856, 50.25
0, 3857, 50.0
0, 3858, 49.75
0, 3859, 49.5
0, 3860, 49.25
0, 3861, 49.0
0, 3862, 48.75
0, 3863, 48.5
0, 3864, 48.25
0, 3865, 48.0
0, 3866, 47.75
0, 3867, 47.5
0, 3868, 47.25
0, 3869, 47.0
0, 3870, 46.75
0, 3871, 46.5
0, 3872, 46.25
0, 3873, 46.0
0, 3874, 45.75
0, 3875, 45.5
0, 3876, 45.25
0, 3877, 45.0
0, 3878, 44.75
0, 3879, 44.5
0, 3880, 44.25
0, 3881, 44.0
0, 3882, 43.75
0, 3883, 43.5
0, 3884, 43.25
0, 3885, 43.0
0, 3886, 42.75
0, 3887, 42.5
0, 3888, 42.25
0, 3889, 42.0
0, 3890, 41.75
0, 3891, 41.5
0, 3892, 41.25
0, 3893, 41.0
0, 3894, 40.75
0, 3895, 40.5
0, 3896, 40.25
0, 3897, 40.0
0, 3898, 39.75
0, 3899, 39.5
0, 3900, 39.25
0, 3901, 39.0
0, 3902, 38.75
0, 3903, 38.5
0, 3904, 38.25
0, 3905, 38.0
0, 3906, 37.75
0, 3907, 37.5
0, 3908, 37.25
0, 3909, 37.0
0, 3910, 36.75
0, 3911, 36.5
0, 3912, 36.25
0, 3913, 36.0
0, 3914, 35.75
0, 3915, 35.5
0, 3916, 35.25
0, 3917, 35.0
0, 3918, 34.75
0, 3919, 34.5
0, 3920, 34.25
0, 3921, 34.0
0, 3922, 33.75
0, 3923, 33.5
0, 3924, 33.25
0, 3925, 33.0
0, 3926, 32.75
0, 3927, 32.5
0, 3928, 32.25
0, 3929, 32.0
0, 3930, 31.75
0, 3931, 31.5
0, 3932, 31.25
0, 3933, 31.0
0, 3934, 30.75
0, 3935, 30.5
0, 3936, 30.25
0, 3937, 30.0
0, 3938, 29.75
0, 3939, 29.5
0, 3940, 29.25
0, 3941, 29.0
0, 3942, 28.75
0, 3943, 28.5
0, 3944, 28.25
0, 3945, 28.0
0, 3946, 27.75
0, 3947, 27.5
0, 3948, 27.25
0, 3949, 27.0
0, 3950, 26.75
0, 3951, 26.5
0, 3952, 26.25
0, 3953, 26.0
0, 3954, 25.75
0, 3955, 25.5
0, 3956, 25.25
0, 3957, 25.0
0, 3958, 24.75
0, 3959, 24.5
0, 3960, 24.25
0, 3961, 24.0
0, 3962, 23.75
0, 3963, 23.5
0, 3964, 23.25
0, 3965, 23.0
0, 3966, 22.75
0, 3967, 22.5
0, 3968, 22.25
0, 3969, 22.0
0, 3970, 21.75
0, 3971, 21.5
0, 3972, 21.25
0, 3973, 21.0
0, 3974, 20.75
0, 3975, 20.5
0, 3976, 20.25
0, 3977, 20.0
0, 3978, 19.75
0, 3979, 19.5
0, 3980, 19.25
0, 3981, 19.0
0, 3982, 18.75
0, 3983, 18.5
0, 3984, 18.25
0, 3985, 18.0
0, 3986, 17.75
0, 3987, 17.5
0, 3988, 17.25
0, 3989, 17.0
0, 3990, 16.75
0, 3991, 16.5
0, 3992, 16.25
0, 3993, 16.0
0, 3994, 15.75
0, 3995, 15.5
0, 3996, 15.25
0, 3997, 15.0
0, 3998, 14.75
0, 3999, 14.5
0, 4000, 14.25
0, 4001, 14.0
0, 4002, 13.75
0, 4003, 13.5
0, 4004, 13.25
0, 4005, 13.0
0, 4006, 12.75
0, 4007, 12.5
0, 4008, 12.25
0, 4009, 12.0
0, 4010, 11.75
0, 4011, 11.5
0, 4012, 11.25
0, 4013, 11.0
0, 4014, 10.75
0, 4015, 10.5
0, 4016, 10.25
0, 4017, 10.0
0, 4018, 9.75
0, 4019, 9.5
0, 4020, 9.25
0, 4021, 9.0
0, 4022, 8.75
0, 4023, 9.0
0, 4024, 9.25
0, 4025, 9.5
0, 4026, 9.75
0, 4027, 10.0
0, 4028, 10.25
0, 4029, 10.5
0, 4030, 10.75
0, 4031, 11.0
0, 4032, 11.25
0, 4033, 11.5
0, 4034, 11.75
0, 4035, 12.0
0, 4036, 12.25
0, 4037, 12.5
0, 4038, 12.75
0, 4039, 13.0
0, 4040, 13.25
0, 4041, 13.5
0, 4042, 13.75
0, 4043, 14.0
0, 4044, 14.25
0, 4045, 14.5
0, 4046, 14.75
0, 4047, 15.0
0, 4048, 15.25
0, 4049, 15.5
0, 4050, 15.75
0, 4051, 16.0
0, 4052, 16.25
0, 4053, 16.5
0, 4054, 16.75
0, 4055, 17.0
0, 4056, 17.25
0, 4057, 17.5
0, 4058, 17.75
0, 4059, 18.0
0, 4060, 18.25
0, 4061, 18.5
0, 4062, 18.75
0, 4063, 19.0
0, 4064, 19.25
0, 4065, 19.5
0, 4066, 19.75
0, 4067, 20.0
0, 4068, 20.25
0, 4069, 20.5
0, 4070, 20.75
0, 4071, 21.0
0, 4072, 21.25
0, 4073, 21.5
0, 4074, 21.75
0, 4075, 22.0
0, 4076, 22.25
0, 4077, 22.5
0, 4078, 22.75
0, 4079, 23.0
0, 4080, 23.25
0, 4081, 23.5
0, 4082, 23.75
0, 4083, 24.0
0, 4084, 24.25
0, 4085, 24.5
0, 4086, 24.75
0, 4087, 25.0
0, 4088, 25.25
0, 4089, 25.5
0, 4090, 25.75
0, 4091, 26.0
0, 4092, 26.25
0, 4093, 26.5
0, 4094, 26.75
0, 4095, 27.0
0, 4096, 27.25
0, 4097, 27.5
0, 4098, 27.75
0, 4099, 28.0
0, 4100, 28.25
0, 4101, 28.5
0, 4102, 28.75
0, 4103, 29.0
0, 4104, 29.25
0, 4105, 29.5
0, 4106, 29.75
0, 4107, 30.0
0, 4108, 30.25
0, 4109, 30.5
0, 4110, 30.75
0, 4111, 31.0
0, 4112, 31.25
0, 4113, 31.5
0, 4114, 31.75
0, 4115, 32.0
0, 4116, 32.25
0, 4117, 32.5
0, 4118, 32.75
0, 4119, 33.0
0, 4120, 33.25
0, 4121, 33.5
0, 4122, 33.75
0, 4123, 34.0
0, 4124, 34.25
0, 4125, 34.5
0, 4126, 34.75
0, 4127, 35.0
0, 4128, 35.25
0, 4129, 35.5
0, 4130, 35.75
0, 4131, 36.0
0, 4132, 36.25
0, 4133, 36.5
0, 4134, 36.75
0, 4135, 37.0
0, 4136, 37.25
0, 4137, 37.5
0, 4138, 37.75
0, 4139, 38.0
0, 4140, 38.25
0, 4141, 38.5
0, 4142, 38.75
0, 4143, 39.0
0, 4144, 39.25
0, 4145, 39.5
0, 4146, 39.75
0, 4147, 40.0
0, 4148, 40.25
0, 4149, 40.5
0, 4150, 40.75
0, 4151, 41.0
0, 4152, 41.25
0, 4153, 41.5
0, 4154, 41.75
0, 4155, 42.0
0, 4156, 42.25
0, 4157, 42.5
0, 4158, 42.75
0, 4159, 42.5
0, 4160, 42.25
0, 4161, 42.0
0, 4162, 42.25
0, 4163, 42.0
0, 4164, 41.75
0, 4165, 41.5
0, 4166, 41.25
0, 4167, 41.0
0, 4168, 40.75
0, 4169, 40.5
0, 4170, 40.25
0, 4171, 40.0
0, 4172, 39.75
0, 4173, 39.5
0, 4174, 39.25
0, 4175, 39.0
0, 4176, 38.75
0, 4177, 38.5
0, 4178, 38.25
0, 4179, 38.0
0, 4180, 37.75
0, 4181, 37.5
0, 4182, 37.25
0, 4183, 37.0
0, 4184, 36.75
0, 4185, 36.5
0, 4186, 36.25
0, 4187, 36.0
0, 4188, 35.75
0, 4189, 35.5
0, 4190, 35.25
0, 4191, 35.0
0, 4192, 34.75
0, 4193, 34.5
0, 4194, 34.25
0, 4195, 34.0
0, 4196, 33.75
0, 4197, 33.5
0, 4198, 33.25
0, 4199, 33.0
0, 4200, 32.75
0, 4201, 32.5
0, 4202, 32.25
0, 4203, 32.0
0, 4204, 31.75
0, 4205, 31.5
0, 4206, 31.25
0, 4207, 31.0
0, 4208, 30.75
0, 4209, 30.5
0, 4210, 30.25
0, 4211, 30.0
0, 4212, 29.75
0, 4213, 29.5
0, 4214, 29.25
0, 4215, 29.0
0, 4216, 28.75
0, 4217, 28.5
0, 4218, 28.25
0, 4219, 28.0
0, 4220, 27.75
0, 4221, 27.5
0, 4222, 27.25
0, 4223, 27.0
0, 4224, 26.75
0, 4225, 26.5
0, 4226, 26.25
0, 4227, 26.0
0, 4228, 25.75
0, 4229, 25.5
0, 4230, 25.25
0, 4231, 25.0
0, 4232, 24.75
0, 4233, 24.5
0, 4234, 24.25
0, 4235, 24.0
0, 4236, 23.75
0, 4237, 23.5
0, 4238, 23.25
0, 4239, 23.0
0, 4240, 22.75
0, 4241, 22.5
0, 4242, 22.25
0, 4243, 22.0
0, 4244, 21.75
0, 4245, 21.5
0, 4246, 21.25
0, 4247, 21.0
0, 4248, 20.75
0, 4249, 20.5
0, 4250, 20.25
0, 4251, 20.0
0, 4252, 19.75
0, 4253, 19.5
0, 4254, 19.25
0, 4255, 19.0
0, 4256, 18.75
0, 4257, 18.5
0, 4258, 18.25
0, 4259, 18.0
0, 4260, 17.75
0, 4261, 17.5
0, 4262, 17.25
0, 4263, 17.0
0, 4264, 16.75
0, 4265, 16.5
0, 4266, 16.25
0, 4267, 16.0
0, 4268, 15.75
0, 4269, 15.5
0, 4270, 15.25
0, 4271, 15.0
0, 4272, 14.75
0, 4273, 14.5
0, 4274, 14.25
0, 4275, 14.0
0, 4276, 13.75
0, 4277, 13.5
0, 4278, 13.25
0, 4279, 13.0
0, 4280, 12.75
0, 4281, 12.5
0, 4282, 12.25
0, 4283, 12.0
0, 4284, 11.75
0, 4285, 11.5
0, 4286, 11.25
0, 4287, 11.0
0, 4288, 10.75
0, 4289, 10.5
0, 4290, 10.25
0, 4291, 10.0
0, 4292, 9.75
0, 4293, 9.5
0, 4294, 9.25
0, 4295, 9.0
0, 4296, 8.75
0, 4297, 8.5
0, 4298, 8.25
0, 4299, 8.0
0, 4300, 7.75
0, 4301, 7.5
0, 4302, 7.25
0, 4303, 7.0
0, 4304, 6.75
0, 4305, 6.5
0, 4306, 6.25
0, 4307, 6.0
0, 4308, 5.75
0, 4309, 5.5
0, 4310, 5.25
0, 4311, 5.0
0, 4312, 4.75
0, 4313, 4.5
0, 4314, 4.25
0, 4315, 4.0
0, 4316, 3.75
0, 4317, 3.5
0, 4318, 3.25
0, 4319, 3.0
0, 4320, 2.75
0, 4321, 2.5
0, 4322, 2.25
0, 4323, 2.0
0, 4324, 2.25
0, 4325, 2.5
0, 4326, 2.25
0, 4327, 2.0
0, 4328, 1.75
0, 4329, 2.0
0, 4330, 2.25
0, 4331, 2.5
0, 4332, 2.75
0, 4333, 3.0
0, 4334, 3.25
0, 4335, 3.5
0, 4336, 3.75
0, 4337, 4.0
0, 4338, 4.25
0, 4339, 4.5
0, 4340, 4.75
0, 4341, 5.0
0, 4342, 5.25
0, 4343, 5.5
0, 4344, 5.75
0, 4345, 6.0
0, 4346, 6.25
0, 4347, 6.5
0, 4348, 6.75
0, 4349, 7.0
0, 4350, 7.25
0, 4351, 7.5
0, 4352, 7.75
0, 4353, 8.0
0, 4354, 8.25
0, 4355, 8.5
0, 4356, 8.75
0, 4357, 9.0
0, 4358, 9.25
0, 4359, 9.5
0, 4360, 9.75
0, 4361, 10.0
0, 4362, 10.25
0, 4363, 10.5
0, 4364, 10.75
0, 4365, 11.0
0, 4366, 11.25
0, 4367, 11.5
0, 4368, 11.75
0, 4369, 12.0
0, 4370, 12.25
0, 4371, 12.5
0, 4372, 12.75
0, 4373, 13.0
0, 4374, 13.25
0, 4375, 13.5
0, 4376, 13.75
0, 4377, 14.0
0, 4378, 14.25
0, 4379, 14.5
0, 4380, 14.75
0, 4381, 15.0
0, 4382, 15.25
0, 4383, 15.5
0, 4384, 15.75
0, 4385, 16.0
0, 4386, 16.25
0, 4387, 16.5
0, 4388, 16.75
0, 4389, 17.0
0, 4390, 17.25
0, 4391, 17.5
0, 4392, 17.75
0, 4393, 18.0
0, 4394, 18.25
0, 4395, 18.5
0, 4396, 18.75
0, 4397, 19.0
0, 4398, 19.25
0, 4399, 19.5
0, 4400, 19.75
0, 4401, 20.0
0, 4402, 20.25
0, 4403, 20.5
0, 4404, 20.75
0, 4405, 21.0
0, 4406, 21.25
0, 4407, 21.5
0, 4408, 21.75
0, 4409, 22.0
0, 4410, 22.25
0, 4411, 22.5
0, 4412, 22.75
0, 4413, 23.0
0, 4414, 23.25
0, 4415, 23.5
0, 4416, 23.75
0, 4417, 24.0
0, 4418, 24.25
0, 4419, 24.5
0, 4420, 24.75
0, 4421, 25.0
0, 4422, 25.25
0, 4423, 25.5
0, 4424, 25.75
0, 4425, 26.0
0, 4426, 26.25
0, 4427, 26.5
0, 4428, 26.75
0, 4429, 27.0
0, 4430, 27.25
0, 4431, 27.5
0, 4432, 27.75
0, 4433, 28.0
0, 4434, 28.25
0, 4435, 28.5
0, 4436, 28.75
0, 4437, 29.0
0, 4438, 29.25
0, 4439, 29.5
0, 4440, 29.75
0, 4441, 30.0
0, 4442, 30.25
0, 4443, 30.5
0, 4444, 30.75
0, 4445, 31.0
0, 4446, 31.25
0, 4447, 31.5
0, 4448, 31.75
0, 4449, 32.0
0, 4450, 32.25
0, 4451, 32.5
0, 4452, 32.75
0, 4453, 33.0
0, 4454, 33.25
0, 4455, 33.5
0, 4456, 33.75
0, 4457, 34.0
0, 4458, 34.25
0, 4459, 34.5
0, 4460, 34.75
0, 4461, 35.0
0, 4462, 35.25
0, 4463, 35.5
0, 4464, 35.75
0, 4465, 36.0
0, 4466, 36.25
0, 4467, 36.5
0, 4468, 36.75
0, 4469, 37.0
0, 4470, 37.25
0, 4471, 37.5
0, 4472, 37.75
0, 4473, 38.0
0, 4474, 38.25
0, 4475, 38.5
0, 4476, 38.75
0, 4477, 39.0
0, 4478, 39.25
0, 4479, 39.5
0, 4480, 39.75
0, 4481, 40.0
0, 4482, 40.25
0, 4483, 40.5
0, 4484, 40.75
0, 4485, 41.0
0, 4486, 41.25
0, 4487, 41.5
0, 4488, 41.75
0, 4489, 42.0
0, 4490, 42.25
0, 4491, 42.5
0, 4492, 42.75
0, 4493, 43.0
0, 4494, 43.25
0, 4495, 43.5
0, 4496, 43.75
0, 4497, 44.0
0, 4498, 44.25
0, 4499, 44.5
0, 4500, 44.75
0, 4501, 45.0
0, 4502, 44.75
0, 4503, 44.5
0, 4504, 44.75
0, 4505, 45.0
0, 4506, 45.25
0, 4507, 45.5
0, 4508, 45.25
0, 4509, 45.0
0, 4510, 44.75
0, 4511, 44.5
0, 4512, 44.25
0, 4513, 44.0
0, 4514, 43.75
0, 4515, 43.5
0, 4516, 43.25
0, 4517, 43.0
0, 4518, 42.75
0, 4519, 42.5
0, 4520, 42.25
0, 4521, 42.0
0, 4522, 41.75
0, 4523, 41.5
0, 4524, 41.25
0, 4525, 41.0
0, 4526, 40.75
0, 4527, 40.5
0, 4528, 40.25
0, 4529, 40.0
0, 4530, 39.75
0, 4531, 39.5
0, 4532, 39.25
0, 4533, 39.0
0, 4534, 38.75
0, 4535, 38.5
0, 4536, 38.25
0, 4537, 38.0
0, 4538, 37.75
0, 4539, 37.5
0, 4540, 37.25
0, 4541, 37.0
0, 4542, 36.75
0, 4543, 36.5
0, 4544, 36.25
0, 4545, 36.0
0, 4546, 35.75
0, 4547, 35.5
0, 4548, 35.25
0, 4549, 35.0
0, 4550, 34.75
0, 4551, 34.5
0, 4552, 34.25
0, 4553, 34.0
0, 4554, 33.75
0, 4555, 33.5
0, 4556, 33.25
0, 4557, 33.0
0, 4558, 32.75
0, 4559, 32.5
0, 4560, 32.25
0, 4561, 32.0
0, 4562, 31.75
0, 4563, 31.5
0, 4564, 31.25
0, 4565, 31.0
0, 4566, 30.75
0, 4567, 30.5
0, 4568, 30.25
0, 4569, 30.0
0, 4570, 29.75
0, 4571, 29.5
0, 4572, 29.25
0, 4573, 29.0
0, 4574, 28.75
0, 4575, 28.5
0, 4576, 28.25
0, 4577, 28.0
0, 4578, 27.75
0, 4579, 27.5
0, 4580, 27.25
0, 4581, 27.0
0, 4582, 26.75
0, 4583, 26.5
0, 4584, 26.25
0, 4585, 26.0
0, 4586, 25.75
0, 4587, 25.5
0, 4588, 25.25
0, 4589, 25.0
0, 4590, 24.75
0, 4591, 24.5
0, 4592, 24.25
0, 4593, 24.0
0, 4594, 23.75
0, 4595, 23.5
0, 4596, 23.25
0, 4597, 23.0
0, 4598, 22.75
0, 4599, 22.5
0, 4600, 22.25
0, 4601, 22.0
0, 4602, 21.75
0, 4603, 21.5
0, 4604, 21.25
0, 4605, 21.0
0, 4606, 20.75
0, 4607, 20.5
0, 4608, 20.25
0, 4609, 20.0
0, 4610, 19.75
0, 4611, 19.5
0, 4612, 19.25
0, 4613, 19.0
0, 4614, 18.75
0, 4615, 18.5
0, 4616, 18.25
0, 4617, 18.0
0, 4618, 17.75
0, 4619, 17.5
0, 4620, 17.25
0, 4621, 17.0
0, 4622, 16.75
0, 4623, 16.5
0, 4624, 16.25
0, 4625, 16.0
0, 4626, 15.75
0, 4627, 15.5
0, 4628, 15.25
0, 4629, 15.0
0, 4630, 14.75
0, 4631, 14.5
0, 4632, 14.25
0, 4633, 14.0
0, 4634, 13.75
0, 4635, 13.5
0, 4636, 13.25
0, 4637, 13.0
0, 4638, 12.75
0, 4639, 12.5
0, 4640, 12.25
0, 4641, 12.0
0, 4642, 11.75
0, 4643, 11.5
0, 4644, 11.25
0, 4645, 11.0
0, 4646, 10.75
0, 4647, 10.5
0, 4648, 10.25
0, 4649, 10.0
0, 4650, 9.75
0, 4651, 9.5
0, 4652, 9.25
0, 4653, 9.0
0, 4654, 8.75
0, 4655, 8.5
0, 4656, 8.25
0, 4657, 8.0
0, 4658, 7.75
0, 4659, 7.5
0, 4660, 7.25
0, 4661, 7.0
0, 4662, 6.75
0, 4663, 6.5
0, 4664, 6.25
0, 4665, 6.0
0, 4666, 5.75
0, 4667, 5.5
0, 4668, 5.25
0, 4669, 5.0
0, 4670, 4.75
0, 4671, 4.5
0, 4672, 4.25
0, 4673, 4.0
0, 4674, 3.75
0, 4675, 3.5
0, 4676, 3.25
0, 4677, 3.0
0, 4678, 2.75
0, 4679, 2.5
0, 4680, 2.25
0, 4681, 2.0
0, 4682, 1.75
0, 4683, 1.5
0, 4684, 1.25
0, 4685, 1.0
0, 4686, 0.75
0, 4687, 0.75
0, 4688, 1.0
0, 4689, 1.25
0, 4690, 1.5
0, 4691, 1.25
0, 4692, 1.5
0, 4693, 1.75
0, 4694, 2.0
0, 4695, 2.25
0, 4696, 2.5
0, 4697, 2.75
0, 4698, 3.0
0, 4699, 3.25
0, 4700, 3.5
0, 4701, 3.75
0, 4702, 4.0
0, 4703, 4.25
0, 4704, 4.5
0, 4705, 4.75
0, 4706, 5.0
0, 4707, 5.25
0, 4708, 5.5
0, 4709, 5.75
0, 4710, 6.0
0, 4711, 6.25
0, 4712, 6.5
0, 4713, 6.75
0, 4714, 7.0
0, 4715, 7.25
0, 4716, 7.5
0, 4717, 7.75
0, 4718, 8.0
0, 4719, 8.25
0, 4720, 8.5
0, 4721, 8.75
0, 4722, 9.0
0, 4723, 9.25
0, 4724, 9.5
0, 4725, 9.75
0, 4726, 10.0
0, 4727, 10.25
0, 4728, 10.5
0, 4729, 10.75
0, 4730, 11.0
0, 4731, 11.25
0, 4732, 11.5
0, 4733, 11.75
0, 4734, 12.0
0, 4735, 12.25
0, 4736, 12.5
0, 4737, 12.75
0, 4738, 13.0
0, 4739, 13.25
0, 4740, 13.5
0, 4741, 13.75
0, 4742, 14.0
0, 4743, 14.25
0, 4744, 14.5
0, 4745, 14.75
0, 4746, 15.0
0, 4747, 15.25
0, 4748, 15.5
0, 4749, 15.75
0, 4750, 16.0
0, 4751, 16.25
0, 4752, 16.5
0, 4753, 16.75
0, 4754, 17.0
0, 4755, 17.25
0, 4756, 17.5
0, 4757, 17.75
0, 4758, 18.0
0, 4759, 18.25
0, 4760, 18.5
0, 4761, 18.75
0, 4762, 19.0
0, 4763, 19.25
0, 4764, 19.5
0, 4765, 19.75
0, 4766, 20.0
0, 4767, 20.25
0, 4768, 20.5
0, 4769, 20.75
0, 4770, 21.0
0, 4771, 21.25
0, 4772, 21.5
0, 4773, 21.75
0, 4774, 22.0
0, 4775, 22.25
0, 4776, 22.5
0, 4777, 22.75
0, 4778, 23.0
0, 4779, 23.25
0, 4780, 23.5
0, 4781, 23.75
0, 4782, 24.0
0, 4783, 24.25
0, 4784, 24.5
0, 4785, 24.75
0, 4786, 25.0
0, 4787, 25.25
0, 4788, 25.5
0, 4789, 25.75
0, 4790, 26.0
0, 4791, 26.25
0, 4792, 26.5
0, 4793, 26.75
0, 4794, 27.0
0, 4795, 27.25
0, 4796, 27.5
0, 4797, 27.75
0, 4798, 28.0
0, 4799, 28.25
0, 4800, 28.5
0, 4801, 28.75
0, 4802, 29.0
0, 4803, 29.25
0, 4804, 29.5
0, 4805, 29.75
0, 4806, 30.0
0, 4807, 30.25
0, 4808, 30.5
0, 4809, 30.75
0, 4810, 31.0
0, 4811, 31.25
0, 4812, 31.5
0, 4813, 31.75
0, 4814, 32.0
0, 4815, 32.25
0, 4816, 32.5
0, 4817, 32.75
0, 4818, 33.0
0, 4819, 33.25
0, 4820, 33.5
0, 4821, 33.75
0, 4822, 34.0
0, 4823, 34.25
0, 4824, 34.5
0, 4825, 34.75
0, 4826, 35.0
0, 4827, 35.25
0, 4828, 35.5
0, 4829, 35.75
0, 4830, 36.0
0, 4831, 36.25
0, 4832, 36.5
0, 4833, 36.75
0, 4834, 37.0
0, 4835, 37.25
0, 4836, 37.5
0, 4837, 37.75
0, 4838, 38.0
0, 4839, 38.25
0, 4840, 38.5
0, 4841, 38.75
0, 4842, 39.0
0, 4843, 39.25
0, 4844, 39.5
0, 4845, 39.75
0, 4846, 40.0
0, 4847, 40.25
0, 4848, 40.5
0, 4849, 40.75
0, 4850, 41.0
0, 4851, 41.25
0, 4852, 41.5
0, 4853, 41.75
0, 4854, 42.0
0, 4855, 42.25
0, 4856, 42.5
0, 4857, 42.75
0, 4858, 43.0
0, 4859, 43.25
0, 4860, 43.5
0, 4861, 43.75
0, 4862, 44.0
0, 4863, 44.25
0, 4864, 44.5
0, 4865, 44.75
0, 4866, 45.0
0, 4867, 45.25
0, 4868, 45.5
0, 4869, 45.75
0, 4870, 46.0
0, 4871, 46.25
0, 4872, 46.0
0, 4873, 45.75
0, 4874, 45.5
0, 4875, 45.25
0, 4876, 45.0
0, 4877, 44.75
0, 4878, 44.5
0, 4879, 44.25
0, 4880, 44.0
0, 4881, 43.75
0, 4882, 43.5
0, 4883, 43.25
0, 4884, 43.0
0, 4885, 42.75
0, 4886, 42.5
0, 4887, 42.25
0, 4888, 42.0
0, 4889, 41.75
0, 4890, 41.5
0, 4891, 41.25
0, 4892, 41.0
0, 4893, 40.75
0, 4894, 40.5
0, 4895, 40.25
0, 4896, 40.0
0, 4897, 39.75
0, 4898, 39.5
0, 4899, 39.25
0, 4900, 39.0
0, 4901, 38.75
0, 4902, 38.5
0, 4903, 38.25
0, 4904, 38.0
0, 4905, 37.75
0, 4906, 37.5
0, 4907, 37.25
0, 4908, 37.0
0, 4909, 36.75
0, 4910, 36.5
0, 4911, 36.25
0, 4912, 36.0
0, 4913, 35.75
0, 4914, 35.5
0, 4915, 35.25
0, 4916, 35.0
0, 4917, 34.75
0, 4918, 34.5
0, 4919, 34.25
0, 4920, 34.0
0, 4921, 33.75
0, 4922, 33.5
0, 4923, 33.25
0, 4924, 33.0
0, 4925, 32.75
0, 4926, 32.5
0, 4927, 32.25
0, 4928, 32.0
0, 4929, 31.75
0, 4930, 31.5
0, 4931, 31.25
0, 4932, 31.0
0, 4933, 30.75
0, 4934, 30.5
0, 4935, 30.25
0, 4936, 30.0
0, 4937, 29.75
0, 4938, 29.5
0, 4939, 29.25
0, 4940, 29.0
0, 4941, 28.75
0, 4942, 28.5
0, 4943, 28.25
0, 4944, 28.0
0, 4945, 27.75
0, 4946, 27.5
0, 4947, 27.25
0, 4948, 27.0
0, 4949, 26.75
0, 4950, 26.5
0, 4951, 26.25
0, 4952, 26.0
0, 4953, 25.75
0, 4954, 25.5
0, 4955, 25.25
0, 4956, 25.0
0, 4957, 24.75
0, 4958, 24.5
0, 4959, 24.25
0, 4960, 24.0
0, 4961, 23.75
0, 4962, 23.5
0, 4963, 23.25
0, 4964, 23.0
0, 4965, 22.75
0, 4966, 22.5
0, 4967, 22.25
0, 4968, 22.0
0, 4969, 21.75
0, 4970, 21.5
0, 4971, 21.25
0, 4972, 21.0
0, 4973, 20.75
0, 4974, 20.5
0, 4975, 20.25
0, 4976, 20.0
0, 4977, 19.75
0, 4978, 19.5
0, 4979, 19.25
0, 4980, 19.0
0, 4981, 18.75
0, 4982, 18.5
0, 4983, 18.25
0, 4984, 18.0
0, 4985, 17.75
0, 4986, 17.5
0, 4987, 17.25
0, 4988, 17.0
0, 4989, 16.75
0, 4990, 16.5
0, 4991, 16.25
0, 4992, 16.0
0, 4993, 15.75
0, 4994, 15.5
0, 4995, 15.25
0, 4996, 15.0
0, 4997, 14.75
0, 4998, 14.5
0, 4999, 14.25
