Replication, Day, Arrival Amount
0, 0, 30.0
0, 1, 30.25
0, 2, 30.5
0, 3, 30.75
0, 4, 31.0
0, 5, 31.25
0, 6, 31.5
0, 7, 31.75
0, 8, 32.0
0, 9, 32.25
0, 10, 32.5
0, 11, 32.75
0, 12, 33.0
0, 13, 33.25
0, 14, 33.5
0, 15, 33.75
0, 16, 34.0
0, 17, 34.25
0, 18, 34.5
0, 19, 34.75
0, 20, 35.0
0, 21, 35.25
0, 22, 35.5
0, 23, 35.75
0, 24, 36.0
0, 25, 36.25
0, 26, 36.5
0, 27, 36.75
0, 28, 37.0
0, 29, 37.25
0, 30, 37.5
0, 31, 37.75
0, 32, 38.0
0, 33, 38.25
0, 34, 38.5
0, 35, 38.75
0, 36, 39.0
0, 37, 39.25
0, 38, 39.5
0, 39, 39.75
0, 40, 40.0
0, 41, 40.25
0, 42, 40.5
0, 43, 40.75
0, 44, 41.0
0, 45, 41.25
0, 46, 41.5
0, 47, 41.75
0, 48, 42.0
0, 49, 42.25
0, 50, 42.5
0, 51, 42.75
0, 52, 43.0
0, 53, 43.25
0, 54, 43.5
0, 55, 43.75
0, 56, 44.0
0, 57, 44.25
0, 58, 44.5
0, 59, 44.75
0, 60, 45.0
0, 61, 45.25
0, 62, 45.5
0, 63, 45.75
0, 64, 46.0
0, 65, 46.25
0, 66, 46.5
0, 67, 46.75
0, 68, 47.0
0, 69, 47.25
0, 70, 47.5
0, 71, 47.75
0, 72, 48.0
0, 73, 48.25
0, 74, 48.5
0, 75, 48.75
0, 76, 49.0
0, 77, 49.25
0, 78, 49.5
0, 79, 49.75
0, 80, 50.0
0, 81, 50.25
0, 82, 50.5
0, 83, 50.75
0, 84, 51.0
0, 85, 51.25
0, 86, 51.5
0, 87, 51.75
0, 88, 52.0
0, 89, 52.25
0, 90, 52.5
0, 91, 52.75
0, 92, 53.0
0, 93, 53.25
0, 94, 53.5
0, 95, 53.75
0, 96, 54.0
0, 97, 54.25
0, 98, 54.5
0, 99, 54.75
0, 100, 55.0
0, 101, 55.25
0, 102, 55.5
0, 103, 55.75
0, 104, 56.0
0, 105, 56.25
0, 106, 56.5
0, 107, 56.75
0, 108, 57.0
0, 109, 57.25
0, 110, 57.5
0, 111, 57.75
0, 112, 58.0
0, 113, 58.25
0, 114, 58.5
0, 115, 58.75
0, 116, 59.0
0, 117, 59.25
0, 118, 59.5
0, 119, 59.75
0, 120, 60.0
0, 121, 60.25
0, 122, 60.5
0, 123, 60.75
0, 124, 61.0
0, 125, 61.25
0, 126, 61.5
0, 127, 61.75
0, 128, 62.0
0, 129, 62.25
0, 130, 62.5
0, 131, 62.75
0, 132, 63.0
0, 133, 63.25
0, 134, 63.5
0, 135, 63.75
0, 136, 64.0
0, 137, 64.25
0, 138, 64.5
0, 139, 64.75
0, 140, 65.0
0, 141, 65.25
0, 142, 65.5
0, 143, 65.75
0, 144, 66.0
0, 145, 66.25
0, 146, 66.5
0, 147, 66.75
0, 148, 67.0
0, 149, 67.25
0, 150, 67.5
0, 151, 67.75
0, 152, 68.0
0, 153, 68.25
0, 154, 68.5
0, 155, 68.75
0, 156, 69.0
0, 157, 69.25
0, 158, 69.5
0, 159, 69.75
0, 160, 70.0
0, 161, 70.25
0, 162, 70.5
0, 163, 70.75
0, 164, 71.0
0, 165, 71.25
0, 166, 71.5
0, 167, 71.75
0, 168, 72.0
0, 169, 72.25
0, 170, 72.5
0, 171, 72.75
0, 172, 73.0
0, 173, 73.25
0, 174, 73.5
0, 175, 73.75
0, 176, 74.0
0, 177, 74.25
0, 178, 74.5
0, 179, 74.75
0, 180, 75.0
0, 181, 75.25
0, 182, 75.5
0, 183, 75.75
0, 184, 76.0
0, 185, 76.25
0, 186, 76.5
0, 187, 76.75
0, 188, 77.0
0, 189, 77.25
0, 190, 77.5
0, 191, 77.75
0, 192, 78.0
0, 193, 78.25
0, 194, 78.5
0, 195, 78.75
0, 196, 79.0
0, 197, 79.25
0, 198, 79.5
0, 199, 79.75
0, 200, 80.0
0, 201, 80.25
0, 202, 80.5
0, 203, 80.75
0, 204, 81.0
0, 205, 81.25
0, 206, 81.5
0, 207, 81.75
0, 208, 82.0
0, 209, 82.25
0, 210, 82.5
0, 211, 82.75
0, 212, 83.0
0, 213, 83.25
0, 214, 83.5
0, 215, 83.75
0, 216, 84.0
0, 217, 84.25
0, 218, 84.5
0, 219, 84.75
0, 220, 85.0
0, 221, 85.25
0, 222, 85.5
0, 223, 85.75
0, 224, 86.0
0, 225, 86.25
0, 226, 86.5
0, 227, 86.75
0, 228, 87.0
0, 229, 87.25
0, 230, 87.5
0, 231, 87.75
0, 232, 87.5
0, 233, 87.25
0, 234, 87.0
0, 235, 87.25
0, 236, 87.5
0, 237, 87.75
0, 238, 87.5
0, 239, 87.25
0, 240, 87.0
0, 241, 86.75
0, 242, 86.5
0, 243, 86.25
0, 244, 86.0
0, 245, 85.75
0, 246, 85.5
0, 247, 85.25
0, 248, 85.0
0, 249, 84.75
0, 250, 84.5
0, 251, 84.25
0, 252, 84.0
0, 253, 83.75
0, 254, 83.5
0, 255, 83.25
0, 256, 83.0
0, 257, 82.75
0, 258, 82.5
0, 259, 82.25
0, 260, 82.0
0, 261, 81.75
0, 262, 81.5
0, 263, 81.25
0, 264, 81.0
0, 265, 80.75
0, 266, 80.5
0, 267, 80.25
0, 268, 80.0
0, 269, 79.75
0, 270, 79.5
0, 271, 79.25
0, 272, 79.0
0, 273, 78.75
0, 274, 78.5
0, 275, 78.25
0, 276, 78.0
0, 277, 77.75
0, 278, 77.5
0, 279, 77.25
0, 280, 77.0
0, 281, 76.75
0, 282, 76.5
0, 283, 76.25
0, 284, 76.0
0, 285, 75.75
0, 286, 75.5
0, 287, 75.25
0, 288, 75.0
0, 289, 74.75
0, 290, 74.5
0, 291, 74.25
0, 292, 74.0
0, 293, 73.75
0, 294, 73.5
0, 295, 73.25
0, 296, 73.0
0, 297, 72.75
0, 298, 72.5
0, 299, 72.25
0, 300, 72.0
0, 301, 71.75
0, 302, 71.5
0, 303, 71.25
0, 304, 71.0
0, 305, 70.75
0, 306, 70.5
0, 307, 70.25
0, 308, 70.0
0, 309, 69.75
0, 310, 69.5
0, 311, 69.25
0, 312, 69.0
0, 313, 68.75
0, 314, 68.5
0, 315, 68.25
0, 316, 68.0
0, 317, 67.75
0, 318, 67.5
0, 319, 67.25
0, 320, 67.0
0, 321, 66.75
0, 322, 66.5
0, 323, 66.25
0, 324, 66.0
0, 325, 65.75
0, 326, 65.5
0, 327, 65.25
0, 328, 65.0
0, 329, 64.75
0, 330, 64.5
0, 331, 64.25
0, 332, 64.0
0, 333, 63.75
0, 334, 63.5
0, 335, 63.25
0, 336, 63.0
0, 337, 62.75
0, 338, 62.5
0, 339, 62.25
0, 340, 62.0
0, 341, 61.75
0, 342, 61.5
0, 343, 61.25
0, 344, 61.0
0, 345, 60.75
0, 346, 60.5
0, 347, 60.25
0, 348, 60.0
0, 349, 59.75
0, 350, 59.5
0, 351, 59.25
0, 352, 59.0
0, 353, 58.75
0, 354, 58.5
0, 355, 58.25
0, 356, 58.0
0, 357, 57.75
0, 358, 57.5
0, 359, 57.25
0, 360, 57.0
0, 361, 56.75
0, 362, 56.5
0, 363, 56.25
0, 364, 56.0
0, 365, 55.75
0, 366, 55.5
0, 367, 55.25
0, 368, 55.0
0, 369, 54.75
0, 370, 54.5
0, 371, 54.25
0, 372, 54.0
0, 373, 53.75
0, 374, 53.5
0, 375, 53.25
0, 376, 53.0
0, 377, 52.75
0, 378, 52.5
0, 379, 52.25
0, 380, 52.0
0, 381, 51.75
0, 382, 51.5
0, 383, 51.25
0, 384, 51.0
0, 385, 50.75
0, 386, 50.5
0, 387, 50.25
0, 388, 50.0
0, 389, 49.75
0, 390, 49.5
0, 391, 49.25
0, 392, 49.0
0, 393, 48.75
0, 394, 48.5
0, 395, 48.25
0, 396, 48.0
0, 397, 47.75
0, 398, 47.5
0, 399, 47.25
0, 400, 47.0
0, 401, 46.75
0, 402, 46.5
0, 403, 46.25
0, 404, 46.0
0, 405, 45.75
0, 406, 45.5
0, 407, 45.25
0, 408, 45.0
0, 409, 44.75
0, 410, 44.5
0, 411, 44.25
0, 412, 44.0
0, 413, 43.75
0, 414, 43.5
0, 415, 43.25
0, 416, 43.0
0, 417, 42.75
0, 418, 42.5
0, 419, 42.25
0, 420, 42.0
0, 421, 41.75
0, 422, 41.5
0, 423, 41.25
0, 424, 41.0
0, 425, 40.75
0, 426, 40.5
0, 427, 40.25
0, 428, 40.0
0, 429, 39.75
0, 430, 39.5
0, 431, 39.25
0, 432, 39.0
0, 433, 38.75
0, 434, 38.5
0, 435, 38.25
0, 436, 38.0
0, 437, 37.75
0, 438, 37.5
0, 439, 37.25
0, 440, 37.0
0, 441, 36.75
0, 442, 36.5
0, 443, 36.25
0, 444, 36.0
0, 445, 35.75
0, 446, 35.5
0, 447, 35.25
0, 448, 35.0
0, 449, 34.75
0, 450, 34.5
0, 451, 34.25
0, 452, 34.0
0, 453, 33.75
0, 454, 33.5
0, 455, 33.25
0, 456, 33.0
0, 457, 32.75
0, 458, 32.5
0, 459, 32.25
0, 460, 32.0
0, 461, 31.75
0, 462, 31.5
0, 463, 31.25
0, 464, 31.0
0, 465, 30.75
0, 466, 30.5
0, 467, 30.25
0, 468, 30.0
0, 469, 29.75
0, 470, 29.5
0, 471, 29.25
0, 472, 29.0
0, 473, 28.75
0, 474, 28.5
0, 475, 28.25
0, 476, 28.0
0, 477, 27.75
0, 478, 27.5
0, 479, 27.25
0, 480, 27.0
0, 481, 26.75
0, 482, 26.5
0, 483, 26.25
0, 484, 26.0
0, 485, 25.75
0, 486, 25.5
0, 487, 25.25
0, 488, 25.0
0, 489, 24.75
0, 490, 24.5
0, 491, 24.25
0, 492, 24.0
0, 493, 23.75
0, 494, 23.5
0, 495, 23.25
0, 496, 23.0
0, 497, 22.75
0, 498, 22.5
0, 499, 22.25
0, 500, 22.0
0, 501, 21.75
0, 502, 21.5
0, 503, 21.25
0, 504, 21.0
0, 505, 20.75
0, 506, 20.5
0, 507, 20.25
0, 508, 20.0
0, 509, 19.75
0, 510, 19.5
0, 511, 19.25
0, 512, 19.0
0, 513, 18.75
0, 514, 18.5
0, 515, 18.25
0, 516, 18.0
0, 517, 17.75
0, 518, 17.5
0, 519, 17.25
0, 520, 17.0
0, 521, 16.75
0, 522, 16.5
0, 523, 16.25
0, 524, 16.0
0, 525, 15.75
0, 526, 15.5
0, 527, 15.25
0, 528, 15.0
0, 529, 14.75
0, 530, 14.5
0, 531, 14.25
0, 532, 14.0
0, 533, 13.75
0, 534, 13.5
0, 535, 13.25
0, 536, 13.0
0, 537, 12.75
0, 538, 12.5
0, 539, 12.25
0, 540, 12.0
0, 541, 11.75
0, 542, 11.5
0, 543, 11.25
0, 544, 11.0
0, 545, 10.75
0, 546, 10.5
0, 547, 10.25
0, 548, 10.0
0, 549, 9.75
0, 550, 9.5
0, 551, 9.25
0, 552, 9.0
0, 553, 8.75
0, 554, 8.5
0, 555, 8.25
0, 556, 8.0
0, 557, 7.75
0, 558, 7.5
0, 559, 7.25
0, 560, 7.0
0, 561, 6.75
0, 562, 6.5
0, 563, 6.25
0, 564, 6.0
0, 565, 5.75
0, 566, 5.5
0, 567, 5.25
0, 568, 5.0
0, 569, 4.75
0, 570, 4.5
0, 571, 4.25
0, 572, 4.0
0, 573, 3.75
0, 574, 3.5
0, 575, 3.25
0, 576, 3.0
0, 577, 2.75
0, 578, 2.5
0, 579, 2.25
0, 580, 2.0
0, 581, 1.75
0, 582, 1.5
0, 583, 1.25
0, 584, 1.0
0, 585, 0.75
0, 586, 0.75
0, 587, 0.75
0, 588, 0.75
0, 589, 0.75
0, 590, 0.75
0, 591, 0.75
0, 592, 0.75
0, 593, 0.75
0, 594, 0.75
0, 595, 0.75
0, 596, 0.75
0, 597, 0.75
0, 598, 0.75
0, 599, 0.75
0, 600, 0.75
0, 601, 0.75
0, 602, 0.75
0, 603, 0.75
0, 604, 0.75
0, 605, 0.75
0, 606, 0.75
0, 607, 0.75
0, 608, 0.75
0, 609, 0.75
0, 610, 0.75
0, 611, 0.75
0, 612, 0.75
0, 613, 0.75
0, 614, 0.75
0, 615, 0.75
0, 616, 0.75
0, 617, 0.75
0, 618, 0.75
0, 619, 0.75
0, 620, 0.75
0, 621, 0.75
0, 622, 0.75
0, 623, 0.75
0, 624, 0.75
0, 625, 0.75
0, 626, 0.75
0, 627, 0.75
0, 628, 0.75
0, 629, 0.75
0, 630, 0.75
0, 631, 0.75
0, 632, 0.75
0, 633, 0.75
0, 634, 0.75
0, 635, 0.75
0, 636, 0.75
0, 637, 0.75
0, 638, 0.75
0, 639, 0.75
0, 640, 0.75
0, 641, 0.75
0, 642, 0.75
0, 643, 0.75
0, 644, 0.75
0, 645, 0.75
0, 646, 0.75
0, 647, 0.75
0, 648, 0.75
0, 649, 0.75
0, 650, 0.75
0, 651, 0.75
0, 652, 0.75
0, 653, 0.75
0, 654, 0.75
0, 655, 0.75
0, 656, 0.75
0, 657, 0.75
0, 658, 0.75
0, 659, 0.75
0, 660, 0.75
0, 661, 0.75
0, 662, 0.75
0, 663, 0.75
0, 664, 0.75
0, 665, 0.75
0, 666, 0.75
0, 667, 0.75
0, 668, 0.75
0, 669, 0.75
0, 670, 0.75
0, 671, 0.75
0, 672, 0.75
0, 673, 0.75
0, 674, 0.75
0, 675, 0.75
0, 676, 0.75
0, 677, 0.75
0, 678, 0.75
0, 679, 0.75
0, 680, 0.75
0, 681, 0.75
0, 682, 0.75
0, 683, 0.75
0, 684, 0.75
0, 685, 0.75
0, 686, 0.75
0, 687, 0.75
0, 688, 0.75
0, 689, 0.75
0, 690, 0.75
0, 691, 0.75
0, 692, 0.75
0, 693, 0.75
0, 694, 0.75
0, 695, 0.75
0, 696, 0.75
0, 697, 0.75
0, 698, 0.75
0, 699, 0.75
0, 700, 0.75
0, 701, 0.75
0, 702, 0.75
0, 703, 0.75
0, 704, 0.75
0, 705, 0.75
0, 706, 0.75
0, 707, 0.75
0, 708, 0.75
0, 709, 0.75
0, 710, 0.75
0, 711, 0.75
0, 712, 0.75
0, 713, 0.75
0, 714, 0.75
0, 715, 0.75
0, 716, 0.75
0, 717, 0.75
0, 718, 0.75
0, 719, 0.75
0, 720, 0.75
0, 721, 0.75
0, 722, 0.75
0, 723, 0.75
0, 724, 0.75
0, 725, 0.75
0, 726, 0.75
0, 727, 0.75
0, 728, 0.75
0, 729, 0.75
0, 730, 0.75
0, 731, 0.75
0, 732, 0.75
0, 733, 0.75
0, 734, 0.75
0, 735, 0.75
0, 736, 0.75
0, 737, 0.75
0, 738, 0.75
0, 739, 0.75
0, 740, 0.75
0, 741, 0.75
0, 742, 0.75
0, 743, 0.75
0, 744, 0.75
0, 745, 0.75
0, 746, 0.75
0, 747, 0.75
0, 748, 0.75
0, 749, 0.75
0, 750, 0.75
0, 751, 0.75
0, 752, 0.75
0, 753, 0.75
0, 754, 0.75
0, 755, 0.75
0, 756, 0.75
0, 757, 0.75
0, 758, 0.75
0, 759, 0.75
0, 760, 0.75
0, 761, 0.75
0, 762, 0.75
0, 763, 0.75
0, 764, 0.75
0, 765, 0.75
0, 766, 0.75
0, 767, 0.75
0, 768, 0.75
0, 769, 0.75
0, 770, 0.75
0, 771, 0.75
0, 772, 0.75
0, 773, 0.75
0, 774, 0.75
0, 775, 0.75
0, 776, 0.75
0, 777, 0.75
0, 778, 0.75
0, 779, 0.75
0, 780, 0.75
0, 781, 0.75
0, 782, 0.75
0, 783, 0.75
0, 784, 0.75
0, 785, 0.75
0, 786, 0.75
0, 787, 0.75
0, 788, 0.75
0, 789, 0.75
0, 790, 0.75
0, 791, 0.75
0, 792, 0.75
0, 793, 0.75
0, 794, 0.75
0, 795, 0.75
0, 796, 0.75
0, 797, 0.75
0, 798, 0.75
0, 799, 0.75
0, 800, 0.75
0, 801, 0.75
0, 802, 0.75
0, 803, 0.75
0, 804, 0.75
0, 805, 0.75
0, 806, 0.75
0, 807, 0.75
0, 808, 0.75
0, 809, 0.75
0, 810, 0.75
0, 811, 0.75
0, 812, 0.75
0, 813, 0.75
0, 814, 0.75
0, 815, 0.75
0, 816, 0.75
0, 817, 0.75
0, 818, 0.75
0, 819, 0.75
0, 820, 0.75
0, 821, 0.75
0, 822, 0.75
0, 823, 0.75
0, 824, 0.75
0, 825, 0.75
0, 826, 0.75
0, 827, 0.75
0, 828, 0.75
0, 829, 0.75
0, 830, 0.75
0, 831, 0.75
0, 832, 0.75
0, 833, 0.75
0, 834, 0.75
0, 835, 0.75
0, 836, 0.75
0, 837, 0.75
0, 838, 0.75
0, 839, 0.75
0, 840, 0.75
0, 841, 0.75
0, 842, 0.75
0, 843, 0.75
0, 844, 0.75
0, 845, 0.75
0, 846, 1.0
0, 847, 0.75
0, 848, 0.75
0, 849, 0.75
0, 850, 0.75
0, 851, 1.0
0, 852, 1.25
0, 853, 1.5
0, 854, 1.75
0, 855, 1.5
0, 856, 1.25
0, 857, 1.0
0, 858, 1.25
0, 859, 1.5
0, 860, 1.75
0, 861, 2.0
0, 862, 1.75
0, 863, 1.5
0, 864, 1.75
0, 865, 2.0
0, 866, 2.25
0, 867, 2.5
0, 868, 2.75
0, 869, 3.0
0, 870, 3.25
0, 871, 3.5
0, 872, 3.75
0, 873, 4.0
0, 874, 4.25
0, 875, 4.5
0, 876, 4.75
0, 877, 5.0
0, 878, 5.25
0, 879, 5.5
0, 880, 5.75
0, 881, 6.0
0, 882, 6.25
0, 883, 6.5
0, 884, 6.75
0, 885, 7.0
0, 886, 7.25
0, 887, 7.5
0, 888, 7.75
0, 889, 8.0
0, 890, 8.25
0, 891, 8.5
0, 892, 8.75
0, 893, 9.0
0, 894, 9.25
0, 895, 9.5
0, 896, 9.75
0, 897, 10.0
0, 898, 10.25
0, 899, 10.5
0, 900, 10.75
0, 901, 11.0
0, 902, 11.25
0, 903, 11.5
0, 904, 11.75
0, 905, 12.0
0, 906, 12.25
0, 907, 12.5
0, 908, 12.75
0, 909, 13.0
0, 910, 13.25
0, 911, 13.5
0, 912, 13.75
0, 913, 14.0
0, 914, 14.25
0, 915, 14.5
0, 916, 14.75
0, 917, 15.0
0, 918, 15.25
0, 919, 15.5
0, 920, 15.75
0, 921, 16.0
0, 922, 16.25
0, 923, 16.5
0, 924, 16.75
0, 925, 17.0
0, 926, 17.25
0, 927, 17.5
0, 928, 17.75
0, 929, 18.0
0, 930, 18.25
0, 931, 18.5
0, 932, 18.75
0, 933, 19.0
0, 934, 19.25
0, 935, 19.5
0, 936, 19.75
0, 937, 20.0
0, 938, 20.25
0, 939, 20.5
0, 940, 20.75
0, 941, 21.0
0, 942, 21.25
0, 943, 21.5
0, 944, 21.75
0, 945, 22.0
0, 946, 22.25
0, 947, 22.5
0, 948, 22.75
0, 949, 23.0
0, 950, 23.25
0, 951, 23.5
0, 952, 23.75
0, 953, 23.5
0, 954, 23.25
0, 955, 23.5
0, 956, 23.75
0, 957, 24.0
0, 958, 24.25
0, 959, 24.5
0, 960, 24.25
0, 961, 24.0
0, 962, 23.75
0, 963, 24.0
0, 964, 24.25
0, 965, 24.5
0, 966, 24.25
0, 967, 24.0
0, 968, 23.75
0, 969, 23.5
0, 970, 23.25
0, 971, 23.0
0, 972, 22.75
0, 973, 22.5
0, 974, 22.25
0, 975, 22.0
0, 976, 21.75
0, 977, 21.5
0, 978, 21.25
0, 979, 21.0
0, 980, 20.75
0, 981, 20.5
0, 982, 20.25
0, 983, 20.0
0, 984, 19.75
0, 985, 19.5
0, 986, 19.25
0, 987, 19.0
0, 988, 18.75
0, 989, 18.5
0, 990, 18.25
0, 991, 18.0
0, 992, 17.75
0, 993, 17.5
0, 994, 17.25
0, 995, 17.0
0, 996, 16.75
0, 997, 16.5
0, 998, 16.25
0, 999, 16.0
0, 1000, 15.75
0, 1001, 15.5
0, 1002, 15.25
0, 1003, 15.0
0, 1004, 14.75
0, 1005, 14.5
0, 1006, 14.25
0, 1007, 14.0
0, 1008, 13.75
0, 1009, 13.5
0, 1010, 13.25
0, 1011, 13.0
0, 1012, 12.75
0, 1013, 12.5
0, 1014, 12.25
0, 1015, 12.0
0, 1016, 11.75
0, 1017, 11.5
0, 1018, 11.25
0, 1019, 11.0
0, 1020, 10.75
0, 1021, 10.5
0, 1022, 10.25
0, 1023, 10.0
0, 1024, 9.75
0, 1025, 9.5
0, 1026, 9.25
0, 1027, 9.0
0, 1028, 8.75
0, 1029, 8.5
0, 1030, 8.25
0, 1031, 8.0
0, 1032, 7.75
0, 1033, 7.5
0, 1034, 7.25
0, 1035, 7.0
0, 1036, 6.75
0, 1037, 6.5
0, 1038, 6.25
0, 1039, 6.0
0, 1040, 5.75
0, 1041, 5.5
0, 1042, 5.25
0, 1043, 5.0
0, 1044, 4.75
0, 1045, 4.5
0, 1046, 4.25
0, 1047, 4.0
0, 1048, 3.75
0, 1049, 3.5
0, 1050, 3.25
0, 1051, 3.0
0, 1052, 2.75
0, 1053, 2.5
0, 1054, 2.25
0, 1055, 2.0
0, 1056, 1.75
0, 1057, 1.5
0, 1058, 1.25
0, 1059, 1.0
0, 1060, 0.75
0, 1061, 0.75
0, 1062, 0.75
0, 1063, 0.75
0, 1064, 0.75
0, 1065, 0.75
0, 1066, 0.75
0, 1067, 0.75
0, 1068, 0.75
0, 1069, 0.75
0, 1070, 0.75
0, 1071, 0.75
0, 1072, 0.75
0, 1073, 0.75
0, 1074, 0.75
0, 1075, 0.75
0, 1076, 0.75
0, 1077, 0.75
0, 1078, 0.75
0, 1079, 0.75
0, 1080, 0.75
0, 1081, 0.75
0, 1082, 0.75
0, 1083, 0.75
0, 1084, 0.75
0, 1085, 0.75
0, 1086, 0.75
0, 1087, 0.75
0, 1088, 0.75
0, 1089, 0.75
0, 1090, 0.75
0, 1091, 1.0
0, 1092, 0.75
0, 1093, 0.75
0, 1094, 0.75
0, 1095, 1.0
0, 1096, 1.25
0, 1097, 1.5
0, 1098, 1.75
0, 1099, 2.0
0, 1100, 2.25
0, 1101, 2.5
0, 1102, 2.75
0, 1103, 3.0
0, 1104, 3.25
0, 1105, 3.5
0, 1106, 3.75
0, 1107, 4.0
0, 1108, 4.25
0, 1109, 4.5
0, 1110, 4.75
0, 1111, 5.0
0, 1112, 5.25
0, 1113, 5.5
0, 1114, 5.75
0, 1115, 6.0
0, 1116, 6.25
0, 1117, 6.5
0, 1118, 6.75
0, 1119, 7.0
0, 1120, 7.25
0, 1121, 7.5
0, 1122, 7.75
0, 1123, 8.0
0, 1124, 8.25
0, 1125, 8.5
0, 1126, 8.75
0, 1127, 9.0
0, 1128, 9.25
0, 1129, 9.5
0, 1130, 9.75
0, 1131, 10.0
0, 1132, 10.25
0, 1133, 10.5
0, 1134, 10.75
0, 1135, 11.0
0, 1136, 11.25
0, 1137, 11.5
0, 1138, 11.75
0, 1139, 12.0
0, 1140, 12.25
0, 1141, 12.5
0, 1142, 12.75
0, 1143, 13.0
0, 1144, 13.25
0, 1145, 13.5
0, 1146, 13.75
0, 1147, 14.0
0, 1148, 14.25
0, 1149, 14.5
0, 1150, 14.75
0, 1151, 15.0
0, 1152, 15.25
0, 1153, 15.5
0, 1154, 15.75
0, 1155, 16.0
0, 1156, 16.25
0, 1157, 16.5
0, 1158, 16.75
0, 1159, 17.0
0, 1160, 17.25
0, 1161, 17.5
0, 1162, 17.75
0, 1163, 18.0
0, 1164, 18.25
0, 1165, 18.5
0, 1166, 18.75
0, 1167, 19.0
0, 1168, 19.25
0, 1169, 19.5
0, 1170, 19.75
0, 1171, 20.0
0, 1172, 20.25
0, 1173, 20.5
0, 1174, 20.75
0, 1175, 21.0
0, 1176, 21.25
0, 1177, 21.5
0, 1178, 21.75
0, 1179, 22.0
0, 1180, 22.25
0, 1181, 22.5
0, 1182, 22.75
0, 1183, 23.0
0, 1184, 23.25
0, 1185, 23.5
0, 1186, 23.75
0, 1187, 24.0
0, 1188, 24.25
0, 1189, 24.5
0, 1190, 24.75
0, 1191, 25.0
0, 1192, 25.25
0, 1193, 25.5
0, 1194, 25.75
0, 1195, 26.0
0, 1196, 26.25
0, 1197, 26.5
0, 1198, 26.75
0, 1199, 27.0
0, 1200, 27.25
0, 1201, 27.5
0, 1202, 27.75
0, 1203, 28.0
0, 1204, 28.25
0, 1205, 28.5
0, 1206, 28.75
0, 1207, 29.0
0, 1208, 29.25
0, 1209, 29.5
0, 1210, 29.75
0, 1211, 30.0
0, 1212, 30.25
0, 1213, 30.5
0, 1214, 30.75
0, 1215, 31.0
0, 1216, 31.25
0, 1217, 31.5
0, 1218, 31.75
0, 1219, 32.0
0, 1220, 32.25
0, 1221, 32.5
0, 1222, 32.75
0, 1223, 33.0
0, 1224, 33.25
0, 1225, 33.5
0, 1226, 33.75
0, 1227, 34.0
0, 1228, 34.25
0, 1229, 34.5
0, 1230, 34.75
0, 1231, 35.0
0, 1232, 35.25
0, 1233, 35.5
0, 1234, 35.75
0, 1235, 36.0
0, 1236, 36.25
0, 1237, 36.5
0, 1238, 36.75
0, 1239, 37.0
0, 1240, 37.25
0, 1241, 37.5
0, 1242, 37.75
0, 1243, 38.0
0, 1244, 38.25
0, 1245, 38.5
0, 1246, 38.75
0, 1247, 39.0
0, 1248, 39.25
0, 1249, 39.5
0, 1250, 39.75
0, 1251, 40.0
0, 1252, 40.25
0, 1253, 40.5
0, 1254, 40.75
0, 1255, 41.0
0, 1256, 41.25
0, 1257, 41.5
0, 1258, 41.75
0, 1259, 42.0
0, 1260, 42.25
0, 1261, 42.5
0, 1262, 42.75
0, 1263, 43.0
0, 1264, 43.25
0, 1265, 43.5
0, 1266, 43.75
0, 1267, 44.0
0, 1268, 44.25
0, 1269, 44.5
0, 1270, 44.75
0, 1271, 45.0
0, 1272, 45.25
0, 1273, 45.5
0, 1274, 45.75
0, 1275, 46.0
0, 1276, 46.25
0, 1277, 46.5
0, 1278, 46.75
0, 1279, 47.0
0, 1280, 47.25
0, 1281, 47.5
0, 1282, 47.75
0, 1283, 48.0
0, 1284, 48.25
0, 1285, 48.5
0, 1286, 48.75
0, 1287, 49.0
0, 1288, 49.25
0, 1289, 49.5
0, 1290, 49.75
0, 1291, 50.0
0, 1292, 50.25
0, 1293, 50.5
0, 1294, 50.75
0, 1295, 51.0
0, 1296, 51.25
0, 1297, 51.5
0, 1298, 51.75
0, 1299, 52.0
0, 1300, 52.25
0, 1301, 52.5
0, 1302, 52.75
0, 1303, 53.0
0, 1304, 53.25
0, 1305, 53.5
0, 1306, 53.75
0, 1307, 54.0
0, 1308, 54.25
0, 1309, 54.5
0, 1310, 54.75
0, 1311, 55.0
0, 1312, 55.25
0, 1313, 55.5
0, 1314, 55.75
0, 1315, 56.0
0, 1316, 56.25
0, 1317, 56.5
0, 1318, 56.75
0, 1319, 57.0
0, 1320, 57.25
0, 1321, 57.5
0, 1322, 57.75
0, 1323, 58.0
0, 1324, 58.25
0, 1325, 58.5
0, 1326, 58.75
0, 1327, 59.0
0, 1328, 59.25
0, 1329, 59.5
0, 1330, 59.75
0, 1331, 60.0
0, 1332, 59.75
0, 1333, 60.0
0, 1334, 60.25
0, 1335, 60.5
0, 1336, 60.75
0, 1337, 60.5
0, 1338, 60.25
0, 1339, 60.0
0, 1340, 59.75
0, 1341, 59.5
0, 1342, 59.25
0, 1343, 59.0
0, 1344, 58.75
0, 1345, 58.5
0, 1346, 58.25
0, 1347, 58.0
0, 1348, 57.75
0, 1349, 57.5
0, 1350, 57.25
0, 1351, 57.0
0, 1352, 56.75
0, 1353, 56.5
0, 1354, 56.25
0, 1355, 56.0
0, 1356, 55.75
0, 1357, 55.5
0, 1358, 55.25
0, 1359, 55.0
0, 1360, 54.75
0, 1361, 54.5
0, 1362, 54.25
0, 1363, 54.0
0, 1364, 53.75
0, 1365, 53.5
0, 1366, 53.25
0, 1367, 53.0
0, 1368, 52.75
0, 1369, 52.5
0, 1370, 52.25
0, 1371, 52.0
0, 1372, 51.75
0, 1373, 51.5
0, 1374, 51.25
0, 1375, 51.0
0, 1376, 50.75
0, 1377, 50.5
0, 1378, 50.25
0, 1379, 50.0
0, 1380, 49.75
0, 1381, 49.5
0, 1382, 49.25
0, 1383, 49.0
0, 1384, 48.75
0, 1385, 48.5
0, 1386, 48.25
0, 1387, 48.0
0, 1388, 47.75
0, 1389, 47.5
0, 1390, 47.25
0, 1391, 47.0
0, 1392, 46.75
0, 1393, 46.5
0, 1394, 46.25
0, 1395, 46.0
0, 1396, 45.75
0, 1397, 45.5
0, 1398, 45.25
0, 1399, 45.0
0, 1400, 44.75
0, 1401, 44.5
0, 1402, 44.25
0, 1403, 44.0
0, 1404, 43.75
0, 1405, 43.5
0, 1406, 43.25
0, 1407, 43.0
0, 1408, 42.75
0, 1409, 42.5
0, 1410, 42.25
0, 1411, 42.0
0, 1412, 41.75
0, 1413, 41.5
0, 1414, 41.25
0, 1415, 41.0
0, 1416, 40.75
0, 1417, 40.5
0, 1418, 40.25
0, 1419, 40.0
0, 1420, 39.75
0, 1421, 39.5
0, 1422, 39.25
0, 1423, 39.0
0, 1424, 38.75
0, 1425, 38.5
0, 1426, 38.75
0, 1427, 39.0
0, 1428, 39.25
0, 1429, 39.0
0, 1430, 39.25
0, 1431, 39.5
0, 1432, 39.75
0, 1433, 40.0
0, 1434, 40.25
0, 1435, 40.5
0, 1436, 40.75
0, 1437, 41.0
0, 1438, 41.25
0, 1439, 41.5
0, 1440, 41.75
0, 1441, 42.0
0, 1442, 42.25
0, 1443, 42.5
0, 1444, 42.75
0, 1445, 43.0
0, 1446, 43.25
0, 1447, 43.5
0, 1448, 43.75
0, 1449, 44.0
0, 1450, 44.25
0, 1451, 44.5
0, 1452, 44.75
0, 1453, 45.0
0, 1454, 45.25
0, 1455, 45.5
0, 1456, 45.75
0, 1457, 46.0
0, 1458, 46.25
0, 1459, 46.5
0, 1460, 46.75
0, 1461, 47.0
0, 1462, 47.25
0, 1463, 47.5
0, 1464, 47.75
0, 1465, 48.0
0, 1466, 48.25
0, 1467, 48.5
0, 1468, 48.75
0, 1469, 49.0
0, 1470, 49.25
0, 1471, 49.5
0, 1472, 49.75
0, 1473, 50.0
0, 1474, 50.25
0, 1475, 50.5
0, 1476, 50.75
0, 1477, 51.0
0, 1478, 51.25
0, 1479, 51.5
0, 1480, 51.75
0, 1481, 52.0
0, 1482, 52.25
0, 1483, 52.5
0, 1484, 52.75
0, 1485, 53.0
0, 1486, 53.25
0, 1487, 53.5
0, 1488, 53.75
0, 1489, 54.0
0, 1490, 54.25
0, 1491, 54.5
0, 1492, 54.75
0, 1493, 55.0
0, 1494, 55.25
0, 1495, 55.5
0, 1496, 55.75
0, 1497, 56.0
0, 1498, 56.25
0, 1499, 56.5
0, 1500, 56.75
0, 1501, 57.0
0, 1502, 57.25
0, 1503, 57.5
0, 1504, 57.75
0, 1505, 58.0
0, 1506, 58.25
0, 1507, 58.5
0, 1508, 58.75
0, 1509, 59.0
0, 1510, 59.25
0, 1511, 59.5
0, 1512, 59.75
0, 1513, 60.0
0, 1514, 60.25
0, 1515, 60.5
0, 1516, 60.75
0, 1517, 61.0
0, 1518, 61.25
0, 1519, 61.5
0, 1520, 61.75
0, 1521, 62.0
0, 1522, 62.25
0, 1523, 62.5
0, 1524, 62.75
0, 1525, 63.0
0, 1526, 63.25
0, 1527, 63.5
0, 1528, 63.75
0, 1529, 64.0
0, 1530, 64.25
0, 1531, 64.5
0, 1532, 64.75
0, 1533, 65.0
0, 1534, 65.25
0, 1535, 65.5
0, 1536, 65.75
0, 1537, 66.0
0, 1538, 66.25
0, 1539, 66.5
0, 1540, 66.75
0, 1541, 67.0
0, 1542, 67.25
0, 1543, 67.5
0, 1544, 67.75
0, 1545, 68.0
0, 1546, 68.25
0, 1547, 68.5
0, 1548, 68.75
0, 1549, 69.0
0, 1550, 69.25
0, 1551, 69.5
0, 1552, 69.75
0, 1553, 70.0
0, 1554, 70.25
0, 1555, 70.5
0, 1556, 70.75
0, 1557, 71.0
0, 1558, 71.25
0, 1559, 71.5
0, 1560, 71.75
0, 1561, 72.0
0, 1562, 71.75
0, 1563, 71.5
0, 1564, 71.25
0, 1565, 71.0
0, 1566, 70.75
0, 1567, 70.5
0, 1568, 70.25
0, 1569, 70.0
0, 1570, 69.75
0, 1571, 69.5
0, 1572, 69.25
0, 1573, 69.0
0, 1574, 68.75
0, 1575, 68.5
0, 1576, 68.25
0, 1577, 68.0
0, 1578, 67.75
0, 1579, 67.5
0, 1580, 67.25
0, 1581, 67.0
0, 1582, 66.75
0, 1583, 66.5
0, 1584, 66.25
0, 1585, 66.0
0, 1586, 65.75
0, 1587, 65.5
0, 1588, 65.25
0, 1589, 65.0
0, 1590, 64.75
0, 1591, 64.5
0, 1592, 64.25
0, 1593, 64.0
0, 1594, 63.75
0, 1595, 63.5
0, 1596, 63.25
0, 1597, 63.0
0, 1598, 62.75
0, 1599, 62.5
0, 1600, 62.25
0, 1601, 62.0
0, 1602, 61.75
0, 1603, 61.5
0, 1604, 61.25
0, 1605, 61.0
0, 1606, 60.75
0, 1607, 60.5
0, 1608, 60.25
0, 1609, 60.0
0, 1610, 59.75
0, 1611, 59.5
0, 1612, 59.25
0, 1613, 59.0
0, 1614, 58.75
0, 1615, 58.5
0, 1616, 58.25
0, 1617, 58.0
0, 1618, 57.75
0, 1619, 57.5
0, 1620, 57.25
0, 1621, 57.0
0, 1622, 56.75
0, 1623, 56.5
0, 1624, 56.25
0, 1625, 56.0
0, 1626, 55.75
0, 1627, 55.5
0, 1628, 55.25
0, 1629, 55.0
0, 1630, 54.75
0, 1631, 54.5
0, 1632, 54.25
0, 1633, 54.0
0, 1634, 53.75
0, 1635, 53.5
0, 1636, 53.25
0, 1637, 53.0
0, 1638, 52.75
0, 1639, 52.5
0, 1640, 52.25
0, 1641, 52.0
0, 1642, 51.75
0, 1643, 51.5
0, 1644, 51.25
0, 1645, 51.0
0, 1646, 50.75
0, 1647, 50.5
0, 1648, 50.25
0, 1649, 50.0
0, 1650, 49.75
0, 1651, 49.5
0, 1652, 49.25
0, 1653, 49.0
0, 1654, 48.75
0, 1655, 48.5
0, 1656, 48.25
0, 1657, 48.0
0, 1658, 47.75
0, 1659, 47.5
0, 1660, 47.25
0, 1661, 47.0
0, 1662, 46.75
0, 1663, 46.5
0, 1664, 46.25
0, 1665, 46.0
0, 1666, 45.75
0, 1667, 45.5
0, 1668, 45.25
0, 1669, 45.0
0, 1670, 44.75
0, 1671, 44.5
0, 1672, 44.25
0, 1673, 44.0
0, 1674, 43.75
0, 1675, 43.5
0, 1676, 43.25
0, 1677, 43.0
0, 1678, 42.75
0, 1679, 42.5
0, 1680, 42.25
0, 1681, 42.0
0, 1682, 41.75
0, 1683, 41.5
0, 1684, 41.25
0, 1685, 41.0
0, 1686, 40.75
0, 1687, 40.5
0, 1688, 40.25
0, 1689, 40.0
0, 1690, 39.75
0, 1691, 39.5
0, 1692, 39.25
0, 1693, 39.0
0, 1694, 38.75
0, 1695, 38.5
0, 1696, 38.25
0, 1697, 38.0
0, 1698, 37.75
0, 1699, 37.5
0, 1700, 37.25
0, 1701, 37.0
0, 1702, 36.75
0, 1703, 36.5
0, 1704, 36.25
0, 1705, 36.0
0, 1706, 35.75
0, 1707, 35.5
0, 1708, 35.25
0, 1709, 35.0
0, 1710, 34.75
0, 1711, 34.5
0, 1712, 34.25
0, 1713, 34.0
0, 1714, 33.75
0, 1715, 33.5
0, 1716, 33.25
0, 1717, 33.0
0, 1718, 32.75
0, 1719, 32.5
0, 1720, 32.25
0, 1721, 32.0
0, 1722, 31.75
0, 1723, 31.5
0, 1724, 31.25
0, 1725, 31.0
0, 1726, 30.75
0, 1727, 30.5
0, 1728, 30.25
0, 1729, 30.0
0, 1730, 29.75
0, 1731, 29.5
0, 1732, 29.25
0, 1733, 29.0
0, 1734, 28.75
0, 1735, 28.5
0, 1736, 28.25
0, 1737, 28.0
0, 1738, 27.75
0, 1739, 27.5
0, 1740, 27.25
0, 1741, 27.0
0, 1742, 26.75
0, 1743, 26.5
0, 1744, 26.25
0, 1745, 26.0
0, 1746, 25.75
0, 1747, 25.5
0, 1748, 25.25
0, 1749, 25.0
0, 1750, 24.75
0, 1751, 24.5
0, 1752, 24.25
0, 1753, 24.0
0, 1754, 23.75
0, 1755, 23.5
0, 1756, 23.25
0, 1757, 23.0
0, 1758, 22.75
0, 1759, 22.5
0, 1760, 22.25
0, 1761, 22.0
0, 1762, 21.75
0, 1763, 21.5
0, 1764, 21.25
0, 1765, 21.0
0, 1766, 20.75
0, 1767, 20.5
0, 1768, 20.25
0, 1769, 20.0
0, 1770, 19.75
0, 1771, 19.5
0, 1772, 19.25
0, 1773, 19.0
0, 1774, 18.75
0, 1775, 18.5
0, 1776, 18.25
0, 1777, 18.0
0, 1778, 17.75
0, 1779, 17.5
0, 1780, 17.25
0, 1781, 17.0
0, 1782, 16.75
0, 1783, 16.5
0, 1784, 16.25
0, 1785, 16.0
0, 1786, 15.75
0, 1787, 15.5
0, 1788, 15.25
0, 1789, 15.0
0, 1790, 14.75
0, 1791, 14.5
0, 1792, 14.25
0, 1793, 14.0
0, 1794, 13.75
0, 1795, 13.5
0, 1796, 13.25
0, 1797, 13.0
0, 1798, 12.75
0, 1799, 12.5
0, 1800, 12.25
0, 1801, 12.0
0, 1802, 11.75
0, 1803, 11.5
0, 1804, 11.25
0, 1805, 11.0
0, 1806, 10.75
0, 1807, 10.5
0, 1808, 10.25
0, 1809, 10.0
0, 1810, 9.75
0, 1811, 9.5
0, 1812, 9.25
0, 1813, 9.0
0, 1814, 8.75
0, 1815, 8.5
0, 1816, 8.25
0, 1817, 8.0
0, 1818, 7.75
0, 1819, 7.5
0, 1820, 7.25
0, 1821, 7.0
0, 1822, 6.75
0, 1823, 6.5
0, 1824, 6.25
0, 1825, 6.0
0, 1826, 5.75
0, 1827, 5.5
0, 1828, 5.25
0, 1829, 5.0
0, 1830, 4.75
0, 1831, 4.5
0, 1832, 4.25
0, 1833, 4.0
0, 1834, 3.75
0, 1835, 3.5
0, 1836, 3.25
0, 1837, 3.0
0, 1838, 2.75
0, 1839, 2.5
0, 1840, 2.25
0, 1841, 2.0
0, 1842, 1.75
0, 1843, 1.5
0, 1844, 1.25
0, 1845, 1.0
0, 1846, 0.75
0, 1847, 0.75
0, 1848, 0.75
0, 1849, 0.75
0, 1850, 0.75
0, 1851, 0.75
0, 1852, 0.75
0, 1853, 0.75
0, 1854, 0.75
0, 1855, 0.75
0, 1856, 0.75
0, 1857, 0.75
0, 1858, 0.75
0, 1859, 0.75
0, 1860, 0.75
0, 1861, 0.75
0, 1862, 0.75
0, 1863, 0.75
0, 1864, 0.75
0, 1865, 0.75
0, 1866, 0.75
0, 1867, 0.75
0, 1868, 0.75
0, 1869, 0.75
0, 1870, 0.75
0, 1871, 0.75
0, 1872, 0.75
0, 1873, 0.75
0, 1874, 0.75
0, 1875, 0.75
0, 1876, 0.75
0, 1877, 0.75
0, 1878, 0.75
0, 1879, 0.75
0, 1880, 0.75
0, 1881, 0.75
0, 1882, 0.75
0, 1883, 0.75
0, 1884, 0.75
0, 1885, 0.75
0, 1886, 0.75
0, 1887, 0.75
0, 1888, 0.75
0, 1889, 0.75
0, 1890, 0.75
0, 1891, 0.75
0, 1892, 0.75
0, 1893, 0.75
0, 1894, 0.75
0, 1895, 0.75
0, 1896, 0.75
0, 1897, 0.75
0, 1898, 0.75
0, 1899, 0.75
0, 1900, 0.75
0, 1901, 0.75
0, 1902, 0.75
0, 1903, 0.75
0, 1904, 0.75
0, 1905, 0.75
0, 1906, 0.75
0, 1907, 0.75
0, 1908, 0.75
0, 1909, 0.75
0, 1910, 0.75
0, 1911, 0.75
0, 1912, 0.75
0, 1913, 0.75
0, 1914, 0.75
0, 1915, 0.75
0, 1916, 0.75
0, 1917, 0.75
0, 1918, 0.75
0, 1919, 0.75
0, 1920, 0.75
0, 1921, 0.75
0, 1922, 0.75
0, 1923, 0.75
0, 1924, 0.75
0, 1925, 0.75
0, 1926, 0.75
0, 1927, 0.75
0, 1928, 0.75
0, 1929, 0.75
0, 1930, 0.75
0, 1931, 0.75
0, 1932, 0.75
0, 1933, 0.75
0, 1934, 0.75
0, 1935, 0.75
0, 1936, 0.75
0, 1937, 0.75
0, 1938, 0.75
0, 1939, 0.75
0, 1940, 0.75
0, 1941, 0.75
0, 1942, 0.75
0, 1943, 0.75
0, 1944, 0.75
0, 1945, 0.75
0, 1946, 0.75
0, 1947, 0.75
0, 1948, 0.75
0, 1949, 0.75
0, 1950, 0.75
0, 1951, 0.75
0, 1952, 0.75
0, 1953, 0.75
0, 1954, 0.75
0, 1955, 0.75
0, 1956, 0.75
0, 1957, 0.75
0, 1958, 0.75
0, 1959, 0.75
0, 1960, 0.75
0, 1961, 0.75
0, 1962, 0.75
0, 1963, 0.75
0, 1964, 0.75
0, 1965, 0.75
0, 1966, 0.75
0, 1967, 0.75
0, 1968, 0.75
0, 1969, 0.75
0, 1970, 0.75
0, 1971, 0.75
0, 1972, 0.75
0, 1973, 0.75
0, 1974, 0.75
0, 1975, 0.75
0, 1976, 0.75
0, 1977, 0.75
0, 1978, 0.75
0, 1979, 0.75
0, 1980, 0.75
0, 1981, 0.75
0, 1982, 0.75
0, 1983, 0.75
0, 1984, 0.75
0, 1985, 0.75
0, 1986, 0.75
0, 1987, 0.75
0, 1988, 0.75
0, 1989, 0.75
0, 1990, 0.75
0, 1991, 0.75
0, 1992, 0.75
0, 1993, 0.75
0, 1994, 0.75
0, 1995, 0.75
0, 1996, 0.75
0, 1997, 0.75
0, 1998, 0.75
0, 1999, 0.75
0, 2000, 0.75
0, 2001, 0.75
0, 2002, 0.75
0, 2003, 0.75
0, 2004, 0.75
0, 2005, 0.75
0, 2006, 0.75
0, 2007, 0.75
0, 2008, 0.75
0, 2009, 0.75
0, 2010, 0.75
0, 2011, 0.75
0, 2012, 0.75
0, 2013, 0.75
0, 2014, 0.75
0, 2015, 0.75
0, 2016, 0.75
0, 2017, 0.75
0, 2018, 0.75
0, 2019, 0.75
0, 2020, 0.75
0, 2021, 0.75
0, 2022, 0.75
0, 2023, 0.75
0, 2024, 0.75
0, 2025, 0.75
0, 2026, 0.75
0, 2027, 0.75
0, 2028, 0.75
0, 2029, 0.75
0, 2030, 0.75
0, 2031, 0.75
0, 2032, 0.75
0, 2033, 0.75
0, 2034, 0.75
0, 2035, 0.75
0, 2036, 0.75
0, 2037, 0.75
0, 2038, 0.75
0, 2039, 0.75
0, 2040, 0.75
0, 2041, 0.75
0, 2042, 0.75
0, 2043, 0.75
0, 2044, 0.75
0, 2045, 0.75
0, 2046, 0.75
0, 2047, 0.75
0, 2048, 0.75
0, 2049, 0.75
0, 2050, 0.75
0, 2051, 0.75
0, 2052, 0.75
0, 2053, 0.75
0, 2054, 0.75
0, 2055, 0.75
0, 2056, 0.75
0, 2057, 0.75
0, 2058, 0.75
0, 2059, 0.75
0, 2060, 0.75
0, 2061, 0.75
0, 2062, 0.75
0, 2063, 0.75
0, 2064, 0.75
0, 2065, 0.75
0, 2066, 0.75
0, 2067, 0.75
0, 2068, 0.75
0, 2069, 0.75
0, 2070, 0.75
0, 2071, 0.75
0, 2072, 0.75
0, 2073, 0.75
0, 2074, 0.75
0, 2075, 0.75
0, 2076, 0.75
0, 2077, 0.75
0, 2078, 0.75
0, 2079, 0.75
0, 2080, 0.75
0, 2081, 0.75
0, 2082, 0.75
0, 2083, 0.75
0, 2084, 0.75
0, 2085, 0.75
0, 2086, 0.75
0, 2087, 0.75
0, 2088, 0.75
0, 2089, 0.75
0, 2090, 0.75
0, 2091, 0.75
0, 2092, 0.75
0, 2093, 0.75
0, 2094, 0.75
0, 2095, 0.75
0, 2096, 0.75
0, 2097, 0.75
0, 2098, 0.75
0, 2099, 0.75
0, 2100, 0.75
0, 2101, 0.75
0, 2102, 0.75
0, 2103, 0.75
0, 2104, 0.75
0, 2105, 0.75
0, 2106, 0.75
0, 2107, 0.75
0, 2108, 0.75
0, 2109, 0.75
0, 2110, 0.75
0, 2111, 0.75
0, 2112, 0.75
0, 2113, 0.75
0, 2114, 0.75
0, 2115, 0.75
0, 2116, 0.75
0, 2117, 0.75
0, 2118, 0.75
0, 2119, 0.75
0, 2120, 0.75
0, 2121, 0.75
0, 2122, 0.75
0, 2123, 0.75
0, 2124, 0.75
0, 2125, 0.75
0, 2126, 0.75
0, 2127, 0.75
0, 2128, 0.75
0, 2129, 0.75
0, 2130, 0.75
0, 2131, 0.75
0, 2132, 0.75
0, 2133, 0.75
0, 2134, 0.75
0, 2135, 0.75
0, 2136, 0.75
0, 2137, 0.75
0, 2138, 0.75
0, 2139, 0.75
0, 2140, 0.75
0, 2141, 0.75
0, 2142, 0.75
0, 2143, 0.75
0, 2144, 0.75
0, 2145, 0.75
0, 2146, 0.75
0, 2147, 0.75
0, 2148, 0.75
0, 2149, 0.75
0, 2150, 0.75
0, 2151, 0.75
0, 2152, 0.75
0, 2153, 0.75
0, 2154, 0.75
0, 2155, 0.75
0, 2156, 0.75
0, 2157, 0.75
0, 2158, 0.75
0, 2159, 0.75
0, 2160, 1.0
0, 2161, 1.25
0, 2162, 1.5
0, 2163, 1.25
0, 2164, 1.0
0, 2165, 0.75
0, 2166, 1.0
0, 2167, 1.25
0, 2168, 1.5
0, 2169, 1.75
0, 2170, 2.0
0, 2171, 2.25
0, 2172, 2.5
0, 2173, 2.75
0, 2174, 3.0
0, 2175, 3.25
0, 2176, 3.5
0, 2177, 3.75
0, 2178, 4.0
0, 2179, 4.25
0, 2180, 4.5
0, 2181, 4.75
0, 2182, 5.0
0, 2183, 5.25
0, 2184, 5.5
0, 2185, 5.75
0, 2186, 6.0
0, 2187, 6.25
0, 2188, 6.5
0, 2189, 6.75
0, 2190, 7.0
0, 2191, 7.25
0, 2192, 7.5
0, 2193, 7.75
0, 2194, 8.0
0, 2195, 8.25
0, 2196, 8.5
0, 2197, 8.75
0, 2198, 9.0
0, 2199, 9.25
0, 2200, 9.5
0, 2201, 9.75
0, 2202, 10.0
0, 2203, 10.25
0, 2204, 10.5
0, 2205, 10.75
0, 2206, 11.0
0, 2207, 11.25
0, 2208, 11.5
0, 2209, 11.75
0, 2210, 12.0
0, 2211, 12.25
0, 2212, 12.5
0, 2213, 12.75
0, 2214, 13.0
0, 2215, 13.25
0, 2216, 13.5
0, 2217, 13.75
0, 2218, 14.0
0, 2219, 14.25
0, 2220, 14.5
0, 2221, 14.75
0, 2222, 15.0
0, 2223, 15.25
0, 2224, 15.5
0, 2225, 15.75
0, 2226, 16.0
0, 2227, 16.25
0, 2228, 16.5
0, 2229, 16.75
0, 2230, 17.0
0, 2231, 17.25
0, 2232, 17.5
0, 2233, 17.75
0, 2234, 18.0
0, 2235, 18.25
0, 2236, 18.5
0, 2237, 18.75
0, 2238, 19.0
0, 2239, 19.25
0, 2240, 19.5
0, 2241, 19.75
0, 2242, 20.0
0, 2243, 20.25
0, 2244, 20.5
0, 2245, 20.75
0, 2246, 21.0
0, 2247, 21.25
0, 2248, 21.5
0, 2249, 21.75
0, 2250, 22.0
0, 2251, 22.25
0, 2252, 22.5
0, 2253, 22.75
0, 2254, 23.0
0, 2255, 23.25
0, 2256, 23.5
0, 2257, 23.75
0, 2258, 24.0
0, 2259, 24.25
0, 2260, 24.5
0, 2261, 24.75
0, 2262, 25.0
0, 2263, 25.25
0, 2264, 25.5
0, 2265, 25.75
0, 2266, 26.0
0, 2267, 26.25
0, 2268, 26.5
0, 2269, 26.75
0, 2270, 27.0
0, 2271, 27.25
0, 2272, 27.5
0, 2273, 27.75
0, 2274, 28.0
0, 2275, 28.25
0, 2276, 28.5
0, 2277, 28.75
0, 2278, 29.0
0, 2279, 29.25
0, 2280, 29.5
0, 2281, 29.75
0, 2282, 30.0
0, 2283, 29.75
0, 2284, 29.5
0, 2285, 29.75
0, 2286, 30.0
0, 2287, 30.25
0, 2288, 30.5
0, 2289, 30.25
0, 2290, 30.0
0, 2291, 29.75
0, 2292, 29.5
0, 2293, 29.75
0, 2294, 30.0
0, 2295, 30.25
0, 2296, 30.0
0, 2297, 29.75
0, 2298, 29.5
0, 2299, 29.25
0, 2300, 29.5
0, 2301, 29.75
0, 2302, 30.0
0, 2303, 29.75
0, 2304, 29.5
0, 2305, 29.25
0, 2306, 29.0
0, 2307, 28.75
0, 2308, 28.5
0, 2309, 28.25
0, 2310, 28.0
0, 2311, 27.75
0, 2312, 27.5
0, 2313, 27.25
0, 2314, 27.0
0, 2315, 26.75
0, 2316, 26.5
0, 2317, 26.25
0, 2318, 26.0
0, 2319, 25.75
0, 2320, 25.5
0, 2321, 25.25
0, 2322, 25.0
0, 2323, 24.75
0, 2324, 24.5
0, 2325, 24.25
0, 2326, 24.0
0, 2327, 23.75
0, 2328, 23.5
0, 2329, 23.25
0, 2330, 23.0
0, 2331, 22.75
0, 2332, 22.5
0, 2333, 22.25
0, 2334, 22.0
0, 2335, 21.75
0, 2336, 21.5
0, 2337, 21.25
0, 2338, 21.0
0, 2339, 20.75
0, 2340, 20.5
0, 2341, 20.25
0, 2342, 20.0
0, 2343, 19.75
0, 2344, 19.5
0, 2345, 19.25
0, 2346, 19.0
0, 2347, 18.75
0, 2348, 18.5
0, 2349, 18.25
0, 2350, 18.0
0, 2351, 17.75
0, 2352, 17.5
0, 2353, 17.25
0, 2354, 17.0
0, 2355, 16.75
0, 2356, 16.5
0, 2357, 16.25
0, 2358, 16.0
0, 2359, 15.75
0, 2360, 15.5
0, 2361, 15.25
0, 2362, 15.0
0, 2363, 15.25
0, 2364, 15.5
0, 2365, 15.75
0, 2366, 15.5
0, 2367, 15.25
0, 2368, 15.0
0, 2369, 15.25
0, 2370, 15.5
0, 2371, 15.75
0, 2372, 16.0
0, 2373, 16.25
0, 2374, 16.5
0, 2375, 16.75
0, 2376, 17.0
0, 2377, 17.25
0, 2378, 17.5
0, 2379, 17.75
0, 2380, 18.0
0, 2381, 18.25
0, 2382, 18.5
0, 2383, 18.75
0, 2384, 19.0
0, 2385, 19.25
0, 2386, 19.5
0, 2387, 19.75
0, 2388, 20.0
0, 2389, 20.25
0, 2390, 20.5
0, 2391, 20.75
0, 2392, 21.0
0, 2393, 21.25
0, 2394, 21.5
0, 2395, 21.75
0, 2396, 22.0
0, 2397, 22.25
0, 2398, 22.5
0, 2399, 22.75
0, 2400, 23.0
0, 2401, 23.25
0, 2402, 23.5
0, 2403, 23.75
0, 2404, 24.0
0, 2405, 24.25
0, 2406, 24.5
0, 2407, 24.75
0, 2408, 25.0
0, 2409, 25.25
0, 2410, 25.5
0, 2411, 25.75
0, 2412, 26.0
0, 2413, 26.25
0, 2414, 26.5
0, 2415, 26.75
0, 2416, 27.0
0, 2417, 27.25
0, 2418, 27.5
0, 2419, 27.75
0, 2420, 28.0
0, 2421, 28.25
0, 2422, 28.5
0, 2423, 28.75
0, 2424, 29.0
0, 2425, 29.25
0, 2426, 29.5
0, 2427, 29.75
0, 2428, 30.0
0, 2429, 30.25
0, 2430, 30.5
0, 2431, 30.75
0, 2432, 31.0
0, 2433, 31.25
0, 2434, 31.5
0, 2435, 31.75
0, 2436, 32.0
0, 2437, 32.25
0, 2438, 32.5
0, 2439, 32.75
0, 2440, 33.0
0, 2441, 33.25
0, 2442, 33.5
0, 2443, 33.75
0, 2444, 34.0
0, 2445, 34.25
0, 2446, 34.5
0, 2447, 34.75
0, 2448, 35.0
0, 2449, 35.25
0, 2450, 35.5
0, 2451, 35.75
0, 2452, 36.0
0, 2453, 36.25
0, 2454, 36.5
0, 2455, 36.75
0, 2456, 37.0
0, 2457, 37.25
0, 2458, 37.5
0, 2459, 37.75
0, 2460, 38.0
0, 2461, 38.25
0, 2462, 38.5
0, 2463, 38.75
0, 2464, 39.0
0, 2465, 39.25
0, 2466, 39.5
0, 2467, 39.75
0, 2468, 40.0
0, 2469, 40.25
0, 2470, 40.5
0, 2471, 40.75
0, 2472, 40.5
0, 2473, 40.25
0, 2474, 40.5
0, 2475, 40.75
0, 2476, 41.0
0, 2477, 41.25
0, 2478, 41.5
0, 2479, 41.25
0, 2480, 41.0
0, 2481, 40.75
0, 2482, 41.0
0, 2483, 41.25
0, 2484, 41.5
0, 2485, 41.25
0, 2486, 41.0
0, 2487, 40.75
0, 2488, 40.5
0, 2489, 40.75
0, 2490, 40.5
0, 2491, 40.75
0, 2492, 40.5
0, 2493, 40.25
0, 2494, 40.0
0, 2495, 39.75
0, 2496, 39.5
0, 2497, 39.25
0, 2498, 39.0
0, 2499, 38.75
0, 2500, 38.5
0, 2501, 38.25
0, 2502, 38.0
0, 2503, 37.75
0, 2504, 37.5
0, 2505, 37.25
0, 2506, 37.0
0, 2507, 36.75
0, 2508, 36.5
0, 2509, 36.25
0, 2510, 36.0
0, 2511, 35.75
0, 2512, 35.5
0, 2513, 35.25
0, 2514, 35.0
0, 2515, 34.75
0, 2516, 34.5
0, 2517, 34.25
0, 2518, 34.0
0, 2519, 34.25
0, 2520, 34.0
0, 2521, 33.75
0, 2522, 33.5
0, 2523, 33.25
0, 2524, 33.5
0, 2525, 33.75
0, 2526, 34.0
0, 2527, 33.75
0, 2528, 33.5
0, 2529, 33.25
0, 2530, 33.0
0, 2531, 33.25
0, 2532, 33.5
0, 2533, 33.75
0, 2534, 34.0
0, 2535, 33.75
0, 2536, 33.5
0, 2537, 33.75
0, 2538, 34.0
0, 2539, 34.25
0, 2540, 34.5
0, 2541, 34.75
0, 2542, 35.0
0, 2543, 35.25
0, 2544, 35.5
0, 2545, 35.75
0, 2546, 36.0
0, 2547, 36.25
0, 2548, 36.5
0, 2549, 36.75
0, 2550, 37.0
0, 2551, 37.25
0, 2552, 37.5
0, 2553, 37.75
0, 2554, 38.0
0, 2555, 38.25
0, 2556, 38.5
0, 2557, 38.75
0, 2558, 39.0
0, 2559, 39.25
0, 2560, 39.5
0, 2561, 39.75
0, 2562, 40.0
0, 2563, 40.25
0, 2564, 40.5
0, 2565, 40.75
0, 2566, 41.0
0, 2567, 41.25
0, 2568, 41.5
0, 2569, 41.75
0, 2570, 42.0
0, 2571, 42.25
0, 2572, 42.5
0, 2573, 42.75
0, 2574, 43.0
0, 2575, 43.25
0, 2576, 43.5
0, 2577, 43.75
0, 2578, 44.0
0, 2579, 44.25
0, 2580, 44.5
0, 2581, 44.75
0, 2582, 45.0
0, 2583, 45.25
0, 2584, 45.5
0, 2585, 45.75
0, 2586, 46.0
0, 2587, 46.25
0, 2588, 46.5
0, 2589, 46.75
0, 2590, 47.0
0, 2591, 47.25
0, 2592, 47.5
0, 2593, 47.75
0, 2594, 48.0
0, 2595, 48.25
0, 2596, 48.5
0, 2597, 48.75
0, 2598, 48.5
0, 2599, 48.75
0, 2600, 49.0
0, 2601, 49.25
0, 2602, 49.5
0, 2603, 49.75
0, 2604, 50.0
0, 2605, 49.75
0, 2606, 49.5
0, 2607, 49.25
0, 2608, 49.5
0, 2609, 49.75
0, 2610, 50.0
0, 2611, 49.75
0, 2612, 49.5
0, 2613, 49.25
0, 2614, 49.5
0, 2615, 49.75
0, 2616, 50.0
0, 2617, 50.25
0, 2618, 50.0
0, 2619, 49.75
0, 2620, 49.5
0, 2621, 49.25
0, 2622, 49.0
0, 2623, 48.75
0, 2624, 48.5
0, 2625, 48.25
0, 2626, 48.0
0, 2627, 47.75
0, 2628, 47.5
0, 2629, 47.25
0, 2630, 47.0
0, 2631, 46.75
0, 2632, 46.5
0, 2633, 46.25
0, 2634, 46.0
0, 2635, 45.75
0, 2636, 45.5
0, 2637, 45.25
0, 2638, 45.0
0, 2639, 44.75
0, 2640, 44.5
0, 2641, 44.25
0, 2642, 44.0
0, 2643, 43.75
0, 2644, 43.5
0, 2645, 43.25
0, 2646, 43.0
0, 2647, 42.75
0, 2648, 42.5
0, 2649, 42.25
0, 2650, 42.0
0, 2651, 41.75
0, 2652, 41.5
0, 2653, 41.25
0, 2654, 41.0
0, 2655, 40.75
0, 2656, 40.5
0, 2657, 40.25
0, 2658, 40.0
0, 2659, 39.75
0, 2660, 39.5
0, 2661, 39.25
0, 2662, 39.0
0, 2663, 38.75
0, 2664, 38.5
0, 2665, 38.25
0, 2666, 38.0
0, 2667, 37.75
0, 2668, 37.5
0, 2669, 37.25
0, 2670, 37.0
0, 2671, 36.75
0, 2672, 36.5
0, 2673, 36.25
0, 2674, 36.0
0, 2675, 35.75
0, 2676, 35.5
0, 2677, 35.25
0, 2678, 35.0
0, 2679, 34.75
0, 2680, 34.5
0, 2681, 34.25
0, 2682, 34.0
0, 2683, 33.75
0, 2684, 33.5
0, 2685, 33.25
0, 2686, 33.0
0, 2687, 32.75
0, 2688, 32.5
0, 2689, 32.25
0, 2690, 32.0
0, 2691, 31.75
0, 2692, 31.5
0, 2693, 31.25
0, 2694, 31.0
0, 2695, 30.75
0, 2696, 30.5
0, 2697, 30.25
0, 2698, 30.0
0, 2699, 29.75
0, 2700, 30.0
0, 2701, 30.25
0, 2702, 30.5
0, 2703, 30.25
0, 2704, 30.0
0, 2705, 29.75
0, 2706, 30.0
0, 2707, 30.25
0, 2708, 30.5
0, 2709, 30.75
0, 2710, 31.0
0, 2711, 31.25
0, 2712, 31.5
0, 2713, 31.75
0, 2714, 32.0
0, 2715, 32.25
0, 2716, 32.5
0, 2717, 32.75
0, 2718, 33.0
0, 2719, 33.25
0, 2720, 33.5
0, 2721, 33.75
0, 2722, 34.0
0, 2723, 34.25
0, 2724, 34.5
0, 2725, 34.75
0, 2726, 35.0
0, 2727, 35.25
0, 2728, 35.5
0, 2729, 35.75
0, 2730, 36.0
0, 2731, 36.25
0, 2732, 36.5
0, 2733, 36.75
0, 2734, 37.0
0, 2735, 37.25
0, 2736, 37.5
0, 2737, 37.75
0, 2738, 38.0
0, 2739, 38.25
0, 2740, 38.5
0, 2741, 38.75
0, 2742, 39.0
0, 2743, 39.25
0, 2744, 39.5
0, 2745, 39.75
0, 2746, 40.0
0, 2747, 40.25
0, 2748, 40.5
0, 2749, 40.75
0, 2750, 41.0
0, 2751, 41.25
0, 2752, 41.5
0, 2753, 41.75
0, 2754, 42.0
0, 2755, 42.25
0, 2756, 42.5
0, 2757, 42.75
0, 2758, 43.0
0, 2759, 43.25
0, 2760, 43.5
0, 2761, 43.75
0, 2762, 44.0
0, 2763, 44.25
0, 2764, 44.5
0, 2765, 44.75
0, 2766, 45.0
0, 2767, 45.25
0, 2768, 45.5
0, 2769, 45.75
0, 2770, 46.0
0, 2771, 46.25
0, 2772, 46.5
0, 2773, 46.75
0, 2774, 47.0
0, 2775, 47.25
0, 2776, 47.5
0, 2777, 47.75
0, 2778, 48.0
0, 2779, 48.25
0, 2780, 48.5
0, 2781, 48.75
0, 2782, 49.0
0, 2783, 49.25
0, 2784, 49.5
0, 2785, 49.75
0, 2786, 50.0
0, 2787, 50.25
0, 2788, 50.5
0, 2789, 50.75
0, 2790, 51.0
0, 2791, 51.25
0, 2792, 51.5
0, 2793, 51.75
0, 2794, 52.0
0, 2795, 52.25
0, 2796, 52.5
0, 2797, 52.75
0, 2798, 53.0
0, 2799, 53.25
0, 2800, 53.5
0, 2801, 53.75
0, 2802, 54.0
0, 2803, 54.25
0, 2804, 54.5
0, 2805, 54.75
0, 2806, 55.0
0, 2807, 55.25
0, 2808, 55.5
0, 2809, 55.75
0, 2810, 56.0
0, 2811, 56.25
0, 2812, 56.5
0, 2813, 56.75
0, 2814, 57.0
0, 2815, 57.25
0, 2816, 57.5
0, 2817, 57.75
0, 2818, 58.0
0, 2819, 58.25
0, 2820, 58.5
0, 2821, 58.75
0, 2822, 59.0
0, 2823, 59.25
0, 2824, 59.5
0, 2825, 59.75
0, 2826, 60.0
0, 2827, 60.25
0, 2828, 60.0
0, 2829, 59.75
0, 2830, 59.5
0, 2831, 59.25
0, 2832, 59.0
0, 2833, 58.75
0, 2834, 58.5
0, 2835, 58.25
0, 2836, 58.0
0, 2837, 57.75
0, 2838, 57.5
0, 2839, 57.25
0, 2840, 57.0
0, 2841, 56.75
0, 2842, 56.5
0, 2843, 56.25
0, 2844, 56.0
0, 2845, 55.75
0, 2846, 55.5
0, 2847, 55.25
0, 2848, 55.0
0, 2849, 54.75
0, 2850, 54.5
0, 2851, 54.25
0, 2852, 54.0
0, 2853, 53.75
0, 2854, 53.5
0, 2855, 53.25
0, 2856, 53.0
0, 2857, 52.75
0, 2858, 52.5
0, 2859, 52.25
0, 2860, 52.0
0, 2861, 51.75
0, 2862, 51.5
0, 2863, 51.25
0, 2864, 51.0
0, 2865, 50.75
0, 2866, 50.5
0, 2867, 50.25
0, 2868, 50.0
0, 2869, 49.75
0, 2870, 49.5
0, 2871, 49.25
0, 2872, 49.0
0, 2873, 48.75
0, 2874, 48.5
0, 2875, 48.25
0, 2876, 48.0
0, 2877, 47.75
0, 2878, 47.5
0, 2879, 47.25
0, 2880, 47.0
0, 2881, 46.75
0, 2882, 46.5
0, 2883, 46.25
0, 2884, 46.0
0, 2885, 45.75
0, 2886, 45.5
0, 2887, 45.25
0, 2888, 45.0
0, 2889, 44.75
0, 2890, 44.5
0, 2891, 44.25
0, 2892, 44.0
0, 2893, 43.75
0, 2894, 43.5
0, 2895, 43.25
0, 2896, 43.0
0, 2897, 42.75
0, 2898, 42.5
0, 2899, 42.25
0, 2900, 42.0
0, 2901, 41.75
0, 2902, 41.5
0, 2903, 41.25
0, 2904, 41.0
0, 2905, 40.75
0, 2906, 40.5
0, 2907, 40.25
0, 2908, 40.0
0, 2909, 39.75
0, 2910, 39.5
0, 2911, 39.25
0, 2912, 39.0
0, 2913, 38.75
0, 2914, 38.5
0, 2915, 38.25
0, 2916, 38.0
0, 2917, 37.75
0, 2918, 37.5
0, 2919, 37.25
0, 2920, 37.0
0, 2921, 36.75
0, 2922, 36.5
0, 2923, 36.25
0, 2924, 36.0
0, 2925, 35.75
0, 2926, 35.5
0, 2927, 35.25
0, 2928, 35.0
0, 2929, 34.75
0, 2930, 34.5
0, 2931, 34.25
0, 2932, 34.0
0, 2933, 33.75
0, 2934, 33.5
0, 2935, 33.25
0, 2936, 33.0
0, 2937, 32.75
0, 2938, 32.5
0, 2939, 32.25
0, 2940, 32.0
0, 2941, 31.75
0, 2942, 31.5
0, 2943, 31.25
0, 2944, 31.0
0, 2945, 30.75
0, 2946, 30.5
0, 2947, 30.25
0, 2948, 30.0
0, 2949, 29.75
0, 2950, 29.5
0, 2951, 29.25
0, 2952, 29.0
0, 2953, 28.75
0, 2954, 28.5
0, 2955, 28.25
0, 2956, 28.0
0, 2957, 27.75
0, 2958, 27.5
0, 2959, 27.25
0, 2960, 27.0
0, 2961, 26.75
0, 2962, 26.5
0, 2963, 26.25
0, 2964, 26.0
0, 2965, 25.75
0, 2966, 25.5
0, 2967, 25.25
0, 2968, 25.0
0, 2969, 24.75
0, 2970, 24.5
0, 2971, 24.25
0, 2972, 24.0
0, 2973, 23.75
0, 2974, 23.5
0, 2975, 23.25
0, 2976, 23.0
0, 2977, 22.75
0, 2978, 22.5
0, 2979, 22.25
0, 2980, 22.0
0, 2981, 21.75
0, 2982, 21.5
0, 2983, 21.25
0, 2984, 21.0
0, 2985, 20.75
0, 2986, 20.5
0, 2987, 20.25
0, 2988, 20.0
0, 2989, 19.75
0, 2990, 19.5
0, 2991, 19.25
0, 2992, 19.0
0, 2993, 18.75
0, 2994, 18.5
0, 2995, 18.25
0, 2996, 18.0
0, 2997, 17.75
0, 2998, 17.5
0, 2999, 17.25
0, 3000, 17.0
0, 3001, 16.75
0, 3002, 16.5
0, 3003, 16.25
0, 3004, 16.0
0, 3005, 15.75
0, 3006, 15.5
0, 3007, 15.25
0, 3008, 15.0
0, 3009, 14.75
0, 3010, 14.5
0, 3011, 14.25
0, 3012, 14.0
0, 3013, 13.75
0, 3014, 13.5
0, 3015, 13.25
0, 3016, 13.0
0, 3017, 12.75
0, 3018, 12.5
0, 3019, 12.25
0, 3020, 12.0
0, 3021, 11.75
0, 3022, 11.5
0, 3023, 11.25
0, 3024, 11.0
0, 3025, 10.75
0, 3026, 10.5
0, 3027, 10.25
0, 3028, 10.0
0, 3029, 9.75
0, 3030, 9.5
0, 3031, 9.25
0, 3032, 9.0
0, 3033, 8.75
0, 3034, 8.5
0, 3035, 8.25
0, 3036, 8.0
0, 3037, 7.75
0, 3038, 7.5
0, 3039, 7.25
0, 3040, 7.0
0, 3041, 6.75
0, 3042, 6.5
0, 3043, 6.25
0, 3044, 6.0
0, 3045, 5.75
0, 3046, 5.5
0, 3047, 5.25
0, 3048, 5.0
0, 3049, 4.75
0, 3050, 4.5
0, 3051, 4.25
0, 3052, 4.0
0, 3053, 3.75
0, 3054, 3.5
0, 3055, 3.25
0, 3056, 3.0
0, 3057, 2.75
0, 3058, 2.5
0, 3059, 2.25
0, 3060, 2.0
0, 3061, 1.75
0, 3062, 1.5
0, 3063, 1.25
0, 3064, 1.0
0, 3065, 0.75
0, 3066, 0.75
0, 3067, 0.75
0, 3068, 0.75
0, 3069, 0.75
0, 3070, 0.75
0, 3071, 0.75
0, 3072, 0.75
0, 3073, 0.75
0, 3074, 0.75
0, 3075, 0.75
0, 3076, 0.75
0, 3077, 0.75
0, 3078, 0.75
0, 3079, 0.75
0, 3080, 0.75
0, 3081, 0.75
0, 3082, 0.75
0, 3083, 0.75
0, 3084, 0.75
0, 3085, 0.75
0, 3086, 0.75
0, 3087, 0.75
0, 3088, 0.75
0, 3089, 0.75
0, 3090, 0.75
0, 3091, 0.75
0, 3092, 0.75
0, 3093, 0.75
0, 3094, 0.75
0, 3095, 0.75
0, 3096, 0.75
0, 3097, 0.75
0, 3098, 0.75
0, 3099, 0.75
0, 3100, 0.75
0, 3101, 0.75
0, 3102, 0.75
0, 3103, 0.75
0, 3104, 0.75
0, 3105, 0.75
0, 3106, 0.75
0, 3107, 0.75
0, 3108, 0.75
0, 3109, 0.75
0, 3110, 0.75
0, 3111, 0.75
0, 3112, 0.75
0, 3113, 0.75
0, 3114, 0.75
0, 3115, 0.75
0, 3116, 0.75
0, 3117, 0.75
0, 3118, 0.75
0, 3119, 0.75
0, 3120, 0.75
0, 3121, 0.75
0, 3122, 0.75
0, 3123, 0.75
0, 3124, 0.75
0, 3125, 0.75
0, 3126, 0.75
0, 3127, 0.75
0, 3128, 0.75
0, 3129, 0.75
0, 3130, 0.75
0, 3131, 0.75
0, 3132, 0.75
0, 3133, 0.75
0, 3134, 0.75
0, 3135, 0.75
0, 3136, 0.75
0, 3137, 0.75
0, 3138, 0.75
0, 3139, 0.75
0, 3140, 0.75
0, 3141, 0.75
0, 3142, 0.75
0, 3143, 0.75
0, 3144, 0.75
0, 3145, 0.75
0, 3146, 0.75
0, 3147, 0.75
0, 3148, 0.75
0, 3149, 0.75
0, 3150, 0.75
0, 3151, 0.75
0, 3152, 0.75
0, 3153, 0.75
0, 3154, 0.75
0, 3155, 0.75
0, 3156, 0.75
0, 3157, 0.75
0, 3158, 0.75
0, 3159, 0.75
0, 3160, 0.75
0, 3161, 0.75
0, 3162, 0.75
0, 3163, 0.75
0, 3164, 0.75
0, 3165, 0.75
0, 3166, 0.75
0, 3167, 0.75
0, 3168, 0.75
0, 3169, 0.75
0, 3170, 0.75
0, 3171, 0.75
0, 3172, 0.75
0, 3173, 0.75
0, 3174, 0.75
0, 3175, 0.75
0, 3176, 0.75
0, 3177, 0.75
0, 3178, 0.75
0, 3179, 0.75
0, 3180, 0.75
0, 3181, 0.75
0, 3182, 0.75
0, 3183, 0.75
0, 3184, 1.0
0, 3185, 0.75
0, 3186, 0.75
0, 3187, 0.75
0, 3188, 0.75
0, 3189, 1.0
0, 3190, 1.25
0, 3191, 1.5
0, 3192, 1.75
0, 3193, 1.5
0, 3194, 1.25
0, 3195, 1.5
0, 3196, 1.75
0, 3197, 2.0
0, 3198, 2.25
0, 3199, 2.5
0, 3200, 2.25
0, 3201, 2.5
0, 3202, 2.75
0, 3203, 3.0
0, 3204, 3.25
0, 3205, 3.5
0, 3206, 3.75
0, 3207, 4.0
0, 3208, 4.25
0, 3209, 4.5
0, 3210, 4.75
0, 3211, 5.0
0, 3212, 5.25
0, 3213, 5.5
0, 3214, 5.75
0, 3215, 6.0
0, 3216, 6.25
0, 3217, 6.5
0, 3218, 6.75
0, 3219, 7.0
0, 3220, 7.25
0, 3221, 7.5
0, 3222, 7.75
0, 3223, 8.0
0, 3224, 8.25
0, 3225, 8.5
0, 3226, 8.75
0, 3227, 9.0
0, 3228, 9.25
0, 3229, 9.5
0, 3230, 9.75
0, 3231, 10.0
0, 3232, 10.25
0, 3233, 10.5
0, 3234, 10.75
0, 3235, 11.0
0, 3236, 11.25
0, 3237, 11.5
0, 3238, 11.75
0, 3239, 12.0
0, 3240, 12.25
0, 3241, 12.5
0, 3242, 12.75
0, 3243, 13.0
0, 3244, 13.25
0, 3245, 13.5
0, 3246, 13.75
0, 3247, 14.0
0, 3248, 14.25
0, 3249, 14.5
0, 3250, 14.75
0, 3251, 15.0
0, 3252, 15.25
0, 3253, 15.5
0, 3254, 15.75
0, 3255, 16.0
0, 3256, 16.25
0, 3257, 16.5
0, 3258, 16.75
0, 3259, 17.0
0, 3260, 17.25
0, 3261, 17.5
0, 3262, 17.75
0, 3263, 18.0
0, 3264, 18.25
0, 3265, 18.5
0, 3266, 18.75
0, 3267, 19.0
0, 3268, 19.25
0, 3269, 19.5
0, 3270, 19.75
0, 3271, 20.0
0, 3272, 20.25
0, 3273, 20.5
0, 3274, 20.75
0, 3275, 21.0
0, 3276, 21.25
0, 3277, 21.5
0, 3278, 21.75
0, 3279, 22.0
0, 3280, 22.25
0, 3281, 22.5
0, 3282, 22.75
0, 3283, 23.0
0, 3284, 23.25
0, 3285, 23.0
0, 3286, 23.25
0, 3287, 23.5
0, 3288, 23.75
0, 3289, 24.0
0, 3290, 24.25
0, 3291, 24.0
0, 3292, 23.75
0, 3293, 23.5
0, 3294, 23.75
0, 3295, 24.0
0, 3296, 24.25
0, 3297, 24.0
0, 3298, 23.75
0, 3299, 23.5
0, 3300, 23.25
0, 3301, 23.0
0, 3302, 22.75
0, 3303, 22.5
0, 3304, 22.25
0, 3305, 22.0
0, 3306, 21.75
0, 3307, 21.5
0, 3308, 21.25
0, 3309, 21.0
0, 3310, 20.75
0, 3311, 20.5
0, 3312, 20.25
0, 3313, 20.0
0, 3314, 19.75
0, 3315, 19.5
0, 3316, 19.25
0, 3317, 19.0
0, 3318, 18.75
0, 3319, 18.5
0, 3320, 18.25
0, 3321, 18.0
0, 3322, 17.75
0, 3323, 17.5
0, 3324, 17.25
0, 3325, 17.0
0, 3326, 16.75
0, 3327, 16.5
0, 3328, 16.25
0, 3329, 16.0
0, 3330, 15.75
0, 3331, 15.5
0, 3332, 15.25
0, 3333, 15.0
0, 3334, 14.75
0, 3335, 14.5
0, 3336, 14.25
0, 3337, 14.0
0, 3338, 13.75
0, 3339, 13.5
0, 3340, 13.25
0, 3341, 13.0
0, 3342, 12.75
0, 3343, 12.5
0, 3344, 12.25
0, 3345, 12.0
0, 3346, 11.75
0, 3347, 11.5
0, 3348, 11.25
0, 3349, 11.0
0, 3350, 10.75
0, 3351, 10.5
0, 3352, 10.25
0, 3353, 10.0
0, 3354, 9.75
0, 3355, 9.5
0, 3356, 9.25
0, 3357, 9.0
0, 3358, 8.75
0, 3359, 8.5
0, 3360, 8.25
0, 3361, 8.0
0, 3362, 7.75
0, 3363, 7.5
0, 3364, 7.25
0, 3365, 7.0
0, 3366, 7.25
0, 3367, 7.0
0, 3368, 6.75
0, 3369, 6.5
0, 3370, 6.25
0, 3371, 6.5
0, 3372, 6.75
0, 3373, 7.0
0, 3374, 7.25
0, 3375, 7.0
0, 3376, 6.75
0, 3377, 7.0
0, 3378, 7.25
0, 3379, 7.5
0, 3380, 7.75
0, 3381, 8.0
0, 3382, 8.25
0, 3383, 8.5
0, 3384, 8.75
0, 3385, 9.0
0, 3386, 9.25
0, 3387, 9.5
0, 3388, 9.75
0, 3389, 10.0
0, 3390, 10.25
0, 3391, 10.5
0, 3392, 10.75
0, 3393, 11.0
0, 3394, 11.25
0, 3395, 11.5
0, 3396, 11.75
0, 3397, 12.0
0, 3398, 12.25
0, 3399, 12.5
0, 3400, 12.75
0, 3401, 13.0
0, 3402, 13.25
0, 3403, 13.5
0, 3404, 13.75
0, 3405, 14.0
0, 3406, 14.25
0, 3407, 14.5
0, 3408, 14.75
0, 3409, 15.0
0, 3410, 15.25
0, 3411, 15.5
0, 3412, 15.75
0, 3413, 16.0
0, 3414, 16.25
0, 3415, 16.5
0, 3416, 16.75
0, 3417, 17.0
0, 3418, 17.25
0, 3419, 17.5
0, 3420, 17.75
0, 3421, 18.0
0, 3422, 18.25
0, 3423, 18.5
0, 3424, 18.75
0, 3425, 19.0
0, 3426, 19.25
0, 3427, 19.5
0, 3428, 19.75
0, 3429, 20.0
0, 3430, 20.25
0, 3431, 20.5
0, 3432, 20.75
0, 3433, 21.0
0, 3434, 21.25
0, 3435, 21.5
0, 3436, 21.75
0, 3437, 22.0
0, 3438, 22.25
0, 3439, 22.5
0, 3440, 22.75
0, 3441, 23.0
0, 3442, 23.25
0, 3443, 23.5
0, 3444, 23.75
0, 3445, 24.0
0, 3446, 24.25
0, 3447, 24.5
0, 3448, 24.75
0, 3449, 25.0
0, 3450, 25.25
0, 3451, 25.5
0, 3452, 25.75
0, 3453, 26.0
0, 3454, 26.25
0, 3455, 26.5
0, 3456, 26.75
0, 3457, 27.0
0, 3458, 27.25
0, 3459, 27.5
0, 3460, 27.75
0, 3461, 28.0
0, 3462, 28.25
0, 3463, 28.5
0, 3464, 28.75
0, 3465, 29.0
0, 3466, 29.25
0, 3467, 29.5
0, 3468, 29.75
0, 3469, 30.0
0, 3470, 30.25
0, 3471, 30.5
0, 3472, 30.75
0, 3473, 31.0
0, 3474, 31.25
0, 3475, 31.5
0, 3476, 31.75
0, 3477, 32.0
0, 3478, 32.25
0, 3479, 32.5
0, 3480, 32.75
0, 3481, 33.0
0, 3482, 33.25
0, 3483, 33.5
0, 3484, 33.75
0, 3485, 34.0
0, 3486, 34.25
0, 3487, 34.5
0, 3488, 34.75
0, 3489, 35.0
0, 3490, 35.25
0, 3491, 35.5
0, 3492, 35.75
0, 3493, 36.0
0, 3494, 36.25
0, 3495, 36.5
0, 3496, 36.75
0, 3497, 37.0
0, 3498, 37.25
0, 3499, 37.5
0, 3500, 37.75
0, 3501, 38.0
0, 3502, 38.25
0, 3503, 38.5
0, 3504, 38.75
0, 3505, 39.0
0, 3506, 39.25
0, 3507, 39.5
0, 3508, 39.75
0, 3509, 40.0
0, 3510, 40.25
0, 3511, 40.5
0, 3512, 40.75
0, 3513, 41.0
0, 3514, 41.25
0, 3515, 41.5
0, 3516, 41.75
0, 3517, 42.0
0, 3518, 42.25
0, 3519, 42.5
0, 3520, 42.75
0, 3521, 43.0
0, 3522, 43.25
0, 3523, 43.5
0, 3524, 43.75
0, 3525, 44.0
0, 3526, 44.25
0, 3527, 44.5
0, 3528, 44.75
0, 3529, 44.5
0, 3530, 44.25
0, 3531, 44.0
0, 3532, 44.25
0, 3533, 44.5
0, 3534, 44.75
0, 3535, 44.5
0, 3536, 44.25
0, 3537, 44.0
0, 3538, 43.75
0, 3539, 43.5
0, 3540, 43.25
0, 3541, 43.0
0, 3542, 42.75
0, 3543, 42.5
0, 3544, 42.25
0, 3545, 42.0
0, 3546, 41.75
0, 3547, 41.5
0, 3548, 41.25
0, 3549, 41.0
0, 3550, 40.75
0, 3551, 40.5
0, 3552, 40.25
0, 3553, 40.0
0, 3554, 39.75
0, 3555, 39.5
0, 3556, 39.25
0, 3557, 39.0
0, 3558, 38.75
0, 3559, 38.5
0, 3560, 38.25
0, 3561, 38.0
0, 3562, 37.75
0, 3563, 37.5
0, 3564, 37.25
0, 3565, 37.0
0, 3566, 36.75
0, 3567, 36.5
0, 3568, 36.25
0, 3569, 36.0
0, 3570, 35.75
0, 3571, 35.5
0, 3572, 35.25
0, 3573, 35.0
0, 3574, 34.75
0, 3575, 34.5
0, 3576, 34.25
0, 3577, 34.0
0, 3578, 33.75
0, 3579, 33.5
0, 3580, 33.25
0, 3581, 33.0
0, 3582, 32.75
0, 3583, 32.5
0, 3584, 32.25
0, 3585, 32.0
0, 3586, 31.75
0, 3587, 31.5
0, 3588, 31.25
0, 3589, 31.0
0, 3590, 30.75
0, 3591, 30.5
0, 3592, 30.25
0, 3593, 30.0
0, 3594, 29.75
0, 3595, 29.5
0, 3596, 29.25
0, 3597, 29.0
0, 3598, 28.75
0, 3599, 28.5
0, 3600, 28.25
0, 3601, 28.0
0, 3602, 27.75
0, 3603, 27.5
0, 3604, 27.25
0, 3605, 27.0
0, 3606, 26.75
0, 3607, 26.5
0, 3608, 26.25
0, 3609, 26.0
0, 3610, 25.75
0, 3611, 25.5
0, 3612, 25.25
0, 3613, 25.0
0, 3614, 24.75
0, 3615, 24.5
0, 3616, 24.25
0, 3617, 24.0
0, 3618, 23.75
0, 3619, 23.5
0, 3620, 23.25
0, 3621, 23.0
0, 3622, 22.75
0, 3623, 22.5
0, 3624, 22.25
0, 3625, 22.0
0, 3626, 21.75
0, 3627, 21.5
0, 3628, 21.25
0, 3629, 21.0
0, 3630, 20.75
0, 3631, 20.5
0, 3632, 20.25
0, 3633, 20.0
0, 3634, 19.75
0, 3635, 19.5
0, 3636, 19.25
0, 3637, 19.0
0, 3638, 18.75
0, 3639, 18.5
0, 3640, 18.25
0, 3641, 18.0
0, 3642, 17.75
0, 3643, 17.5
0, 3644, 17.25
0, 3645, 17.0
0, 3646, 16.75
0, 3647, 16.5
0, 3648, 16.25
0, 3649, 16.0
0, 3650, 15.75
0, 3651, 15.5
0, 3652, 15.25
0, 3653, 15.0
0, 3654, 14.75
0, 3655, 14.5
0, 3656, 14.25
0, 3657, 14.0
0, 3658, 13.75
0, 3659, 13.5
0, 3660, 13.25
0, 3661, 13.0
0, 3662, 12.75
0, 3663, 12.5
0, 3664, 12.25
0, 3665, 12.0
0, 3666, 11.75
0, 3667, 11.5
0, 3668, 11.25
0, 3669, 11.0
0, 3670, 10.75
0, 3671, 10.5
0, 3672, 10.25
0, 3673, 10.0
0, 3674, 9.75
0, 3675, 9.5
0, 3676, 9.25
0, 3677, 9.0
0, 3678, 8.75
0, 3679, 8.5
0, 3680, 8.25
0, 3681, 8.0
0, 3682, 7.75
0, 3683, 7.5
0, 3684, 7.25
0, 3685, 7.0
0, 3686, 7.25
0, 3687, 7.5
0, 3688, 7.75
0, 3689, 8.0
0, 3690, 7.75
0, 3691, 8.0
0, 3692, 8.25
0, 3693, 8.5
0, 3694, 8.75
0, 3695, 9.0
0, 3696, 9.25
0, 3697, 9.5
0, 3698, 9.75
0, 3699, 10.0
0, 3700, 10.25
0, 3701, 10.5
0, 3702, 10.75
0, 3703, 11.0
0, 3704, 11.25
0, 3705, 11.5
0, 3706, 11.75
0, 3707, 12.0
0, 3708, 12.25
0, 3709, 12.5
0, 3710, 12.75
0, 3711, 13.0
0, 3712, 13.25
0, 3713, 13.5
0, 3714, 13.75
0, 3715, 14.0
0, 3716, 14.25
0, 3717, 14.5
0, 3718, 14.75
0, 3719, 15.0
0, 3720, 15.25
0, 3721, 15.5
0, 3722, 15.75
0, 3723, 16.0
0, 3724, 16.25
0, 3725, 16.5
0, 3726, 16.75
0, 3727, 17.0
0, 3728, 17.25
0, 3729, 17.5
0, 3730, 17.75
0, 3731, 18.0
0, 3732, 18.25
0, 3733, 18.5
0, 3734, 18.75
0, 3735, 19.0
0, 3736, 19.25
0, 3737, 19.5
0, 3738, 19.75
0, 3739, 20.0
0, 3740, 20.25
0, 3741, 20.5
0, 3742, 20.75
0, 3743, 21.0
0, 3744, 21.25
0, 3745, 21.5
0, 3746, 21.75
0, 3747, 22.0
0, 3748, 22.25
0, 3749, 22.5
0, 3750, 22.75
0, 3751, 23.0
0, 3752, 23.25
0, 3753, 23.5
0, 3754, 23.75
0, 3755, 24.0
0, 3756, 24.25
0, 3757, 24.5
0, 3758, 24.75
0, 3759, 25.0
0, 3760, 25.25
0, 3761, 25.5
0, 3762, 25.75
0, 3763, 26.0
0, 3764, 26.25
0, 3765, 26.5
0, 3766, 26.75
0, 3767, 27.0
0, 3768, 27.25
0, 3769, 27.5
0, 3770, 27.75
0, 3771, 28.0
0, 3772, 28.25
0, 3773, 28.5
0, 3774, 28.75
0, 3775, 29.0
0, 3776, 29.25
0, 3777, 29.5
0, 3778, 29.75
0, 3779, 30.0
0, 3780, 30.25
0, 3781, 30.5
0, 3782, 30.75
0, 3783, 31.0
0, 3784, 31.25
0, 3785, 31.5
0, 3786, 31.75
0, 3787, 32.0
0, 3788, 32.25
0, 3789, 32.5
0, 3790, 32.75
0, 3791, 33.0
0, 3792, 33.25
0, 3793, 33.5
0, 3794, 33.75
0, 3795, 34.0
0, 3796, 34.25
0, 3797, 34.5
0, 3798, 34.75
0, 3799, 35.0
0, 3800, 35.25
0, 3801, 35.5
0, 3802, 35.75
0, 3803, 36.0
0, 3804, 36.25
0, 3805, 36.5
0, 3806, 36.75
0, 3807, 37.0
0, 3808, 37.25
0, 3809, 37.5
0, 3810, 37.75
0, 3811, 38.0
0, 3812, 38.25
0, 3813, 38.5
0, 3814, 38.75
0, 3815, 39.0
0, 3816, 39.25
0, 3817, 39.5
0, 3818, 39.75
0, 3819, 40.0
0, 3820, 40.25
0, 3821, 40.5
0, 3822, 40.75
0, 3823, 41.0
0, 3824, 41.25
0, 3825, 41.5
0, 3826, 41.75
0, 3827, 42.0
0, 3828, 42.25
0, 3829, 42.5
0, 3830, 42.75
0, 3831, 43.0
0, 3832, 43.25
0, 3833, 43.5
0, 3834, 43.75
0, 3835, 44.0
0, 3836, 44.25
0, 3837, 44.5
0, 3838, 44.75
0, 3839, 45.0
0, 3840, 45.25
0, 3841, 45.5
0, 3842, 45.75
0, 3843, 46.0
0, 3844, 46.25
0, 3845, 46.5
0, 3846, 46.75
0, 3847, 47.0
0, 3848, 47.25
0, 3849, 47.5
0, 3850, 47.75
0, 3851, 48.0
0, 3852, 48.25
0, 3853, 48.5
0, 3854, 48.75
0, 3855, 49.0
0, 3856, 49.25
0, 3857, 49.5
0, 3858, 49.75
0, 3859, 50.0
0, 3860, 50.25
0, 3861, 50.5
0, 3862, 50.75
0, 3863, 51.0
0, 3864, 51.25
0, 3865, 51.5
0, 3866, 51.75
0, 3867, 52.0
0, 3868, 52.25
0, 3869, 52.5
0, 3870, 52.75
0, 3871, 53.0
0, 3872, 53.25
0, 3873, 53.5
0, 3874, 53.75
0, 3875, 54.0
0, 3876, 54.25
0, 3877, 54.5
0, 3878, 54.75
0, 3879, 55.0
0, 3880, 55.25
0, 3881, 55.5
0, 3882, 55.75
0, 3883, 56.0
0, 3884, 56.25
0, 3885, 56.5
0, 3886, 56.75
0, 3887, 57.0
0, 3888, 57.25
0, 3889, 57.5
0, 3890, 57.75
0, 3891, 58.0
0, 3892, 57.75
0, 3893, 57.5
0, 3894, 57.25
0, 3895, 57.0
0, 3896, 56.75
0, 3897, 57.0
0, 3898, 56.75
0, 3899, 56.5
0, 3900, 56.25
0, 3901, 56.0
0, 3902, 55.75
0, 3903, 55.5
0, 3904, 55.25
0, 3905, 55.0
0, 3906, 54.75
0, 3907, 54.5
0, 3908, 54.25
0, 3909, 54.0
0, 3910, 53.75
0, 3911, 53.5
0, 3912, 53.25
0, 3913, 53.0
0, 3914, 52.75
0, 3915, 52.5
0, 3916, 52.25
0, 3917, 52.0
0, 3918, 51.75
0, 3919, 51.5
0, 3920, 51.25
0, 3921, 51.0
0, 3922, 50.75
0, 3923, 50.5
0, 3924, 50.25
0, 3925, 50.0
0, 3926, 49.75
0, 3927, 49.5
0, 3928, 49.25
0, 3929, 49.0
0, 3930, 48.75
0, 3931, 48.5
0, 3932, 48.25
0, 3933, 48.0
0, 3934, 47.75
0, 3935, 47.5
0, 3936, 47.25
0, 3937, 47.0
0, 3938, 46.75
0, 3939, 46.5
0, 3940, 46.25
0, 3941, 46.0
0, 3942, 45.75
0, 3943, 45.5
0, 3944, 45.25
0, 3945, 45.0
0, 3946, 44.75
0, 3947, 44.5
0, 3948, 44.25
0, 3949, 44.0
0, 3950, 43.75
0, 3951, 43.5
0, 3952, 43.25
0, 3953, 43.0
0, 3954, 42.75
0, 3955, 42.5
0, 3956, 42.25
0, 3957, 42.0
0, 3958, 41.75
0, 3959, 41.5
0, 3960, 41.25
0, 3961, 41.0
0, 3962, 40.75
0, 3963, 40.5
0, 3964, 40.25
0, 3965, 40.0
0, 3966, 39.75
0, 3967, 39.5
0, 3968, 39.25
0, 3969, 39.0
0, 3970, 38.75
0, 3971, 38.5
0, 3972, 38.25
0, 3973, 38.0
0, 3974, 37.75
0, 3975, 37.5
0, 3976, 37.25
0, 3977, 37.0
0, 3978, 36.75
0, 3979, 36.5
0, 3980, 36.25
0, 3981, 36.0
0, 3982, 35.75
0, 3983, 35.5
0, 3984, 35.25
0, 3985, 35.0
0, 3986, 34.75
0, 3987, 34.5
0, 3988, 34.25
0, 3989, 34.0
0, 3990, 33.75
0, 3991, 33.5
0, 3992, 33.25
0, 3993, 33.0
0, 3994, 32.75
0, 3995, 32.5
0, 3996, 32.25
0, 3997, 32.0
0, 3998, 31.75
0, 3999, 31.5
0, 4000, 31.25
0, 4001, 31.0
0, 4002, 30.75
0, 4003, 30.5
0, 4004, 30.25
0, 4005, 30.0
0, 4006, 29.75
0, 4007, 29.5
0, 4008, 29.25
0, 4009, 29.0
0, 4010, 28.75
0, 4011, 28.5
0, 4012, 28.25
0, 4013, 28.0
0, 4014, 27.75
0, 4015, 27.5
0, 4016, 27.25
0, 4017, 27.0
0, 4018, 26.75
0, 4019, 26.5
0, 4020, 26.25
0, 4021, 26.0
0, 4022, 25.75
0, 4023, 25.5
0, 4024, 25.25
0, 4025, 25.0
0, 4026, 24.75
0, 4027, 24.5
0, 4028, 24.25
0, 4029, 24.0
0, 4030, 23.75
0, 4031, 23.5
0, 4032, 23.25
0, 4033, 23.0
0, 4034, 22.75
0, 4035, 22.5
0, 4036, 22.25
0, 4037, 22.0
0, 4038, 21.75
0, 4039, 21.5
0, 4040, 21.25
0, 4041, 21.0
0, 4042, 20.75
0, 4043, 20.5
0, 4044, 20.25
0, 4045, 20.0
0, 4046, 19.75
0, 4047, 19.5
0, 4048, 19.25
0, 4049, 19.0
0, 4050, 18.75
0, 4051, 18.5
0, 4052, 18.25
0, 4053, 18.0
0, 4054, 17.75
0, 4055, 17.5
0, 4056, 17.25
0, 4057, 17.0
0, 4058, 16.75
0, 4059, 16.5
0, 4060, 16.25
0, 4061, 16.0
0, 4062, 15.75
0, 4063, 15.5
0, 4064, 15.25
0, 4065, 15.5
0, 4066, 15.75
0, 4067, 15.5
0, 4068, 15.25
0, 4069, 15.0
0, 4070, 15.25
0, 4071, 15.5
0, 4072, 15.75
0, 4073, 16.0
0, 4074, 16.25
0, 4075, 16.5
0, 4076, 16.75
0, 4077, 17.0
0, 4078, 17.25
0, 4079, 17.5
0, 4080, 17.75
0, 4081, 18.0
0, 4082, 18.25
0, 4083, 18.5
0, 4084, 18.75
0, 4085, 19.0
0, 4086, 19.25
0, 4087, 19.5
0, 4088, 19.75
0, 4089, 20.0
0, 4090, 20.25
0, 4091, 20.5
0, 4092, 20.75
0, 4093, 21.0
0, 4094, 21.25
0, 4095, 21.5
0, 4096, 21.75
0, 4097, 22.0
0, 4098, 22.25
0, 4099, 22.5
0, 4100, 22.75
0, 4101, 23.0
0, 4102, 23.25
0, 4103, 23.5
0, 4104, 23.75
0, 4105, 24.0
0, 4106, 24.25
0, 4107, 24.5
0, 4108, 24.75
0, 4109, 25.0
0, 4110, 25.25
0, 4111, 25.5
0, 4112, 25.75
0, 4113, 26.0
0, 4114, 26.25
0, 4115, 26.5
0, 4116, 26.75
0, 4117, 27.0
0, 4118, 27.25
0, 4119, 27.5
0, 4120, 27.75
0, 4121, 28.0
0, 4122, 28.25
0, 4123, 28.5
0, 4124, 28.75
0, 4125, 29.0
0, 4126, 29.25
0, 4127, 29.5
0, 4128, 29.75
0, 4129, 30.0
0, 4130, 30.25
0, 4131, 30.5
0, 4132, 30.75
0, 4133, 31.0
0, 4134, 31.25
0, 4135, 31.5
0, 4136, 31.75
0, 4137, 32.0
0, 4138, 32.25
0, 4139, 32.5
0, 4140, 32.75
0, 4141, 33.0
0, 4142, 33.25
0, 4143, 33.5
0, 4144, 33.75
0, 4145, 34.0
0, 4146, 34.25
0, 4147, 34.5
0, 4148, 34.75
0, 4149, 35.0
0, 4150, 35.25
0, 4151, 35.5
0, 4152, 35.75
0, 4153, 36.0
0, 4154, 36.25
0, 4155, 36.5
0, 4156, 36.75
0, 4157, 37.0
0, 4158, 37.25
0, 4159, 37.5
0, 4160, 37.75
0, 4161, 38.0
0, 4162, 38.25
0, 4163, 38.5
0, 4164, 38.75
0, 4165, 39.0
0, 4166, 39.25
0, 4167, 39.5
0, 4168, 39.75
0, 4169, 40.0
0, 4170, 40.25
0, 4171, 40.5
0, 4172, 40.75
0, 4173, 41.0
0, 4174, 41.25
0, 4175, 41.5
0, 4176, 41.75
0, 4177, 42.0
0, 4178, 42.25
0, 4179, 42.5
0, 4180, 42.75
0, 4181, 43.0
0, 4182, 43.25
0, 4183, 43.5
0, 4184, 43.75
0, 4185, 44.0
0, 4186, 44.25
0, 4187, 44.5
0, 4188, 44.75
0, 4189, 45.0
0, 4190, 45.25
0, 4191, 45.5
0, 4192, 45.75
0, 4193, 46.0
0, 4194, 45.75
0, 4195, 45.5
0, 4196, 45.25
0, 4197, 45.0
0, 4198, 45.25
0, 4199, 45.0
0, 4200, 44.75
0, 4201, 44.5
0, 4202, 44.25
0, 4203, 44.0
0, 4204, 43.75
0, 4205, 43.5
0, 4206, 43.25
0, 4207, 43.0
0, 4208, 42.75
0, 4209, 42.5
0, 4210, 42.25
0, 4211, 42.0
0, 4212, 41.75
0, 4213, 41.5
0, 4214, 41.25
0, 4215, 41.0
0, 4216, 40.75
0, 4217, 40.5
0, 4218, 40.25
0, 4219, 40.0
0, 4220, 39.75
0, 4221, 39.5
0, 4222, 39.25
0, 4223, 39.0
0, 4224, 38.75
0, 4225, 38.5
0, 4226, 38.25
0, 4227, 38.0
0, 4228, 37.75
0, 4229, 37.5
0, 4230, 37.25
0, 4231, 37.0
0, 4232, 36.75
0, 4233, 36.5
0, 4234, 36.25
0, 4235, 36.0
0, 4236, 35.75
0, 4237, 35.5
0, 4238, 35.25
0, 4239, 35.0
0, 4240, 34.75
0, 4241, 34.5
0, 4242, 34.25
0, 4243, 34.0
0, 4244, 33.75
0, 4245, 33.5
0, 4246, 33.25
0, 4247, 33.0
0, 4248, 32.75
0, 4249, 32.5
0, 4250, 32.25
0, 4251, 32.0
0, 4252, 31.75
0, 4253, 31.5
0, 4254, 31.25
0, 4255, 31.0
0, 4256, 30.75
0, 4257, 30.5
0, 4258, 30.25
0, 4259, 30.0
0, 4260, 29.75
0, 4261, 29.5
0, 4262, 29.25
0, 4263, 29.0
0, 4264, 28.75
0, 4265, 28.5
0, 4266, 28.25
0, 4267, 28.0
0, 4268, 27.75
0, 4269, 27.5
0, 4270, 27.25
0, 4271, 27.0
0, 4272, 26.75
0, 4273, 26.5
0, 4274, 26.25
0, 4275, 26.0
0, 4276, 25.75
0, 4277, 25.5
0, 4278, 25.25
0, 4279, 25.0
0, 4280, 24.75
0, 4281, 24.5
0, 4282, 24.25
0, 4283, 24.0
0, 4284, 23.75
0, 4285, 23.5
0, 4286, 23.25
0, 4287, 23.0
0, 4288, 22.75
0, 4289, 22.5
0, 4290, 22.25
0, 4291, 22.0
0, 4292, 21.75
0, 4293, 21.5
0, 4294, 21.25
0, 4295, 21.0
0, 4296, 20.75
0, 4297, 20.5
0, 4298, 20.25
0, 4299, 20.0
0, 4300, 19.75
0, 4301, 19.5
0, 4302, 19.25
0, 4303, 19.0
0, 4304, 18.75
0, 4305, 18.5
0, 4306, 18.25
0, 4307, 18.0
0, 4308, 17.75
0, 4309, 17.5
0, 4310, 17.25
0, 4311, 17.0
0, 4312, 16.75
0, 4313, 16.5
0, 4314, 16.25
0, 4315, 16.0
0, 4316, 15.75
0, 4317, 15.5
0, 4318, 15.25
0, 4319, 15.0
0, 4320, 14.75
0, 4321, 14.5
0, 4322, 14.25
0, 4323, 14.0
0, 4324, 13.75
0, 4325, 13.5
0, 4326, 13.25
0, 4327, 13.0
0, 4328, 12.75
0, 4329, 12.5
0, 4330, 12.25
0, 4331, 12.0
0, 4332, 11.75
0, 4333, 11.5
0, 4334, 11.25
0, 4335, 11.0
0, 4336, 10.75
0, 4337, 10.5
0, 4338, 10.25
0, 4339, 10.0
0, 4340, 9.75
0, 4341, 9.5
0, 4342, 9.25
0, 4343, 9.0
0, 4344, 8.75
0, 4345, 8.5
0, 4346, 8.25
0, 4347, 8.0
0, 4348, 7.75
0, 4349, 7.5
0, 4350, 7.25
0, 4351, 7.0
0, 4352, 6.75
0, 4353, 6.5
0, 4354, 6.25
0, 4355, 6.0
0, 4356, 5.75
0, 4357, 5.5
0, 4358, 5.25
0, 4359, 5.0
0, 4360, 4.75
0, 4361, 4.5
0, 4362, 4.25
0, 4363, 4.0
0, 4364, 3.75
0, 4365, 3.5
0, 4366, 3.25
0, 4367, 3.0
0, 4368, 2.75
0, 4369, 2.5
0, 4370, 2.25
0, 4371, 2.0
0, 4372, 1.75
0, 4373, 1.5
0, 4374, 1.25
0, 4375, 1.0
0, 4376, 0.75
0, 4377, 0.75
0, 4378, 0.75
0, 4379, 0.75
0, 4380, 0.75
0, 4381, 0.75
0, 4382, 0.75
0, 4383, 0.75
0, 4384, 0.75
0, 4385, 0.75
0, 4386, 0.75
0, 4387, 0.75
0, 4388, 0.75
0, 4389, 0.75
0, 4390, 0.75
0, 4391, 0.75
0, 4392, 0.75
0, 4393, 0.75
0, 4394, 0.75
0, 4395, 0.75
0, 4396, 0.75
0, 4397, 0.75
0, 4398, 0.75
0, 4399, 0.75
0, 4400, 0.75
0, 4401, 0.75
0, 4402, 0.75
0, 4403, 0.75
0, 4404, 0.75
0, 4405, 0.75
0, 4406, 0.75
0, 4407, 0.75
0, 4408, 0.75
0, 4409, 0.75
0, 4410, 0.75
0, 4411, 0.75
0, 4412, 0.75
0, 4413, 0.75
0, 4414, 0.75
0, 4415, 0.75
0, 4416, 0.75
0, 4417, 0.75
0, 4418, 0.75
0, 4419, 0.75
0, 4420, 0.75
0, 4421, 0.75
0, 4422, 0.75
0, 4423, 0.75
0, 4424, 0.75
0, 4425, 0.75
0, 4426, 0.75
0, 4427, 0.75
0, 4428, 0.75
0, 4429, 0.75
0, 4430, 0.75
0, 4431, 0.75
0, 4432, 0.75
0, 4433, 0.75
0, 4434, 0.75
0, 4435, 0.75
0, 4436, 0.75
0, 4437, 0.75
0, 4438, 0.75
0, 4439, 0.75
0, 4440, 0.75
0, 4441, 0.75
0, 4442, 0.75
0, 4443, 0.75
0, 4444, 0.75
0, 4445, 0.75
0, 4446, 0.75
0, 4447, 0.75
0, 4448, 0.75
0, 4449, 0.75
0, 4450, 1.0
0, 4451, 1.25
0, 4452, 1.5
0, 4453, 1.25
0, 4454, 1.0
0, 4455, 1.25
0, 4456, 1.5
0, 4457, 1.75
0, 4458, 2.0
0, 4459, 2.25
0, 4460, 2.5
0, 4461, 2.75
0, 4462, 3.0
0, 4463, 3.25
0, 4464, 3.5
0, 4465, 3.75
0, 4466, 4.0
0, 4467, 4.25
0, 4468, 4.5
0, 4469, 4.75
0, 4470, 5.0
0, 4471, 5.25
0, 4472, 5.5
0, 4473, 5.75
0, 4474, 6.0
0, 4475, 6.25
0, 4476, 6.5
0, 4477, 6.75
0, 4478, 7.0
0, 4479, 7.25
0, 4480, 7.5
0, 4481, 7.75
0, 4482, 8.0
0, 4483, 8.25
0, 4484, 8.5
0, 4485, 8.75
0, 4486, 9.0
0, 4487, 9.25
0, 4488, 9.5
0, 4489, 9.75
0, 4490, 10.0
0, 4491, 10.25
0, 4492, 10.5
0, 4493, 10.75
0, 4494, 11.0
0, 4495, 11.25
0, 4496, 11.5
0, 4497, 11.75
0, 4498, 12.0
0, 4499, 12.25
0, 4500, 12.5
0, 4501, 12.75
0, 4502, 13.0
0, 4503, 13.25
0, 4504, 13.5
0, 4505, 13.75
0, 4506, 14.0
0, 4507, 14.25
0, 4508, 14.5
0, 4509, 14.75
0, 4510, 15.0
0, 4511, 15.25
0, 4512, 15.5
0, 4513, 15.75
0, 4514, 16.0
0, 4515, 16.25
0, 4516, 16.5
0, 4517, 16.75
0, 4518, 17.0
0, 4519, 17.25
0, 4520, 17.5
0, 4521, 17.75
0, 4522, 18.0
0, 4523, 18.25
0, 4524, 18.5
0, 4525, 18.75
0, 4526, 19.0
0, 4527, 19.25
0, 4528, 19.5
0, 4529, 19.75
0, 4530, 20.0
0, 4531, 20.25
0, 4532, 20.5
0, 4533, 20.75
0, 4534, 21.0
0, 4535, 21.25
0, 4536, 21.5
0, 4537, 21.75
0, 4538, 22.0
0, 4539, 22.25
0, 4540, 22.5
0, 4541, 22.75
0, 4542, 23.0
0, 4543, 23.25
0, 4544, 23.5
0, 4545, 23.75
0, 4546, 24.0
0, 4547, 24.25
0, 4548, 24.5
0, 4549, 24.75
0, 4550, 25.0
0, 4551, 25.25
0, 4552, 25.5
0, 4553, 25.75
0, 4554, 26.0
0, 4555, 26.25
0, 4556, 26.5
0, 4557, 26.75
0, 4558, 27.0
0, 4559, 27.25
0, 4560, 27.5
0, 4561, 27.75
0, 4562, 28.0
0, 4563, 28.25
0, 4564, 28.5
0, 4565, 28.75
0, 4566, 29.0
0, 4567, 29.25
0, 4568, 29.5
0, 4569, 29.75
0, 4570, 30.0
0, 4571, 30.25
0, 4572, 30.5
0, 4573, 30.75
0, 4574, 31.0
0, 4575, 31.25
0, 4576, 31.5
0, 4577, 31.75
0, 4578, 32.0
0, 4579, 32.25
0, 4580, 32.5
0, 4581, 32.75
0, 4582, 33.0
0, 4583, 33.25
0, 4584, 33.5
0, 4585, 33.75
0, 4586, 34.0
0, 4587, 34.25
0, 4588, 34.5
0, 4589, 34.75
0, 4590, 35.0
0, 4591, 35.25
0, 4592, 35.5
0, 4593, 35.75
0, 4594, 36.0
0, 4595, 36.25
0, 4596, 36.5
0, 4597, 36.75
0, 4598, 37.0
0, 4599, 37.25
0, 4600, 37.5
0, 4601, 37.75
0, 4602, 38.0
0, 4603, 38.25
0, 4604, 38.5
0, 4605, 38.75
0, 4606, 39.0
0, 4607, 39.25
0, 4608, 39.5
0, 4609, 39.75
0, 4610, 40.0
0, 4611, 40.25
0, 4612, 40.5
0, 4613, 40.75
0, 4614, 41.0
0, 4615, 41.25
0, 4616, 41.5
0, 4617, 41.75
0, 4618, 42.0
0, 4619, 42.25
0, 4620, 42.5
0, 4621, 42.25
0, 4622, 42.0
0, 4623, 41.75
0, 4624, 42.0
0, 4625, 41.75
0, 4626, 41.5
0, 4627, 41.25
0, 4628, 41.0
0, 4629, 40.75
0, 4630, 40.5
0, 4631, 40.25
0, 4632, 40.0
0, 4633, 39.75
0, 4634, 39.5
0, 4635, 39.25
0, 4636, 39.0
0, 4637, 38.75
0, 4638, 38.5
0, 4639, 38.25
0, 4640, 38.0
0, 4641, 37.75
0, 4642, 37.5
0, 4643, 37.25
0, 4644, 37.0
0, 4645, 36.75
0, 4646, 36.5
0, 4647, 36.25
0, 4648, 36.0
0, 4649, 35.75
0, 4650, 35.5
0, 4651, 35.25
0, 4652, 35.0
0, 4653, 34.75
0, 4654, 34.5
0, 4655, 34.25
0, 4656, 34.0
0, 4657, 33.75
0, 4658, 33.5
0, 4659, 33.25
0, 4660, 33.0
0, 4661, 32.75
0, 4662, 32.5
0, 4663, 32.25
0, 4664, 32.0
0, 4665, 31.75
0, 4666, 31.5
0, 4667, 31.25
0, 4668, 31.0
0, 4669, 30.75
0, 4670, 30.5
0, 4671, 30.25
0, 4672, 30.0
0, 4673, 29.75
0, 4674, 29.5
0, 4675, 29.25
0, 4676, 29.0
0, 4677, 28.75
0, 4678, 28.5
0, 4679, 28.25
0, 4680, 28.0
0, 4681, 27.75
0, 4682, 27.5
0, 4683, 27.25
0, 4684, 27.0
0, 4685, 26.75
0, 4686, 26.5
0, 4687, 26.25
0, 4688, 26.0
0, 4689, 25.75
0, 4690, 25.5
0, 4691, 25.25
0, 4692, 25.0
0, 4693, 24.75
0, 4694, 24.5
0, 4695, 24.25
0, 4696, 24.0
0, 4697, 23.75
0, 4698, 23.5
0, 4699, 23.25
0, 4700, 23.0
0, 4701, 22.75
0, 4702, 22.5
0, 4703, 22.25
0, 4704, 22.0
0, 4705, 21.75
0, 4706, 21.5
0, 4707, 21.25
0, 4708, 21.0
0, 4709, 20.75
0, 4710, 20.5
0, 4711, 20.25
0, 4712, 20.0
0, 4713, 19.75
0, 4714, 19.5
0, 4715, 19.25
0, 4716, 19.0
0, 4717, 18.75
0, 4718, 18.5
0, 4719, 18.25
0, 4720, 18.0
0, 4721, 17.75
0, 4722, 17.5
0, 4723, 17.25
0, 4724, 17.0
0, 4725, 16.75
0, 4726, 16.5
0, 4727, 16.25
0, 4728, 16.0
0, 4729, 15.75
0, 4730, 15.5
0, 4731, 15.25
0, 4732, 15.0
0, 4733, 14.75
0, 4734, 14.5
0, 4735, 14.25
0, 4736, 14.0
0, 4737, 13.75
0, 4738, 13.5
0, 4739, 13.25
0, 4740, 13.0
0, 4741, 12.75
0, 4742, 12.5
0, 4743, 12.25
0, 4744, 12.0
0, 4745, 11.75
0, 4746, 11.5
0, 4747, 11.25
0, 4748, 11.0
0, 4749, 10.75
0, 4750, 10.5
0, 4751, 10.25
0, 4752, 10.0
0, 4753, 9.75
0, 4754, 9.5
0, 4755, 9.25
0, 4756, 9.0
0, 4757, 8.75
0, 4758, 8.5
0, 4759, 8.25
0, 4760, 8.0
0, 4761, 7.75
0, 4762, 7.5
0, 4763, 7.25
0, 4764, 7.0
0, 4765, 6.75
0, 4766, 6.5
0, 4767, 6.25
0, 4768, 6.0
0, 4769, 5.75
0, 4770, 5.5
0, 4771, 5.25
0, 4772, 5.5
0, 4773, 5.75
0, 4774, 5.5
0, 4775, 5.25
0, 4776, 5.0
0, 4777, 5.25
0, 4778, 5.5
0, 4779, 5.75
0, 4780, 6.0
0, 4781, 6.25
0, 4782, 6.5
0, 4783, 6.75
0, 4784, 7.0
0, 4785, 7.25
0, 4786, 7.5
0, 4787, 7.75
0, 4788, 8.0
0, 4789, 8.25
0, 4790, 8.5
0, 4791, 8.75
0, 4792, 9.0
0, 4793, 9.25
0, 4794, 9.5
0, 4795, 9.75
0, 4796, 10.0
0, 4797, 10.25
0, 4798, 10.5
0, 4799, 10.75
0, 4800, 11.0
0, 4801, 11.25
0, 4802, 11.5
0, 4803, 11.75
0, 4804, 12.0
0, 4805, 12.25
0, 4806, 12.5
0, 4807, 12.75
0, 4808, 13.0
0, 4809, 13.25
0, 4810, 13.5
0, 4811, 13.75
0, 4812, 14.0
0, 4813, 14.25
0, 4814, 14.5
0, 4815, 14.75
0, 4816, 15.0
0, 4817, 15.25
0, 4818, 15.5
0, 4819, 15.75
0, 4820, 16.0
0, 4821, 16.25
0, 4822, 16.5
0, 4823, 16.75
0, 4824, 17.0
0, 4825, 17.25
0, 4826, 17.5
0, 4827, 17.75
0, 4828, 18.0
0, 4829, 18.25
0, 4830, 18.5
0, 4831, 18.75
0, 4832, 19.0
0, 4833, 19.25
0, 4834, 19.5
0, 4835, 19.75
0, 4836, 20.0
0, 4837, 20.25
0, 4838, 20.5
0, 4839, 20.75
0, 4840, 21.0
0, 4841, 21.25
0, 4842, 21.5
0, 4843, 21.75
0, 4844, 22.0
0, 4845, 22.25
0, 4846, 22.5
0, 4847, 22.75
0, 4848, 23.0
0, 4849, 23.25
0, 4850, 23.5
0, 4851, 23.75
0, 4852, 24.0
0, 4853, 24.25
0, 4854, 24.5
0, 4855, 24.75
0, 4856, 25.0
0, 4857, 25.25
0, 4858, 25.5
0, 4859, 25.75
0, 4860, 26.0
0, 4861, 26.25
0, 4862, 26.5
0, 4863, 26.75
0, 4864, 27.0
0, 4865, 27.25
0, 4866, 27.5
0, 4867, 27.75
0, 4868, 28.0
0, 4869, 28.25
0, 4870, 28.5
0, 4871, 28.75
0, 4872, 29.0
0, 4873, 29.25
0, 4874, 29.5
0, 4875, 29.75
0, 4876, 30.0
0, 4877, 30.25
0, 4878, 30.5
0, 4879, 30.75
0, 4880, 31.0
0, 4881, 31.25
0, 4882, 31.5
0, 4883, 31.75
0, 4884, 32.0
0, 4885, 32.25
0, 4886, 32.5
0, 4887, 32.75
0, 4888, 33.0
0, 4889, 33.25
0, 4890, 33.5
0, 4891, 33.75
0, 4892, 34.0
0, 4893, 34.25
0, 4894, 34.5
0, 4895, 34.75
0, 4896, 35.0
0, 4897, 35.25
0, 4898, 35.5
0, 4899, 35.75
0, 4900, 36.0
0, 4901, 36.25
0, 4902, 36.5
0, 4903, 36.75
0, 4904, 37.0
0, 4905, 37.25
0, 4906, 37.5
0, 4907, 37.75
0, 4908, 38.0
0, 4909, 38.25
0, 4910, 38.5
0, 4911, 38.75
0, 4912, 39.0
0, 4913, 39.25
0, 4914, 39.5
0, 4915, 39.75
0, 4916, 40.0
0, 4917, 40.25
0, 4918, 40.5
0, 4919, 40.75
0, 4920, 41.0
0, 4921, 41.25
0, 4922, 41.5
0, 4923, 41.75
0, 4924, 42.0
0, 4925, 42.25
0, 4926, 42.5
0, 4927, 42.75
0, 4928, 43.0
0, 4929, 43.25
0, 4930, 43.5
0, 4931, 43.75
0, 4932, 44.0
0, 4933, 44.25
0, 4934, 44.5
0, 4935, 44.75
0, 4936, 45.0
0, 4937, 45.25
0, 4938, 45.5
0, 4939, 45.75
0, 4940, 46.0
0, 4941, 46.25
0, 4942, 46.5
0, 4943, 46.75
0, 4944, 47.0
0, 4945, 47.25
0, 4946, 47.5
0, 4947, 47.75
0, 4948, 48.0
0, 4949, 48.25
0, 4950, 48.0
0, 4951, 47.75
0, 4952, 47.5
0, 4953, 47.75
0, 4954, 47.5
0, 4955, 47.25
0, 4956, 47.0
0, 4957, 46.75
0, 4958, 46.5
0, 4959, 46.25
0, 4960, 46.0
0, 4961, 45.75
0, 4962, 45.5
0, 4963, 45.25
0, 4964, 45.0
0, 4965, 44.75
0, 4966, 44.5
0, 4967, 44.25
0, 4968, 44.0
0, 4969, 43.75
0, 4970, 43.5
0, 4971, 43.25
0, 4972, 43.0
0, 4973, 42.75
0, 4974, 42.5
0, 4975, 42.25
0, 4976, 42.0
0, 4977, 41.75
0, 4978, 41.5
0, 4979, 41.25
0, 4980, 41.0
0, 4981, 40.75
0, 4982, 40.5
0, 4983, 40.25
0, 4984, 40.0
0, 4985, 39.75
0, 4986, 39.5
0, 4987, 39.25
0, 4988, 39.0
0, 4989, 38.75
0, 4990, 38.5
0, 4991, 38.25
0, 4992, 38.0
0, 4993, 37.75
0, 4994, 37.5
0, 4995, 37.25
0, 4996, 37.0
0, 4997, 36.75
0, 4998, 36.5
0, 4999, 36.25
