Replication, Day, Arrival Amount
0, 0, 30.0
0, 1, 30.25
0, 2, 30.5
0, 3, 30.75
0, 4, 31.0
0, 5, 31.25
0, 6, 31.5
0, 7, 31.75
0, 8, 32.0
0, 9, 32.25
0, 10, 32.5
0, 11, 32.75
0, 12, 33.0
0, 13, 33.25
0, 14, 33.5
0, 15, 33.75
0, 16, 34.0
0, 17, 34.25
0, 18, 34.5
0, 19, 34.75
0, 20, 35.0
0, 21, 35.25
0, 22, 35.5
0, 23, 35.75
0, 24, 36.0
0, 25, 36.25
0, 26, 36.5
0, 27, 36.75
0, 28, 37.0
0, 29, 37.25
0, 30, 37.5
0, 31, 37.75
0, 32, 38.0
0, 33, 38.25
0, 34, 38.5
0, 35, 38.75
0, 36, 39.0
0, 37, 39.25
0, 38, 39.5
0, 39, 39.75
0, 40, 40.0
0, 41, 40.25
0, 42, 40.5
0, 43, 40.75
0, 44, 41.0
0, 45, 41.25
0, 46, 41.5
0, 47, 41.75
0, 48, 42.0
0, 49, 42.25
0, 50, 42.5
0, 51, 42.75
0, 52, 43.0
0, 53, 43.25
0, 54, 43.5
0, 55, 43.75
0, 56, 44.0
0, 57, 44.25
0, 58, 44.5
0, 59, 44.75
0, 60, 45.0
0, 61, 45.25
0, 62, 45.5
0, 63, 45.75
0, 64, 45.5
0, 65, 45.25
0, 66, 45.0
0, 67, 44.75
0, 68, 44.5
0, 69, 44.25
0, 70, 44.0
0, 71, 43.75
0, 72, 43.5
0, 73, 43.25
0, 74, 43.0
0, 75, 42.75
0, 76, 42.5
0, 77, 42.25
0, 78, 42.0
0, 79, 41.75
0, 80, 41.5
0, 81, 41.25
0, 82, 41.0
0, 83, 40.75
0, 84, 40.5
0, 85, 40.25
0, 86, 40.0
0, 87, 39.75
0, 88, 39.5
0, 89, 39.25
0, 90, 39.0
0, 91, 38.75
0, 92, 38.5
0, 93, 38.25
0, 94, 38.0
0, 95, 37.75
0, 96, 37.5
0, 97, 37.25
0, 98, 37.0
0, 99, 36.75
0, 100, 36.5
0, 101, 36.25
0, 102, 36.0
0, 103, 35.75
0, 104, 35.5
0, 105, 35.25
0, 106, 35.0
0, 107, 34.75
0, 108, 34.5
0, 109, 34.25
0, 110, 34.0
0, 111, 33.75
0, 112, 33.5
0, 113, 33.25
0, 114, 33.0
0, 115, 32.75
0, 116, 32.5
0, 117, 32.25
0, 118, 32.0
0, 119, 31.75
0, 120, 31.5
0, 121, 31.25
0, 122, 31.0
0, 123, 30.75
0, 124, 30.5
0, 125, 30.25
0, 126, 30.0
0, 127, 29.75
0, 128, 29.5
0, 129, 29.25
0, 130, 29.0
0, 131, 28.75
0, 132, 28.5
0, 133, 28.25
0, 134, 28.0
0, 135, 27.75
0, 136, 27.5
0, 137, 27.25
0, 138, 27.0
0, 139, 26.75
0, 140, 26.5
0, 141, 26.25
0, 142, 26.0
0, 143, 25.75
0, 144, 25.5
0, 145, 25.25
0, 146, 25.0
0, 147, 24.75
0, 148, 24.5
0, 149, 24.25
0, 150, 24.0
0, 151, 23.75
0, 152, 23.5
0, 153, 23.25
0, 154, 23.0
0, 155, 22.75
0, 156, 22.5
0, 157, 22.25
0, 158, 22.0
0, 159, 21.75
0, 160, 21.5
0, 161, 21.25
0, 162, 21.0
0, 163, 20.75
0, 164, 20.5
0, 165, 20.25
0, 166, 20.0
0, 167, 19.75
0, 168, 19.5
0, 169, 19.25
0, 170, 19.0
0, 171, 18.75
0, 172, 18.5
0, 173, 18.25
0, 174, 18.0
0, 175, 17.75
0, 176, 17.5
0, 177, 17.25
0, 178, 17.0
0, 179, 16.75
0, 180, 16.5
0, 181, 16.25
0, 182, 16.0
0, 183, 15.75
0, 184, 15.5
0, 185, 15.25
0, 186, 15.0
0, 187, 14.75
0, 188, 14.5
0, 189, 14.25
0, 190, 14.0
0, 191, 13.75
0, 192, 13.5
0, 193, 13.25
0, 194, 13.0
0, 195, 12.75
0, 196, 12.5
0, 197, 12.25
0, 198, 12.0
0, 199, 11.75
0, 200, 11.5
0, 201, 11.25
0, 202, 11.0
0, 203, 10.75
0, 204, 10.5
0, 205, 10.25
0, 206, 10.0
0, 207, 9.75
0, 208, 9.5
0, 209, 9.25
0, 210, 9.0
0, 211, 8.75
0, 212, 8.5
0, 213, 8.25
0, 214, 8.0
0, 215, 7.75
0, 216, 7.5
0, 217, 7.25
0, 218, 7.0
0, 219, 6.75
0, 220, 6.5
0, 221, 6.25
0, 222, 6.0
0, 223, 5.75
0, 224, 5.5
0, 225, 5.25
0, 226, 5.0
0, 227, 4.75
0, 228, 4.5
0, 229, 4.25
0, 230, 4.0
0, 231, 3.75
0, 232, 3.5
0, 233, 3.25
0, 234, 3.0
0, 235, 2.75
0, 236, 2.5
0, 237, 2.25
0, 238, 2.0
0, 239, 1.75
0, 240, 1.5
0, 241, 1.25
0, 242, 1.0
0, 243, 0.75
0, 244, 0.75
0, 245, 0.75
0, 246, 0.75
0, 247, 0.75
0, 248, 0.75
0, 249, 0.75
0, 250, 0.75
0, 251, 0.75
0, 252, 0.75
0, 253, 0.75
0, 254, 0.75
0, 255, 0.75
0, 256, 0.75
0, 257, 1.0
0, 258, 1.25
0, 259, 1.5
0, 260, 1.75
0, 261, 2.0
0, 262, 2.25
0, 263, 2.5
0, 264, 2.75
0, 265, 3.0
0, 266, 3.25
0, 267, 3.5
0, 268, 3.75
0, 269, 4.0
0, 270, 4.25
0, 271, 4.5
0, 272, 4.75
0, 273, 5.0
0, 274, 5.25
0, 275, 5.5
0, 276, 5.75
0, 277, 6.0
0, 278, 6.25
0, 279, 6.5
0, 280, 6.75
0, 281, 7.0
0, 282, 7.25
0, 283, 7.5
0, 284, 7.75
0, 285, 8.0
0, 286, 8.25
0, 287, 8.5
0, 288, 8.75
0, 289, 9.0
0, 290, 9.25
0, 291, 9.5
0, 292, 9.75
0, 293, 10.0
0, 294, 10.25
0, 295, 10.5
0, 296, 10.75
0, 297, 11.0
0, 298, 11.25
0, 299, 11.5
0, 300, 11.75
0, 301, 12.0
0, 302, 12.25
0, 303, 12.5
0, 304, 12.75
0, 305, 13.0
0, 306, 13.25
0, 307, 13.5
0, 308, 13.75
0, 309, 14.0
0, 310, 14.25
0, 311, 14.5
0, 312, 14.75
0, 313, 15.0
0, 314, 15.25
0, 315, 15.5
0, 316, 15.75
0, 317, 16.0
0, 318, 16.25
0, 319, 16.5
0, 320, 16.75
0, 321, 17.0
0, 322, 17.25
0, 323, 17.5
0, 324, 17.75
0, 325, 18.0
0, 326, 18.25
0, 327, 18.5
0, 328, 18.75
0, 329, 19.0
0, 330, 19.25
0, 331, 19.5
0, 332, 19.75
0, 333, 20.0
0, 334, 20.25
0, 335, 20.5
0, 336, 20.75
0, 337, 21.0
0, 338, 21.25
0, 339, 21.5
0, 340, 21.75
0, 341, 22.0
0, 342, 22.25
0, 343, 22.5
0, 344, 22.75
0, 345, 23.0
0, 346, 23.25
0, 347, 23.5
0, 348, 23.75
0, 349, 24.0
0, 350, 24.25
0, 351, 24.5
0, 352, 24.75
0, 353, 25.0
0, 354, 25.25
0, 355, 25.5
0, 356, 25.75
0, 357, 26.0
0, 358, 26.25
0, 359, 26.5
0, 360, 26.75
0, 361, 27.0
0, 362, 27.25
0, 363, 27.5
0, 364, 27.75
0, 365, 28.0
0, 366, 28.25
0, 367, 28.5
0, 368, 28.75
0, 369, 29.0
0, 370, 29.25
0, 371, 29.5
0, 372, 29.75
0, 373, 30.0
0, 374, 30.25
0, 375, 30.5
0, 376, 30.75
0, 377, 31.0
0, 378, 31.25
0, 379, 31.5
0, 380, 31.75
0, 381, 32.0
0, 382, 32.25
0, 383, 32.5
0, 384, 32.75
0, 385, 33.0
0, 386, 33.25
0, 387, 33.5
0, 388, 33.75
0, 389, 34.0
0, 390, 34.25
0, 391, 34.5
0, 392, 34.75
0, 393, 34.5
0, 394, 34.25
0, 395, 34.0
0, 396, 33.75
0, 397, 33.5
0, 398, 33.25
0, 399, 33.0
0, 400, 32.75
0, 401, 32.5
0, 402, 32.25
0, 403, 32.0
0, 404, 31.75
0, 405, 31.5
0, 406, 31.25
0, 407, 31.0
0, 408, 30.75
0, 409, 30.5
0, 410, 30.25
0, 411, 30.0
0, 412, 29.75
0, 413, 29.5
0, 414, 29.25
0, 415, 29.0
0, 416, 28.75
0, 417, 28.5
0, 418, 28.25
0, 419, 28.0
0, 420, 27.75
0, 421, 27.5
0, 422, 27.25
0, 423, 27.0
0, 424, 26.75
0, 425, 26.5
0, 426, 26.25
0, 427, 26.0
0, 428, 25.75
0, 429, 25.5
0, 430, 25.25
0, 431, 25.0
0, 432, 24.75
0, 433, 24.5
0, 434, 24.25
0, 435, 24.0
0, 436, 23.75
0, 437, 23.5
0, 438, 23.25
0, 439, 23.0
0, 440, 22.75
0, 441, 22.5
0, 442, 22.25
0, 443, 22.0
0, 444, 21.75
0, 445, 21.5
0, 446, 21.25
0, 447, 21.0
0, 448, 20.75
0, 449, 20.5
0, 450, 20.25
0, 451, 20.0
0, 452, 19.75
0, 453, 19.5
0, 454, 19.25
0, 455, 19.0
0, 456, 18.75
0, 457, 18.5
0, 458, 18.25
0, 459, 18.0
0, 460, 17.75
0, 461, 17.5
0, 462, 17.25
0, 463, 17.0
0, 464, 16.75
0, 465, 16.5
0, 466, 16.25
0, 467, 16.0
0, 468, 15.75
0, 469, 15.5
0, 470, 15.25
0, 471, 15.0
0, 472, 14.75
0, 473, 14.5
0, 474, 14.25
0, 475, 14.0
0, 476, 13.75
0, 477, 13.5
0, 478, 13.25
0, 479, 13.0
0, 480, 12.75
0, 481, 12.5
0, 482, 12.25
0, 483, 12.0
0, 484, 11.75
0, 485, 11.5
0, 486, 11.25
0, 487, 11.0
0, 488, 10.75
0, 489, 10.5
0, 490, 10.25
0, 491, 10.0
0, 492, 9.75
0, 493, 9.5
0, 494, 9.25
0, 495, 9.0
0, 496, 8.75
0, 497, 8.5
0, 498, 8.25
0, 499, 8.0
0, 500, 7.75
0, 501, 7.5
0, 502, 7.25
0, 503, 7.0
0, 504, 6.75
0, 505, 6.5
0, 506, 6.25
0, 507, 6.0
0, 508, 5.75
0, 509, 5.5
0, 510, 5.25
0, 511, 5.0
0, 512, 4.75
0, 513, 4.5
0, 514, 4.25
0, 515, 4.0
0, 516, 3.75
0, 517, 3.5
0, 518, 3.25
0, 519, 3.0
0, 520, 2.75
0, 521, 2.5
0, 522, 2.25
0, 523, 2.0
0, 524, 1.75
0, 525, 1.5
0, 526, 1.25
0, 527, 1.0
0, 528, 0.75
0, 529, 0.75
0, 530, 0.75
0, 531, 0.75
0, 532, 0.75
0, 533, 0.75
0, 534, 0.75
0, 535, 0.75
0, 536, 0.75
0, 537, 0.75
0, 538, 0.75
0, 539, 0.75
0, 540, 0.75
0, 541, 0.75
0, 542, 0.75
0, 543, 0.75
0, 544, 0.75
0, 545, 0.75
0, 546, 0.75
0, 547, 0.75
0, 548, 0.75
0, 549, 0.75
0, 550, 0.75
0, 551, 0.75
0, 552, 0.75
0, 553, 0.75
0, 554, 0.75
0, 555, 0.75
0, 556, 0.75
0, 557, 0.75
0, 558, 0.75
0, 559, 0.75
0, 560, 0.75
0, 561, 0.75
0, 562, 0.75
0, 563, 0.75
0, 564, 0.75
0, 565, 0.75
0, 566, 0.75
0, 567, 0.75
0, 568, 0.75
0, 569, 0.75
0, 570, 0.75
0, 571, 0.75
0, 572, 0.75
0, 573, 0.75
0, 574, 0.75
0, 575, 0.75
0, 576, 0.75
0, 577, 0.75
0, 578, 0.75
0, 579, 0.75
0, 580, 0.75
0, 581, 0.75
0, 582, 0.75
0, 583, 0.75
0, 584, 0.75
0, 585, 0.75
0, 586, 0.75
0, 587, 0.75
0, 588, 0.75
0, 589, 0.75
0, 590, 0.75
0, 591, 0.75
0, 592, 0.75
0, 593, 0.75
0, 594, 0.75
0, 595, 0.75
0, 596, 0.75
0, 597, 0.75
0, 598, 0.75
0, 599, 0.75
0, 600, 0.75
0, 601, 0.75
0, 602, 0.75
0, 603, 0.75
0, 604, 0.75
0, 605, 0.75
0, 606, 0.75
0, 607, 0.75
0, 608, 0.75
0, 609, 0.75
0, 610, 0.75
0, 611, 0.75
0, 612, 0.75
0, 613, 0.75
0, 614, 0.75
0, 615, 0.75
0, 616, 0.75
0, 617, 0.75
0, 618, 0.75
0, 619, 0.75
0, 620, 0.75
0, 621, 0.75
0, 622, 0.75
0, 623, 0.75
0, 624, 0.75
0, 625, 0.75
0, 626, 0.75
0, 627, 0.75
0, 628, 0.75
0, 629, 0.75
0, 630, 0.75
0, 631, 0.75
0, 632, 0.75
0, 633, 0.75
0, 634, 0.75
0, 635, 0.75
0, 636, 0.75
0, 637, 0.75
0, 638, 0.75
0, 639, 0.75
0, 640, 0.75
0, 641, 0.75
0, 642, 0.75
0, 643, 0.75
0, 644, 0.75
0, 645, 0.75
0, 646, 0.75
0, 647, 0.75
0, 648, 0.75
0, 649, 0.75
0, 650, 0.75
0, 651, 0.75
0, 652, 0.75
0, 653, 0.75
0, 654, 0.75
0, 655, 0.75
0, 656, 0.75
0, 657, 0.75
0, 658, 0.75
0, 659, 0.75
0, 660, 0.75
0, 661, 0.75
0, 662, 0.75
0, 663, 0.75
0, 664, 0.75
0, 665, 0.75
0, 666, 0.75
0, 667, 0.75
0, 668, 0.75
0, 669, 0.75
0, 670, 0.75
0, 671, 0.75
0, 672, 0.75
0, 673, 0.75
0, 674, 0.75
0, 675, 0.75
0, 676, 0.75
0, 677, 0.75
0, 678, 0.75
0, 679, 0.75
0, 680, 0.75
0, 681, 0.75
0, 682, 0.75
0, 683, 0.75
0, 684, 0.75
0, 685, 0.75
0, 686, 0.75
0, 687, 0.75
0, 688, 0.75
0, 689, 0.75
0, 690, 0.75
0, 691, 0.75
0, 692, 0.75
0, 693, 0.75
0, 694, 0.75
0, 695, 0.75
0, 696, 0.75
0, 697, 0.75
0, 698, 0.75
0, 699, 0.75
0, 700, 0.75
0, 701, 0.75
0, 702, 0.75
0, 703, 0.75
0, 704, 0.75
0, 705, 0.75
0, 706, 0.75
0, 707, 0.75
0, 708, 0.75
0, 709, 0.75
0, 710, 0.75
0, 711, 0.75
0, 712, 0.75
0, 713, 0.75
0, 714, 0.75
0, 715, 0.75
0, 716, 0.75
0, 717, 0.75
0, 718, 0.75
0, 719, 0.75
0, 720, 0.75
0, 721, 0.75
0, 722, 0.75
0, 723, 0.75
0, 724, 0.75
0, 725, 0.75
0, 726, 0.75
0, 727, 0.75
0, 728, 0.75
0, 729, 0.75
0, 730, 0.75
0, 731, 0.75
0, 732, 0.75
0, 733, 0.75
0, 734, 0.75
0, 735, 0.75
0, 736, 0.75
0, 737, 0.75
0, 738, 0.75
0, 739, 0.75
0, 740, 0.75
0, 741, 0.75
0, 742, 0.75
0, 743, 0.75
0, 744, 0.75
0, 745, 0.75
0, 746, 0.75
0, 747, 0.75
0, 748, 0.75
0, 749, 0.75
0, 750, 0.75
0, 751, 0.75
0, 752, 0.75
0, 753, 0.75
0, 754, 0.75
0, 755, 0.75
0, 756, 0.75
0, 757, 0.75
0, 758, 0.75
0, 759, 0.75
0, 760, 0.75
0, 761, 0.75
0, 762, 0.75
0, 763, 0.75
0, 764, 0.75
0, 765, 0.75
0, 766, 0.75
0, 767, 0.75
0, 768, 0.75
0, 769, 0.75
0, 770, 0.75
0, 771, 0.75
0, 772, 0.75
0, 773, 0.75
0, 774, 0.75
0, 775, 0.75
0, 776, 0.75
0, 777, 0.75
0, 778, 0.75
0, 779, 0.75
0, 780, 0.75
0, 781, 0.75
0, 782, 0.75
0, 783, 0.75
0, 784, 0.75
0, 785, 0.75
0, 786, 0.75
0, 787, 0.75
0, 788, 0.75
0, 789, 0.75
0, 790, 0.75
0, 791, 0.75
0, 792, 0.75
0, 793, 0.75
0, 794, 0.75
0, 795, 0.75
0, 796, 0.75
0, 797, 0.75
0, 798, 0.75
0, 799, 0.75
0, 800, 0.75
0, 801, 0.75
0, 802, 0.75
0, 803, 0.75
0, 804, 0.75
0, 805, 0.75
0, 806, 0.75
0, 807, 0.75
0, 808, 0.75
0, 809, 0.75
0, 810, 0.75
0, 811, 0.75
0, 812, 0.75
0, 813, 0.75
0, 814, 0.75
0, 815, 0.75
0, 816, 0.75
0, 817, 0.75
0, 818, 0.75
0, 819, 0.75
0, 820, 0.75
0, 821, 0.75
0, 822, 0.75
0, 823, 0.75
0, 824, 0.75
0, 825, 0.75
0, 826, 0.75
0, 827, 0.75
0, 828, 0.75
0, 829, 0.75
0, 830, 0.75
0, 831, 0.75
0, 832, 0.75
0, 833, 0.75
0, 834, 0.75
0, 835, 0.75
0, 836, 0.75
0, 837, 0.75
0, 838, 0.75
0, 839, 0.75
0, 840, 0.75
0, 841, 0.75
0, 842, 0.75
0, 843, 0.75
0, 844, 0.75
0, 845, 0.75
0, 846, 0.75
0, 847, 0.75
0, 848, 0.75
0, 849, 0.75
0, 850, 0.75
0, 851, 0.75
0, 852, 0.75
0, 853, 0.75
0, 854, 0.75
0, 855, 0.75
0, 856, 0.75
0, 857, 0.75
0, 858, 0.75
0, 859, 0.75
0, 860, 0.75
0, 861, 0.75
0, 862, 0.75
0, 863, 0.75
0, 864, 0.75
0, 865, 0.75
0, 866, 0.75
0, 867, 0.75
0, 868, 0.75
0, 869, 0.75
0, 870, 0.75
0, 871, 0.75
0, 872, 0.75
0, 873, 0.75
0, 874, 0.75
0, 875, 0.75
0, 876, 0.75
0, 877, 0.75
0, 878, 0.75
0, 879, 0.75
0, 880, 0.75
0, 881, 0.75
0, 882, 0.75
0, 883, 0.75
0, 884, 0.75
0, 885, 0.75
0, 886, 0.75
0, 887, 0.75
0, 888, 0.75
0, 889, 0.75
0, 890, 0.75
0, 891, 0.75
0, 892, 0.75
0, 893, 0.75
0, 894, 0.75
0, 895, 0.75
0, 896, 0.75
0, 897, 0.75
0, 898, 0.75
0, 899, 0.75
0, 900, 0.75
0, 901, 0.75
0, 902, 0.75
0, 903, 0.75
0, 904, 0.75
0, 905, 0.75
0, 906, 0.75
0, 907, 0.75
0, 908, 0.75
0, 909, 0.75
0, 910, 0.75
0, 911, 0.75
0, 912, 0.75
0, 913, 0.75
0, 914, 0.75
0, 915, 0.75
0, 916, 0.75
0, 917, 0.75
0, 918, 0.75
0, 919, 0.75
0, 920, 0.75
0, 921, 0.75
0, 922, 0.75
0, 923, 0.75
0, 924, 0.75
0, 925, 0.75
0, 926, 0.75
0, 927, 0.75
0, 928, 0.75
0, 929, 0.75
0, 930, 0.75
0, 931, 0.75
0, 932, 0.75
0, 933, 0.75
0, 934, 0.75
0, 935, 0.75
0, 936, 0.75
0, 937, 0.75
0, 938, 0.75
0, 939, 0.75
0, 940, 0.75
0, 941, 0.75
0, 942, 0.75
0, 943, 0.75
0, 944, 0.75
0, 945, 0.75
0, 946, 0.75
0, 947, 0.75
0, 948, 0.75
0, 949, 0.75
0, 950, 0.75
0, 951, 0.75
0, 952, 0.75
0, 953, 0.75
0, 954, 0.75
0, 955, 0.75
0, 956, 0.75
0, 957, 0.75
0, 958, 0.75
0, 959, 0.75
0, 960, 0.75
0, 961, 0.75
0, 962, 0.75
0, 963, 0.75
0, 964, 0.75
0, 965, 0.75
0, 966, 0.75
0, 967, 0.75
0, 968, 0.75
0, 969, 0.75
0, 970, 0.75
0, 971, 0.75
0, 972, 0.75
0, 973, 0.75
0, 974, 0.75
0, 975, 0.75
0, 976, 0.75
0, 977, 0.75
0, 978, 0.75
0, 979, 0.75
0, 980, 0.75
0, 981, 0.75
0, 982, 0.75
0, 983, 0.75
0, 984, 0.75
0, 985, 0.75
0, 986, 0.75
0, 987, 0.75
0, 988, 0.75
0, 989, 0.75
0, 990, 0.75
0, 991, 0.75
0, 992, 0.75
0, 993, 0.75
0, 994, 0.75
0, 995, 0.75
0, 996, 0.75
0, 997, 0.75
0, 998, 0.75
0, 999, 0.75
0, 1000, 0.75
0, 1001, 0.75
0, 1002, 0.75
0, 1003, 0.75
0, 1004, 0.75
0, 1005, 0.75
0, 1006, 0.75
0, 1007, 0.75
0, 1008, 0.75
0, 1009, 0.75
0, 1010, 0.75
0, 1011, 0.75
0, 1012, 0.75
0, 1013, 0.75
0, 1014, 0.75
0, 1015, 0.75
0, 1016, 0.75
0, 1017, 0.75
0, 1018, 0.75
0, 1019, 0.75
0, 1020, 0.75
0, 1021, 0.75
0, 1022, 0.75
0, 1023, 0.75
0, 1024, 0.75
0, 1025, 0.75
0, 1026, 0.75
0, 1027, 0.75
0, 1028, 0.75
0, 1029, 0.75
0, 1030, 0.75
0, 1031, 0.75
0, 1032, 0.75
0, 1033, 0.75
0, 1034, 0.75
0, 1035, 0.75
0, 1036, 0.75
0, 1037, 0.75
0, 1038, 0.75
0, 1039, 0.75
0, 1040, 0.75
0, 1041, 0.75
0, 1042, 0.75
0, 1043, 0.75
0, 1044, 0.75
0, 1045, 0.75
0, 1046, 0.75
0, 1047, 0.75
0, 1048, 0.75
0, 1049, 0.75
0, 1050, 0.75
0, 1051, 0.75
0, 1052, 0.75
0, 1053, 0.75
0, 1054, 0.75
0, 1055, 0.75
0, 1056, 0.75
0, 1057, 0.75
0, 1058, 0.75
0, 1059, 0.75
0, 1060, 0.75
0, 1061, 0.75
0, 1062, 0.75
0, 1063, 0.75
0, 1064, 0.75
0, 1065, 0.75
0, 1066, 0.75
0, 1067, 0.75
0, 1068, 0.75
0, 1069, 0.75
0, 1070, 0.75
0, 1071, 0.75
0, 1072, 0.75
0, 1073, 0.75
0, 1074, 0.75
0, 1075, 0.75
0, 1076, 0.75
0, 1077, 0.75
0, 1078, 0.75
0, 1079, 0.75
0, 1080, 0.75
0, 1081, 0.75
0, 1082, 0.75
0, 1083, 0.75
0, 1084, 0.75
0, 1085, 0.75
0, 1086, 0.75
0, 1087, 0.75
0, 1088, 0.75
0, 1089, 0.75
0, 1090, 0.75
0, 1091, 0.75
0, 1092, 0.75
0, 1093, 0.75
0, 1094, 0.75
0, 1095, 0.75
0, 1096, 0.75
0, 1097, 0.75
0, 1098, 0.75
0, 1099, 0.75
0, 1100, 0.75
0, 1101, 0.75
0, 1102, 0.75
0, 1103, 0.75
0, 1104, 0.75
0, 1105, 0.75
0, 1106, 0.75
0, 1107, 0.75
0, 1108, 0.75
0, 1109, 0.75
0, 1110, 0.75
0, 1111, 0.75
0, 1112, 0.75
0, 1113, 0.75
0, 1114, 0.75
0, 1115, 0.75
0, 1116, 0.75
0, 1117, 0.75
0, 1118, 0.75
0, 1119, 0.75
0, 1120, 0.75
0, 1121, 0.75
0, 1122, 0.75
0, 1123, 0.75
0, 1124, 0.75
0, 1125, 0.75
0, 1126, 0.75
0, 1127, 0.75
0, 1128, 0.75
0, 1129, 0.75
0, 1130, 0.75
0, 1131, 0.75
0, 1132, 0.75
0, 1133, 0.75
0, 1134, 0.75
0, 1135, 0.75
0, 1136, 0.75
0, 1137, 0.75
0, 1138, 0.75
0, 1139, 0.75
0, 1140, 0.75
0, 1141, 0.75
0, 1142, 0.75
0, 1143, 0.75
0, 1144, 0.75
0, 1145, 0.75
0, 1146, 0.75
0, 1147, 0.75
0, 1148, 0.75
0, 1149, 0.75
0, 1150, 0.75
0, 1151, 0.75
0, 1152, 0.75
0, 1153, 0.75
0, 1154, 0.75
0, 1155, 0.75
0, 1156, 0.75
0, 1157, 0.75
0, 1158, 0.75
0, 1159, 0.75
0, 1160, 0.75
0, 1161, 0.75
0, 1162, 0.75
0, 1163, 0.75
0, 1164, 0.75
0, 1165, 0.75
0, 1166, 0.75
0, 1167, 0.75
0, 1168, 0.75
0, 1169, 0.75
0, 1170, 0.75
0, 1171, 0.75
0, 1172, 0.75
0, 1173, 1.0
0, 1174, 1.25
0, 1175, 1.5
0, 1176, 1.25
0, 1177, 1.0
0, 1178, 0.75
0, 1179, 0.75
0, 1180, 1.0
0, 1181, 1.25
0, 1182, 1.5
0, 1183, 1.75
0, 1184, 1.5
0, 1185, 1.25
0, 1186, 1.5
0, 1187, 1.75
0, 1188, 2.0
0, 1189, 2.25
0, 1190, 2.5
0, 1191, 2.25
0, 1192, 2.5
0, 1193, 2.75
0, 1194, 3.0
0, 1195, 3.25
0, 1196, 3.5
0, 1197, 3.75
0, 1198, 4.0
0, 1199, 4.25
0, 1200, 4.5
0, 1201, 4.75
0, 1202, 5.0
0, 1203, 5.25
0, 1204, 5.5
0, 1205, 5.75
0, 1206, 6.0
0, 1207, 6.25
0, 1208, 6.5
0, 1209, 6.75
0, 1210, 7.0
0, 1211, 7.25
0, 1212, 7.5
0, 1213, 7.75
0, 1214, 8.0
0, 1215, 8.25
0, 1216, 8.5
0, 1217, 8.75
0, 1218, 9.0
0, 1219, 9.25
0, 1220, 9.5
0, 1221, 9.75
0, 1222, 10.0
0, 1223, 10.25
0, 1224, 10.5
0, 1225, 10.75
0, 1226, 11.0
0, 1227, 11.25
0, 1228, 11.5
0, 1229, 11.75
0, 1230, 12.0
0, 1231, 12.25
0, 1232, 12.5
0, 1233, 12.75
0, 1234, 13.0
0, 1235, 13.25
0, 1236, 13.5
0, 1237, 13.75
0, 1238, 14.0
0, 1239, 14.25
0, 1240, 14.5
0, 1241, 14.75
0, 1242, 15.0
0, 1243, 15.25
0, 1244, 15.5
0, 1245, 15.75
0, 1246, 16.0
0, 1247, 15.75
0, 1248, 15.5
0, 1249, 15.25
0, 1250, 15.5
0, 1251, 15.25
0, 1252, 15.0
0, 1253, 14.75
0, 1254, 14.5
0, 1255, 14.25
0, 1256, 14.0
0, 1257, 13.75
0, 1258, 13.5
0, 1259, 13.25
0, 1260, 13.0
0, 1261, 12.75
0, 1262, 12.5
0, 1263, 12.25
0, 1264, 12.0
0, 1265, 11.75
0, 1266, 11.5
0, 1267, 11.25
0, 1268, 11.0
0, 1269, 10.75
0, 1270, 10.5
0, 1271, 10.25
0, 1272, 10.0
0, 1273, 9.75
0, 1274, 9.5
0, 1275, 9.25
0, 1276, 9.0
0, 1277, 8.75
0, 1278, 8.5
0, 1279, 8.25
0, 1280, 8.0
0, 1281, 7.75
0, 1282, 7.5
0, 1283, 7.25
0, 1284, 7.0
0, 1285, 6.75
0, 1286, 6.5
0, 1287, 6.25
0, 1288, 6.0
0, 1289, 5.75
0, 1290, 5.5
0, 1291, 5.25
0, 1292, 5.0
0, 1293, 4.75
0, 1294, 4.5
0, 1295, 4.25
0, 1296, 4.0
0, 1297, 3.75
0, 1298, 3.5
0, 1299, 3.25
0, 1300, 3.0
0, 1301, 3.25
0, 1302, 3.0
0, 1303, 2.75
0, 1304, 2.5
0, 1305, 2.25
0, 1306, 2.5
0, 1307, 2.75
0, 1308, 3.0
0, 1309, 3.25
0, 1310, 3.5
0, 1311, 3.75
0, 1312, 4.0
0, 1313, 4.25
0, 1314, 4.5
0, 1315, 4.75
0, 1316, 5.0
0, 1317, 5.25
0, 1318, 5.5
0, 1319, 5.75
0, 1320, 6.0
0, 1321, 6.25
0, 1322, 6.5
0, 1323, 6.75
0, 1324, 7.0
0, 1325, 7.25
0, 1326, 7.5
0, 1327, 7.75
0, 1328, 8.0
0, 1329, 8.25
0, 1330, 8.5
0, 1331, 8.75
0, 1332, 9.0
0, 1333, 9.25
0, 1334, 9.5
0, 1335, 9.75
0, 1336, 10.0
0, 1337, 10.25
0, 1338, 10.5
0, 1339, 10.75
0, 1340, 11.0
0, 1341, 11.25
0, 1342, 11.5
0, 1343, 11.75
0, 1344, 12.0
0, 1345, 12.25
0, 1346, 12.5
0, 1347, 12.75
0, 1348, 13.0
0, 1349, 13.25
0, 1350, 13.5
0, 1351, 13.75
0, 1352, 14.0
0, 1353, 14.25
0, 1354, 14.5
0, 1355, 14.75
0, 1356, 15.0
0, 1357, 15.25
0, 1358, 15.5
0, 1359, 15.75
0, 1360, 16.0
0, 1361, 16.25
0, 1362, 16.5
0, 1363, 16.75
0, 1364, 17.0
0, 1365, 17.25
0, 1366, 17.5
0, 1367, 17.75
0, 1368, 18.0
0, 1369, 18.25
0, 1370, 18.5
0, 1371, 18.75
0, 1372, 19.0
0, 1373, 18.75
0, 1374, 18.5
0, 1375, 18.25
0, 1376, 18.0
0, 1377, 17.75
0, 1378, 17.5
0, 1379, 17.25
0, 1380, 17.0
0, 1381, 16.75
0, 1382, 16.5
0, 1383, 16.25
0, 1384, 16.0
0, 1385, 15.75
0, 1386, 15.5
0, 1387, 15.25
0, 1388, 15.0
0, 1389, 14.75
0, 1390, 14.5
0, 1391, 14.25
0, 1392, 14.0
0, 1393, 13.75
0, 1394, 13.5
0, 1395, 13.25
0, 1396, 13.0
0, 1397, 12.75
0, 1398, 12.5
0, 1399, 12.25
0, 1400, 12.0
0, 1401, 11.75
0, 1402, 11.5
0, 1403, 11.25
0, 1404, 11.0
0, 1405, 10.75
0, 1406, 10.5
0, 1407, 10.25
0, 1408, 10.0
0, 1409, 9.75
0, 1410, 9.5
0, 1411, 9.25
0, 1412, 9.0
0, 1413, 8.75
0, 1414, 8.5
0, 1415, 8.25
0, 1416, 8.0
0, 1417, 7.75
0, 1418, 8.0
0, 1419, 8.25
0, 1420, 8.5
0, 1421, 8.75
0, 1422, 9.0
0, 1423, 9.25
0, 1424, 9.5
0, 1425, 9.75
0, 1426, 10.0
0, 1427, 10.25
0, 1428, 10.5
0, 1429, 10.75
0, 1430, 11.0
0, 1431, 11.25
0, 1432, 11.5
0, 1433, 11.75
0, 1434, 12.0
0, 1435, 12.25
0, 1436, 12.5
0, 1437, 12.75
0, 1438, 13.0
0, 1439, 13.25
0, 1440, 13.5
0, 1441, 13.75
0, 1442, 14.0
0, 1443, 14.25
0, 1444, 14.5
0, 1445, 14.75
0, 1446, 15.0
0, 1447, 15.25
0, 1448, 15.5
0, 1449, 15.75
0, 1450, 16.0
0, 1451, 16.25
0, 1452, 16.5
0, 1453, 16.75
0, 1454, 17.0
0, 1455, 17.25
0, 1456, 17.5
0, 1457, 17.75
0, 1458, 18.0
0, 1459, 18.25
0, 1460, 18.5
0, 1461, 18.75
0, 1462, 19.0
0, 1463, 19.25
0, 1464, 19.5
0, 1465, 19.75
0, 1466, 20.0
0, 1467, 20.25
0, 1468, 20.5
0, 1469, 20.75
0, 1470, 21.0
0, 1471, 21.25
0, 1472, 21.5
0, 1473, 21.75
0, 1474, 22.0
0, 1475, 22.25
0, 1476, 22.5
0, 1477, 22.75
0, 1478, 23.0
0, 1479, 23.25
0, 1480, 23.5
0, 1481, 23.75
0, 1482, 24.0
0, 1483, 24.25
0, 1484, 24.5
0, 1485, 24.75
0, 1486, 25.0
0, 1487, 25.25
0, 1488, 25.5
0, 1489, 25.75
0, 1490, 26.0
0, 1491, 26.25
0, 1492, 26.5
0, 1493, 26.75
0, 1494, 27.0
0, 1495, 27.25
0, 1496, 27.5
0, 1497, 27.75
0, 1498, 28.0
0, 1499, 28.25
0, 1500, 28.5
0, 1501, 28.75
0, 1502, 29.0
0, 1503, 29.25
0, 1504, 29.5
0, 1505, 29.75
0, 1506, 29.5
0, 1507, 29.25
0, 1508, 29.0
0, 1509, 28.75
0, 1510, 28.5
0, 1511, 28.25
0, 1512, 28.0
0, 1513, 27.75
0, 1514, 27.5
0, 1515, 27.25
0, 1516, 27.0
0, 1517, 26.75
0, 1518, 26.5
0, 1519, 26.25
0, 1520, 26.0
0, 1521, 25.75
0, 1522, 25.5
0, 1523, 25.25
0, 1524, 25.0
0, 1525, 24.75
0, 1526, 24.5
0, 1527, 24.25
0, 1528, 24.0
0, 1529, 23.75
0, 1530, 23.5
0, 1531, 23.25
0, 1532, 23.0
0, 1533, 22.75
0, 1534, 22.5
0, 1535, 22.25
0, 1536, 22.0
0, 1537, 21.75
0, 1538, 21.5
0, 1539, 21.25
0, 1540, 21.0
0, 1541, 20.75
0, 1542, 20.5
0, 1543, 20.25
0, 1544, 20.0
0, 1545, 19.75
0, 1546, 19.5
0, 1547, 19.25
0, 1548, 19.0
0, 1549, 18.75
0, 1550, 18.5
0, 1551, 18.25
0, 1552, 18.0
0, 1553, 17.75
0, 1554, 17.5
0, 1555, 17.25
0, 1556, 17.0
0, 1557, 16.75
0, 1558, 16.5
0, 1559, 16.25
0, 1560, 16.0
0, 1561, 15.75
0, 1562, 15.5
0, 1563, 15.25
0, 1564, 15.0
0, 1565, 14.75
0, 1566, 14.5
0, 1567, 14.25
0, 1568, 14.0
0, 1569, 13.75
0, 1570, 13.5
0, 1571, 13.25
0, 1572, 13.0
0, 1573, 12.75
0, 1574, 12.5
0, 1575, 12.25
0, 1576, 12.0
0, 1577, 11.75
0, 1578, 11.5
0, 1579, 11.25
0, 1580, 11.0
0, 1581, 10.75
0, 1582, 10.5
0, 1583, 10.25
0, 1584, 10.0
0, 1585, 9.75
0, 1586, 9.5
0, 1587, 9.25
0, 1588, 9.0
0, 1589, 8.75
0, 1590, 8.5
0, 1591, 8.25
0, 1592, 8.0
0, 1593, 8.25
0, 1594, 8.5
0, 1595, 8.75
0, 1596, 9.0
0, 1597, 9.25
0, 1598, 9.5
0, 1599, 9.75
0, 1600, 10.0
0, 1601, 10.25
0, 1602, 10.5
0, 1603, 10.75
0, 1604, 11.0
0, 1605, 11.25
0, 1606, 11.5
0, 1607, 11.75
0, 1608, 12.0
0, 1609, 12.25
0, 1610, 12.5
0, 1611, 12.75
0, 1612, 13.0
0, 1613, 13.25
0, 1614, 13.5
0, 1615, 13.75
0, 1616, 14.0
0, 1617, 14.25
0, 1618, 14.5
0, 1619, 14.75
0, 1620, 15.0
0, 1621, 15.25
0, 1622, 15.5
0, 1623, 15.75
0, 1624, 16.0
0, 1625, 16.25
0, 1626, 16.5
0, 1627, 16.75
0, 1628, 17.0
0, 1629, 17.25
0, 1630, 17.5
0, 1631, 17.75
0, 1632, 18.0
0, 1633, 18.25
0, 1634, 18.5
0, 1635, 18.75
0, 1636, 19.0
0, 1637, 19.25
0, 1638, 19.5
0, 1639, 19.25
0, 1640, 19.0
0, 1641, 18.75
0, 1642, 19.0
0, 1643, 19.25
0, 1644, 19.5
0, 1645, 19.25
0, 1646, 19.0
0, 1647, 18.75
0, 1648, 18.5
0, 1649, 18.25
0, 1650, 18.0
0, 1651, 17.75
0, 1652, 17.5
0, 1653, 17.25
0, 1654, 17.0
0, 1655, 16.75
0, 1656, 16.5
0, 1657, 16.25
0, 1658, 16.0
0, 1659, 15.75
0, 1660, 15.5
0, 1661, 15.25
0, 1662, 15.0
0, 1663, 14.75
0, 1664, 14.5
0, 1665, 14.25
0, 1666, 14.0
0, 1667, 13.75
0, 1668, 13.5
0, 1669, 13.25
0, 1670, 13.0
0, 1671, 12.75
0, 1672, 12.5
0, 1673, 12.25
0, 1674, 12.0
0, 1675, 11.75
0, 1676, 11.5
0, 1677, 11.25
0, 1678, 11.0
0, 1679, 10.75
0, 1680, 10.5
0, 1681, 10.25
0, 1682, 10.0
0, 1683, 9.75
0, 1684, 9.5
0, 1685, 9.25
0, 1686, 9.0
0, 1687, 8.75
0, 1688, 8.5
0, 1689, 8.25
0, 1690, 8.0
0, 1691, 7.75
0, 1692, 8.0
0, 1693, 8.25
0, 1694, 8.5
0, 1695, 8.25
0, 1696, 8.5
0, 1697, 8.75
0, 1698, 9.0
0, 1699, 9.25
0, 1700, 9.5
0, 1701, 9.75
0, 1702, 10.0
0, 1703, 10.25
0, 1704, 10.5
0, 1705, 10.75
0, 1706, 11.0
0, 1707, 11.25
0, 1708, 11.5
0, 1709, 11.75
0, 1710, 12.0
0, 1711, 12.25
0, 1712, 12.5
0, 1713, 12.75
0, 1714, 13.0
0, 1715, 13.25
0, 1716, 13.5
0, 1717, 13.75
0, 1718, 14.0
0, 1719, 14.25
0, 1720, 14.5
0, 1721, 14.75
0, 1722, 15.0
0, 1723, 15.25
0, 1724, 15.5
0, 1725, 15.75
0, 1726, 16.0
0, 1727, 16.25
0, 1728, 16.5
0, 1729, 16.75
0, 1730, 17.0
0, 1731, 17.25
0, 1732, 17.5
0, 1733, 17.75
0, 1734, 18.0
0, 1735, 18.25
0, 1736, 18.5
0, 1737, 18.75
0, 1738, 19.0
0, 1739, 19.25
0, 1740, 19.5
0, 1741, 19.75
0, 1742, 20.0
0, 1743, 20.25
0, 1744, 20.5
0, 1745, 20.75
0, 1746, 21.0
0, 1747, 21.25
0, 1748, 21.5
0, 1749, 21.75
0, 1750, 22.0
0, 1751, 22.25
0, 1752, 22.5
0, 1753, 22.75
0, 1754, 23.0
0, 1755, 23.25
0, 1756, 23.5
0, 1757, 23.75
0, 1758, 23.5
0, 1759, 23.25
0, 1760, 23.0
0, 1761, 22.75
0, 1762, 22.5
0, 1763, 22.25
0, 1764, 22.0
0, 1765, 21.75
0, 1766, 21.5
0, 1767, 21.25
0, 1768, 21.0
0, 1769, 20.75
0, 1770, 20.5
0, 1771, 20.25
0, 1772, 20.0
0, 1773, 19.75
0, 1774, 19.5
0, 1775, 19.25
0, 1776, 19.0
0, 1777, 18.75
0, 1778, 18.5
0, 1779, 18.25
0, 1780, 18.0
0, 1781, 17.75
0, 1782, 17.5
0, 1783, 17.25
0, 1784, 17.0
0, 1785, 16.75
0, 1786, 16.5
0, 1787, 16.25
0, 1788, 16.0
0, 1789, 15.75
0, 1790, 15.5
0, 1791, 15.25
0, 1792, 15.0
0, 1793, 14.75
0, 1794, 14.5
0, 1795, 14.25
0, 1796, 14.0
0, 1797, 13.75
0, 1798, 13.5
0, 1799, 13.25
0, 1800, 13.0
0, 1801, 12.75
0, 1802, 12.5
0, 1803, 12.25
0, 1804, 12.0
0, 1805, 11.75
0, 1806, 11.5
0, 1807, 11.25
0, 1808, 11.0
0, 1809, 10.75
0, 1810, 10.5
0, 1811, 10.25
0, 1812, 10.0
0, 1813, 9.75
0, 1814, 9.5
0, 1815, 9.25
0, 1816, 9.0
0, 1817, 8.75
0, 1818, 8.5
0, 1819, 8.25
0, 1820, 8.0
0, 1821, 7.75
0, 1822, 7.5
0, 1823, 7.25
0, 1824, 7.0
0, 1825, 6.75
0, 1826, 6.5
0, 1827, 6.25
0, 1828, 6.0
0, 1829, 5.75
0, 1830, 5.5
0, 1831, 5.25
0, 1832, 5.0
0, 1833, 4.75
0, 1834, 4.5
0, 1835, 4.25
0, 1836, 4.0
0, 1837, 3.75
0, 1838, 3.5
0, 1839, 3.25
0, 1840, 3.0
0, 1841, 2.75
0, 1842, 2.5
0, 1843, 2.25
0, 1844, 2.0
0, 1845, 1.75
0, 1846, 1.5
0, 1847, 1.25
0, 1848, 1.0
0, 1849, 0.75
0, 1850, 0.75
0, 1851, 0.75
0, 1852, 0.75
0, 1853, 0.75
0, 1854, 0.75
0, 1855, 0.75
0, 1856, 0.75
0, 1857, 0.75
0, 1858, 0.75
0, 1859, 0.75
0, 1860, 0.75
0, 1861, 0.75
0, 1862, 0.75
0, 1863, 0.75
0, 1864, 0.75
0, 1865, 0.75
0, 1866, 0.75
0, 1867, 0.75
0, 1868, 0.75
0, 1869, 0.75
0, 1870, 0.75
0, 1871, 0.75
0, 1872, 0.75
0, 1873, 0.75
0, 1874, 0.75
0, 1875, 0.75
0, 1876, 0.75
0, 1877, 0.75
0, 1878, 0.75
0, 1879, 0.75
0, 1880, 0.75
0, 1881, 0.75
0, 1882, 0.75
0, 1883, 0.75
0, 1884, 0.75
0, 1885, 0.75
0, 1886, 0.75
0, 1887, 0.75
0, 1888, 0.75
0, 1889, 0.75
0, 1890, 0.75
0, 1891, 0.75
0, 1892, 0.75
0, 1893, 0.75
0, 1894, 0.75
0, 1895, 0.75
0, 1896, 0.75
0, 1897, 0.75
0, 1898, 0.75
0, 1899, 0.75
0, 1900, 0.75
0, 1901, 0.75
0, 1902, 0.75
0, 1903, 0.75
0, 1904, 0.75
0, 1905, 0.75
0, 1906, 0.75
0, 1907, 0.75
0, 1908, 1.0
0, 1909, 1.25
0, 1910, 1.5
0, 1911, 1.75
0, 1912, 1.5
0, 1913, 1.25
0, 1914, 1.5
0, 1915, 1.75
0, 1916, 2.0
0, 1917, 2.25
0, 1918, 2.5
0, 1919, 2.75
0, 1920, 3.0
0, 1921, 3.25
0, 1922, 3.5
0, 1923, 3.75
0, 1924, 4.0
0, 1925, 4.25
0, 1926, 4.5
0, 1927, 4.75
0, 1928, 5.0
0, 1929, 5.25
0, 1930, 5.5
0, 1931, 5.75
0, 1932, 6.0
0, 1933, 6.25
0, 1934, 6.5
0, 1935, 6.75
0, 1936, 7.0
0, 1937, 7.25
0, 1938, 7.5
0, 1939, 7.75
0, 1940, 8.0
0, 1941, 8.25
0, 1942, 8.5
0, 1943, 8.75
0, 1944, 9.0
0, 1945, 9.25
0, 1946, 9.5
0, 1947, 9.75
0, 1948, 10.0
0, 1949, 10.25
0, 1950, 10.5
0, 1951, 10.75
0, 1952, 11.0
0, 1953, 11.25
0, 1954, 11.0
0, 1955, 10.75
0, 1956, 10.5
0, 1957, 10.25
0, 1958, 10.0
0, 1959, 9.75
0, 1960, 9.5
0, 1961, 9.25
0, 1962, 9.0
0, 1963, 8.75
0, 1964, 8.5
0, 1965, 8.25
0, 1966, 8.0
0, 1967, 7.75
0, 1968, 7.5
0, 1969, 7.25
0, 1970, 7.0
0, 1971, 6.75
0, 1972, 6.5
0, 1973, 6.25
0, 1974, 6.0
0, 1975, 5.75
0, 1976, 5.5
0, 1977, 5.25
0, 1978, 5.0
0, 1979, 4.75
0, 1980, 4.5
0, 1981, 4.25
0, 1982, 4.0
0, 1983, 3.75
0, 1984, 3.5
0, 1985, 3.25
0, 1986, 3.0
0, 1987, 3.25
0, 1988, 3.0
0, 1989, 2.75
0, 1990, 2.5
0, 1991, 2.25
0, 1992, 2.0
0, 1993, 1.75
0, 1994, 2.0
0, 1995, 1.75
0, 1996, 1.5
0, 1997, 1.25
0, 1998, 1.0
0, 1999, 1.25
0, 2000, 1.5
0, 2001, 1.75
0, 2002, 1.5
0, 2003, 1.25
0, 2004, 1.0
0, 2005, 0.75
0, 2006, 0.75
0, 2007, 0.75
0, 2008, 1.0
0, 2009, 0.75
0, 2010, 0.75
0, 2011, 0.75
0, 2012, 0.75
0, 2013, 1.0
0, 2014, 1.25
0, 2015, 1.5
0, 2016, 1.25
0, 2017, 1.0
0, 2018, 0.75
0, 2019, 0.75
0, 2020, 1.0
0, 2021, 1.25
0, 2022, 1.5
0, 2023, 1.75
0, 2024, 1.5
0, 2025, 1.25
0, 2026, 1.5
0, 2027, 1.75
0, 2028, 2.0
0, 2029, 2.25
0, 2030, 2.5
0, 2031, 2.25
0, 2032, 2.0
0, 2033, 1.75
0, 2034, 2.0
0, 2035, 2.25
0, 2036, 2.5
0, 2037, 2.75
0, 2038, 2.5
0, 2039, 2.25
0, 2040, 2.5
0, 2041, 2.75
0, 2042, 3.0
0, 2043, 3.25
0, 2044, 3.5
0, 2045, 3.25
0, 2046, 3.0
0, 2047, 3.25
0, 2048, 3.5
0, 2049, 3.75
0, 2050, 4.0
0, 2051, 4.25
0, 2052, 4.0
0, 2053, 4.25
0, 2054, 4.5
0, 2055, 4.75
0, 2056, 5.0
0, 2057, 5.25
0, 2058, 5.5
0, 2059, 5.75
0, 2060, 6.0
0, 2061, 6.25
0, 2062, 6.5
0, 2063, 6.75
0, 2064, 7.0
0, 2065, 7.25
0, 2066, 7.0
0, 2067, 6.75
0, 2068, 7.0
0, 2069, 7.25
0, 2070, 7.5
0, 2071, 7.75
0, 2072, 7.5
0, 2073, 7.25
0, 2074, 7.0
0, 2075, 6.75
0, 2076, 6.5
0, 2077, 6.25
0, 2078, 6.0
0, 2079, 5.75
0, 2080, 5.5
0, 2081, 5.25
0, 2082, 5.0
0, 2083, 4.75
0, 2084, 4.5
0, 2085, 4.25
0, 2086, 4.0
0, 2087, 3.75
0, 2088, 3.5
0, 2089, 3.25
0, 2090, 3.0
0, 2091, 2.75
0, 2092, 2.5
0, 2093, 2.25
0, 2094, 2.0
0, 2095, 1.75
0, 2096, 1.5
0, 2097, 1.25
0, 2098, 1.0
0, 2099, 0.75
0, 2100, 0.75
0, 2101, 0.75
0, 2102, 0.75
0, 2103, 0.75
0, 2104, 0.75
0, 2105, 0.75
0, 2106, 0.75
0, 2107, 0.75
0, 2108, 0.75
0, 2109, 0.75
0, 2110, 0.75
0, 2111, 0.75
0, 2112, 0.75
0, 2113, 0.75
0, 2114, 0.75
0, 2115, 0.75
0, 2116, 0.75
0, 2117, 0.75
0, 2118, 0.75
0, 2119, 0.75
0, 2120, 0.75
0, 2121, 0.75
0, 2122, 0.75
0, 2123, 0.75
0, 2124, 0.75
0, 2125, 0.75
0, 2126, 0.75
0, 2127, 1.0
0, 2128, 0.75
0, 2129, 0.75
0, 2130, 0.75
0, 2131, 0.75
0, 2132, 1.0
0, 2133, 1.25
0, 2134, 1.5
0, 2135, 1.75
0, 2136, 1.5
0, 2137, 1.25
0, 2138, 1.5
0, 2139, 1.75
0, 2140, 2.0
0, 2141, 2.25
0, 2142, 2.5
0, 2143, 2.25
0, 2144, 2.0
0, 2145, 2.25
0, 2146, 2.5
0, 2147, 2.75
0, 2148, 3.0
0, 2149, 3.25
0, 2150, 3.0
0, 2151, 2.75
0, 2152, 3.0
0, 2153, 3.25
0, 2154, 3.5
0, 2155, 3.75
0, 2156, 4.0
0, 2157, 4.25
0, 2158, 4.5
0, 2159, 4.75
0, 2160, 5.0
0, 2161, 5.25
0, 2162, 5.5
0, 2163, 5.75
0, 2164, 6.0
0, 2165, 6.25
0, 2166, 6.5
0, 2167, 6.75
0, 2168, 7.0
0, 2169, 7.25
0, 2170, 7.5
0, 2171, 7.25
0, 2172, 7.0
0, 2173, 7.25
0, 2174, 7.5
0, 2175, 7.75
0, 2176, 8.0
0, 2177, 8.25
0, 2178, 8.0
0, 2179, 7.75
0, 2180, 7.5
0, 2181, 7.75
0, 2182, 8.0
0, 2183, 8.25
0, 2184, 8.0
0, 2185, 7.75
0, 2186, 7.5
0, 2187, 7.25
0, 2188, 7.5
0, 2189, 7.75
0, 2190, 8.0
0, 2191, 7.75
0, 2192, 7.5
0, 2193, 7.25
0, 2194, 7.0
0, 2195, 6.75
0, 2196, 6.5
0, 2197, 6.25
0, 2198, 6.0
0, 2199, 5.75
0, 2200, 5.5
0, 2201, 5.25
0, 2202, 5.0
0, 2203, 4.75
0, 2204, 4.5
0, 2205, 4.25
0, 2206, 4.0
0, 2207, 3.75
0, 2208, 3.5
0, 2209, 3.25
0, 2210, 3.0
0, 2211, 2.75
0, 2212, 2.5
0, 2213, 2.25
0, 2214, 2.0
0, 2215, 1.75
0, 2216, 1.5
0, 2217, 1.25
0, 2218, 1.0
0, 2219, 0.75
0, 2220, 0.75
0, 2221, 0.75
0, 2222, 0.75
0, 2223, 0.75
0, 2224, 0.75
0, 2225, 1.0
0, 2226, 0.75
0, 2227, 0.75
0, 2228, 0.75
0, 2229, 0.75
0, 2230, 1.0
0, 2231, 1.25
0, 2232, 1.5
0, 2233, 1.25
0, 2234, 1.0
0, 2235, 0.75
0, 2236, 0.75
0, 2237, 1.0
0, 2238, 0.75
0, 2239, 1.0
0, 2240, 0.75
0, 2241, 0.75
0, 2242, 0.75
0, 2243, 0.75
0, 2244, 1.0
0, 2245, 1.25
0, 2246, 1.5
0, 2247, 1.75
0, 2248, 1.5
0, 2249, 1.25
0, 2250, 1.5
0, 2251, 1.75
0, 2252, 2.0
0, 2253, 2.25
0, 2254, 2.5
0, 2255, 2.75
0, 2256, 3.0
0, 2257, 3.25
0, 2258, 3.5
0, 2259, 3.75
0, 2260, 4.0
0, 2261, 4.25
0, 2262, 4.5
0, 2263, 4.75
0, 2264, 5.0
0, 2265, 5.25
0, 2266, 5.5
0, 2267, 5.75
0, 2268, 6.0
0, 2269, 6.25
0, 2270, 6.5
0, 2271, 6.75
0, 2272, 7.0
0, 2273, 7.25
0, 2274, 7.5
0, 2275, 7.75
0, 2276, 8.0
0, 2277, 8.25
0, 2278, 8.5
0, 2279, 8.75
0, 2280, 9.0
0, 2281, 9.25
0, 2282, 9.5
0, 2283, 9.25
0, 2284, 9.5
0, 2285, 9.75
0, 2286, 10.0
0, 2287, 10.25
0, 2288, 10.5
0, 2289, 10.75
0, 2290, 10.5
0, 2291, 10.25
0, 2292, 10.0
0, 2293, 10.25
0, 2294, 10.0
0, 2295, 10.25
0, 2296, 10.0
0, 2297, 9.75
0, 2298, 9.5
0, 2299, 9.25
0, 2300, 9.5
0, 2301, 9.75
0, 2302, 9.5
0, 2303, 9.25
0, 2304, 9.0
0, 2305, 8.75
0, 2306, 8.5
0, 2307, 8.25
0, 2308, 8.0
0, 2309, 7.75
0, 2310, 7.5
0, 2311, 7.25
0, 2312, 7.0
0, 2313, 6.75
0, 2314, 6.5
0, 2315, 6.25
0, 2316, 6.0
0, 2317, 5.75
0, 2318, 5.5
0, 2319, 5.25
0, 2320, 5.0
0, 2321, 4.75
0, 2322, 4.5
0, 2323, 4.25
0, 2324, 4.0
0, 2325, 3.75
0, 2326, 3.5
0, 2327, 3.25
0, 2328, 3.0
0, 2329, 2.75
0, 2330, 2.5
0, 2331, 2.25
0, 2332, 2.0
0, 2333, 1.75
0, 2334, 1.5
0, 2335, 1.25
0, 2336, 1.0
0, 2337, 0.75
0, 2338, 0.75
0, 2339, 0.75
0, 2340, 0.75
0, 2341, 0.75
0, 2342, 0.75
0, 2343, 0.75
0, 2344, 0.75
0, 2345, 0.75
0, 2346, 0.75
0, 2347, 0.75
0, 2348, 0.75
0, 2349, 1.0
0, 2350, 1.25
0, 2351, 1.5
0, 2352, 1.75
0, 2353, 1.5
0, 2354, 1.25
0, 2355, 1.0
0, 2356, 1.25
0, 2357, 1.5
0, 2358, 1.75
0, 2359, 2.0
0, 2360, 1.75
0, 2361, 2.0
0, 2362, 2.25
0, 2363, 2.5
0, 2364, 2.75
0, 2365, 3.0
0, 2366, 3.25
0, 2367, 3.5
0, 2368, 3.75
0, 2369, 4.0
0, 2370, 4.25
0, 2371, 4.5
0, 2372, 4.75
0, 2373, 5.0
0, 2374, 5.25
0, 2375, 5.5
0, 2376, 5.75
0, 2377, 6.0
0, 2378, 6.25
0, 2379, 6.5
0, 2380, 6.75
0, 2381, 7.0
0, 2382, 7.25
0, 2383, 7.5
0, 2384, 7.75
0, 2385, 8.0
0, 2386, 8.25
0, 2387, 8.5
0, 2388, 8.75
0, 2389, 9.0
0, 2390, 9.25
0, 2391, 9.5
0, 2392, 9.75
0, 2393, 10.0
0, 2394, 10.25
0, 2395, 10.0
0, 2396, 9.75
0, 2397, 9.5
0, 2398, 9.75
0, 2399, 10.0
0, 2400, 10.25
0, 2401, 10.0
0, 2402, 9.75
0, 2403, 9.5
0, 2404, 9.25
0, 2405, 9.0
0, 2406, 8.75
0, 2407, 8.5
0, 2408, 8.25
0, 2409, 8.0
0, 2410, 7.75
0, 2411, 7.5
0, 2412, 7.25
0, 2413, 7.0
0, 2414, 6.75
0, 2415, 6.5
0, 2416, 6.25
0, 2417, 6.0
0, 2418, 5.75
0, 2419, 5.5
0, 2420, 5.25
0, 2421, 5.0
0, 2422, 4.75
0, 2423, 4.5
0, 2424, 4.25
0, 2425, 4.0
0, 2426, 4.25
0, 2427, 4.5
0, 2428, 4.75
0, 2429, 5.0
0, 2430, 4.75
0, 2431, 4.5
0, 2432, 4.75
0, 2433, 5.0
0, 2434, 5.25
0, 2435, 5.5
0, 2436, 5.75
0, 2437, 6.0
0, 2438, 6.25
0, 2439, 6.5
0, 2440, 6.75
0, 2441, 7.0
0, 2442, 7.25
0, 2443, 7.5
0, 2444, 7.75
0, 2445, 8.0
0, 2446, 8.25
0, 2447, 8.5
0, 2448, 8.75
0, 2449, 9.0
0, 2450, 9.25
0, 2451, 9.5
0, 2452, 9.75
0, 2453, 10.0
0, 2454, 10.25
0, 2455, 10.5
0, 2456, 10.75
0, 2457, 11.0
0, 2458, 11.25
0, 2459, 11.5
0, 2460, 11.75
0, 2461, 12.0
0, 2462, 12.25
0, 2463, 12.5
0, 2464, 12.75
0, 2465, 13.0
0, 2466, 13.25
0, 2467, 13.5
0, 2468, 13.75
0, 2469, 14.0
0, 2470, 14.25
0, 2471, 14.5
0, 2472, 14.25
0, 2473, 14.0
0, 2474, 13.75
0, 2475, 14.0
0, 2476, 13.75
0, 2477, 14.0
0, 2478, 13.75
0, 2479, 13.5
0, 2480, 13.25
0, 2481, 13.0
0, 2482, 12.75
0, 2483, 12.5
0, 2484, 12.25
0, 2485, 12.0
0, 2486, 11.75
0, 2487, 11.5
0, 2488, 11.25
0, 2489, 11.0
0, 2490, 10.75
0, 2491, 10.5
0, 2492, 10.25
0, 2493, 10.0
0, 2494, 9.75
0, 2495, 9.5
0, 2496, 9.25
0, 2497, 9.0
0, 2498, 8.75
0, 2499, 8.5
0, 2500, 8.25
0, 2501, 8.0
0, 2502, 7.75
0, 2503, 7.5
0, 2504, 7.25
0, 2505, 7.0
0, 2506, 6.75
0, 2507, 6.5
0, 2508, 6.25
0, 2509, 6.0
0, 2510, 5.75
0, 2511, 5.5
0, 2512, 5.25
0, 2513, 5.0
0, 2514, 4.75
0, 2515, 4.5
0, 2516, 4.25
0, 2517, 4.0
0, 2518, 3.75
0, 2519, 3.5
0, 2520, 3.25
0, 2521, 3.0
0, 2522, 2.75
0, 2523, 2.5
0, 2524, 2.25
0, 2525, 2.0
0, 2526, 1.75
0, 2527, 1.5
0, 2528, 1.25
0, 2529, 1.0
0, 2530, 0.75
0, 2531, 1.0
0, 2532, 1.25
0, 2533, 1.5
0, 2534, 1.75
0, 2535, 1.5
0, 2536, 1.75
0, 2537, 2.0
0, 2538, 2.25
0, 2539, 2.5
0, 2540, 2.75
0, 2541, 3.0
0, 2542, 3.25
0, 2543, 3.5
0, 2544, 3.75
0, 2545, 4.0
0, 2546, 4.25
0, 2547, 4.5
0, 2548, 4.75
0, 2549, 5.0
0, 2550, 5.25
0, 2551, 5.5
0, 2552, 5.75
0, 2553, 6.0
0, 2554, 6.25
0, 2555, 6.5
0, 2556, 6.75
0, 2557, 7.0
0, 2558, 7.25
0, 2559, 7.5
0, 2560, 7.75
0, 2561, 8.0
0, 2562, 8.25
0, 2563, 8.5
0, 2564, 8.75
0, 2565, 9.0
0, 2566, 9.25
0, 2567, 9.5
0, 2568, 9.75
0, 2569, 10.0
0, 2570, 10.25
0, 2571, 10.5
0, 2572, 10.75
0, 2573, 11.0
0, 2574, 11.25
0, 2575, 11.5
0, 2576, 11.75
0, 2577, 12.0
0, 2578, 12.25
0, 2579, 12.5
0, 2580, 12.75
0, 2581, 13.0
0, 2582, 13.25
0, 2583, 13.5
0, 2584, 13.75
0, 2585, 14.0
0, 2586, 14.25
0, 2587, 14.5
0, 2588, 14.75
0, 2589, 15.0
0, 2590, 15.25
0, 2591, 15.5
0, 2592, 15.75
0, 2593, 16.0
0, 2594, 16.25
0, 2595, 16.5
0, 2596, 16.75
0, 2597, 17.0
0, 2598, 16.75
0, 2599, 16.5
0, 2600, 16.75
0, 2601, 17.0
0, 2602, 16.75
0, 2603, 16.5
0, 2604, 16.25
0, 2605, 16.0
0, 2606, 15.75
0, 2607, 15.5
0, 2608, 15.25
0, 2609, 15.0
0, 2610, 14.75
0, 2611, 14.5
0, 2612, 14.25
0, 2613, 14.0
0, 2614, 13.75
0, 2615, 13.5
0, 2616, 13.25
0, 2617, 13.0
0, 2618, 12.75
0, 2619, 12.5
0, 2620, 12.25
0, 2621, 12.0
0, 2622, 11.75
0, 2623, 11.5
0, 2624, 11.25
0, 2625, 11.0
0, 2626, 10.75
0, 2627, 10.5
0, 2628, 10.25
0, 2629, 10.0
0, 2630, 9.75
0, 2631, 9.5
0, 2632, 9.25
0, 2633, 9.0
0, 2634, 8.75
0, 2635, 8.5
0, 2636, 8.25
0, 2637, 8.0
0, 2638, 7.75
0, 2639, 7.5
0, 2640, 7.25
0, 2641, 7.0
0, 2642, 6.75
0, 2643, 6.5
0, 2644, 6.25
0, 2645, 6.0
0, 2646, 5.75
0, 2647, 5.5
0, 2648, 5.25
0, 2649, 5.0
0, 2650, 5.25
0, 2651, 5.5
0, 2652, 5.75
0, 2653, 6.0
0, 2654, 6.25
0, 2655, 6.5
0, 2656, 6.75
0, 2657, 7.0
0, 2658, 7.25
0, 2659, 7.5
0, 2660, 7.75
0, 2661, 8.0
0, 2662, 8.25
0, 2663, 8.5
0, 2664, 8.75
0, 2665, 9.0
0, 2666, 9.25
0, 2667, 9.5
0, 2668, 9.75
0, 2669, 10.0
0, 2670, 10.25
0, 2671, 10.5
0, 2672, 10.75
0, 2673, 11.0
0, 2674, 11.25
0, 2675, 11.5
0, 2676, 11.75
0, 2677, 12.0
0, 2678, 12.25
0, 2679, 12.5
0, 2680, 12.75
0, 2681, 13.0
0, 2682, 13.25
0, 2683, 13.5
0, 2684, 13.75
0, 2685, 14.0
0, 2686, 14.25
0, 2687, 14.5
0, 2688, 14.75
0, 2689, 15.0
0, 2690, 15.25
0, 2691, 15.5
0, 2692, 15.75
0, 2693, 16.0
0, 2694, 16.25
0, 2695, 16.5
0, 2696, 16.75
0, 2697, 17.0
0, 2698, 17.25
0, 2699, 17.5
0, 2700, 17.75
0, 2701, 18.0
0, 2702, 18.25
0, 2703, 18.5
0, 2704, 18.75
0, 2705, 19.0
0, 2706, 19.25
0, 2707, 19.5
0, 2708, 19.75
0, 2709, 20.0
0, 2710, 20.25
0, 2711, 20.5
0, 2712, 20.75
0, 2713, 21.0
0, 2714, 21.25
0, 2715, 21.5
0, 2716, 21.75
0, 2717, 22.0
0, 2718, 22.25
0, 2719, 22.5
0, 2720, 22.75
0, 2721, 23.0
0, 2722, 23.25
0, 2723, 23.5
0, 2724, 23.75
0, 2725, 24.0
0, 2726, 24.25
0, 2727, 24.5
0, 2728, 24.75
0, 2729, 25.0
0, 2730, 25.25
0, 2731, 25.5
0, 2732, 25.75
0, 2733, 26.0
0, 2734, 26.25
0, 2735, 26.5
0, 2736, 26.75
0, 2737, 26.5
0, 2738, 26.25
0, 2739, 26.0
0, 2740, 25.75
0, 2741, 25.5
0, 2742, 25.25
0, 2743, 25.0
0, 2744, 24.75
0, 2745, 24.5
0, 2746, 24.25
0, 2747, 24.0
0, 2748, 23.75
0, 2749, 23.5
0, 2750, 23.25
0, 2751, 23.0
0, 2752, 22.75
0, 2753, 22.5
0, 2754, 22.25
0, 2755, 22.0
0, 2756, 21.75
0, 2757, 21.5
0, 2758, 21.25
0, 2759, 21.0
0, 2760, 20.75
0, 2761, 20.5
0, 2762, 20.25
0, 2763, 20.0
0, 2764, 19.75
0, 2765, 19.5
0, 2766, 19.25
0, 2767, 19.0
0, 2768, 18.75
0, 2769, 18.5
0, 2770, 18.25
0, 2771, 18.0
0, 2772, 17.75
0, 2773, 17.5
0, 2774, 17.25
0, 2775, 17.0
0, 2776, 16.75
0, 2777, 16.5
0, 2778, 16.25
0, 2779, 16.0
0, 2780, 15.75
0, 2781, 15.5
0, 2782, 15.25
0, 2783, 15.0
0, 2784, 14.75
0, 2785, 14.5
0, 2786, 14.25
0, 2787, 14.0
0, 2788, 13.75
0, 2789, 13.5
0, 2790, 13.25
0, 2791, 13.0
0, 2792, 12.75
0, 2793, 12.5
0, 2794, 12.25
0, 2795, 12.0
0, 2796, 11.75
0, 2797, 11.5
0, 2798, 11.25
0, 2799, 11.0
0, 2800, 10.75
0, 2801, 10.5
0, 2802, 10.25
0, 2803, 10.0
0, 2804, 9.75
0, 2805, 9.5
0, 2806, 9.25
0, 2807, 9.0
0, 2808, 8.75
0, 2809, 8.5
0, 2810, 8.25
0, 2811, 8.0
0, 2812, 7.75
0, 2813, 7.5
0, 2814, 7.25
0, 2815, 7.0
0, 2816, 6.75
0, 2817, 6.5
0, 2818, 6.25
0, 2819, 6.0
0, 2820, 5.75
0, 2821, 5.5
0, 2822, 5.25
0, 2823, 5.0
0, 2824, 4.75
0, 2825, 4.5
0, 2826, 4.25
0, 2827, 4.0
0, 2828, 3.75
0, 2829, 3.5
0, 2830, 3.25
0, 2831, 3.0
0, 2832, 2.75
0, 2833, 2.5
0, 2834, 2.75
0, 2835, 2.5
0, 2836, 2.25
0, 2837, 2.0
0, 2838, 2.25
0, 2839, 2.5
0, 2840, 2.75
0, 2841, 3.0
0, 2842, 3.25
0, 2843, 3.5
0, 2844, 3.75
0, 2845, 4.0
0, 2846, 4.25
0, 2847, 4.5
0, 2848, 4.75
0, 2849, 5.0
0, 2850, 5.25
0, 2851, 5.5
0, 2852, 5.75
0, 2853, 6.0
0, 2854, 6.25
0, 2855, 6.5
0, 2856, 6.75
0, 2857, 7.0
0, 2858, 7.25
0, 2859, 7.5
0, 2860, 7.75
0, 2861, 8.0
0, 2862, 8.25
0, 2863, 8.5
0, 2864, 8.75
0, 2865, 9.0
0, 2866, 9.25
0, 2867, 9.5
0, 2868, 9.75
0, 2869, 10.0
0, 2870, 10.25
0, 2871, 10.5
0, 2872, 10.75
0, 2873, 11.0
0, 2874, 11.25
0, 2875, 11.5
0, 2876, 11.75
0, 2877, 12.0
0, 2878, 12.25
0, 2879, 12.5
0, 2880, 12.75
0, 2881, 13.0
0, 2882, 13.25
0, 2883, 13.5
0, 2884, 13.75
0, 2885, 14.0
0, 2886, 14.25
0, 2887, 14.5
0, 2888, 14.75
0, 2889, 15.0
0, 2890, 15.25
0, 2891, 15.5
0, 2892, 15.75
0, 2893, 16.0
0, 2894, 16.25
0, 2895, 16.5
0, 2896, 16.75
0, 2897, 17.0
0, 2898, 17.25
0, 2899, 17.5
0, 2900, 17.75
0, 2901, 18.0
0, 2902, 18.25
0, 2903, 18.5
0, 2904, 18.75
0, 2905, 19.0
0, 2906, 19.25
0, 2907, 19.5
0, 2908, 19.75
0, 2909, 20.0
0, 2910, 20.25
0, 2911, 20.5
0, 2912, 20.75
0, 2913, 21.0
0, 2914, 21.25
0, 2915, 21.5
0, 2916, 21.75
0, 2917, 22.0
0, 2918, 22.25
0, 2919, 22.5
0, 2920, 22.25
0, 2921, 22.5
0, 2922, 22.75
0, 2923, 23.0
0, 2924, 23.25
0, 2925, 23.5
0, 2926, 23.25
0, 2927, 23.0
0, 2928, 22.75
0, 2929, 22.5
0, 2930, 22.25
0, 2931, 22.0
0, 2932, 21.75
0, 2933, 21.5
0, 2934, 21.25
0, 2935, 21.0
0, 2936, 20.75
0, 2937, 20.5
0, 2938, 20.25
0, 2939, 20.0
0, 2940, 19.75
0, 2941, 19.5
0, 2942, 19.25
0, 2943, 19.0
0, 2944, 18.75
0, 2945, 18.5
0, 2946, 18.25
0, 2947, 18.0
0, 2948, 17.75
0, 2949, 17.5
0, 2950, 17.25
0, 2951, 17.0
0, 2952, 16.75
0, 2953, 16.5
0, 2954, 16.25
0, 2955, 16.0
0, 2956, 15.75
0, 2957, 15.5
0, 2958, 15.25
0, 2959, 15.0
0, 2960, 14.75
0, 2961, 14.5
0, 2962, 14.25
0, 2963, 14.0
0, 2964, 13.75
0, 2965, 13.5
0, 2966, 13.25
0, 2967, 13.0
0, 2968, 12.75
0, 2969, 12.5
0, 2970, 12.25
0, 2971, 12.0
0, 2972, 11.75
0, 2973, 11.5
0, 2974, 11.25
0, 2975, 11.0
0, 2976, 10.75
0, 2977, 10.5
0, 2978, 10.25
0, 2979, 10.0
0, 2980, 9.75
0, 2981, 9.5
0, 2982, 9.25
0, 2983, 9.0
0, 2984, 8.75
0, 2985, 8.5
0, 2986, 8.25
0, 2987, 8.0
0, 2988, 7.75
0, 2989, 7.5
0, 2990, 7.25
0, 2991, 7.0
0, 2992, 6.75
0, 2993, 6.5
0, 2994, 6.25
0, 2995, 6.0
0, 2996, 5.75
0, 2997, 5.5
0, 2998, 5.25
0, 2999, 5.0
0, 3000, 4.75
0, 3001, 4.5
0, 3002, 4.25
0, 3003, 4.0
0, 3004, 3.75
0, 3005, 3.5
0, 3006, 3.25
0, 3007, 3.0
0, 3008, 2.75
0, 3009, 2.5
0, 3010, 2.25
0, 3011, 2.0
0, 3012, 1.75
0, 3013, 1.5
0, 3014, 1.25
0, 3015, 1.0
0, 3016, 0.75
0, 3017, 0.75
0, 3018, 0.75
0, 3019, 0.75
0, 3020, 0.75
0, 3021, 0.75
0, 3022, 0.75
0, 3023, 1.0
0, 3024, 0.75
0, 3025, 0.75
0, 3026, 0.75
0, 3027, 1.0
0, 3028, 1.25
0, 3029, 1.5
0, 3030, 1.75
0, 3031, 2.0
0, 3032, 2.25
0, 3033, 2.5
0, 3034, 2.75
0, 3035, 3.0
0, 3036, 3.25
0, 3037, 3.5
0, 3038, 3.75
0, 3039, 4.0
0, 3040, 4.25
0, 3041, 4.5
0, 3042, 4.75
0, 3043, 5.0
0, 3044, 5.25
0, 3045, 5.5
0, 3046, 5.75
0, 3047, 6.0
0, 3048, 6.25
0, 3049, 6.5
0, 3050, 6.75
0, 3051, 7.0
0, 3052, 7.25
0, 3053, 7.5
0, 3054, 7.75
0, 3055, 8.0
0, 3056, 8.25
0, 3057, 8.5
0, 3058, 8.75
0, 3059, 9.0
0, 3060, 9.25
0, 3061, 9.5
0, 3062, 9.75
0, 3063, 10.0
0, 3064, 10.25
0, 3065, 10.5
0, 3066, 10.75
0, 3067, 11.0
0, 3068, 11.25
0, 3069, 11.5
0, 3070, 11.75
0, 3071, 12.0
0, 3072, 12.25
0, 3073, 12.5
0, 3074, 12.75
0, 3075, 13.0
0, 3076, 13.25
0, 3077, 13.5
0, 3078, 13.75
0, 3079, 14.0
0, 3080, 14.25
0, 3081, 14.5
0, 3082, 14.75
0, 3083, 15.0
0, 3084, 15.25
0, 3085, 15.5
0, 3086, 15.75
0, 3087, 16.0
0, 3088, 16.25
0, 3089, 16.5
0, 3090, 16.75
0, 3091, 17.0
0, 3092, 17.25
0, 3093, 17.5
0, 3094, 17.75
0, 3095, 18.0
0, 3096, 18.25
0, 3097, 18.5
0, 3098, 18.75
0, 3099, 19.0
0, 3100, 18.75
0, 3101, 18.5
0, 3102, 18.25
0, 3103, 18.0
0, 3104, 17.75
0, 3105, 17.5
0, 3106, 17.25
0, 3107, 17.0
0, 3108, 16.75
0, 3109, 16.5
0, 3110, 16.25
0, 3111, 16.0
0, 3112, 15.75
0, 3113, 15.5
0, 3114, 15.25
0, 3115, 15.0
0, 3116, 14.75
0, 3117, 14.5
0, 3118, 14.25
0, 3119, 14.0
0, 3120, 13.75
0, 3121, 13.5
0, 3122, 13.25
0, 3123, 13.0
0, 3124, 12.75
0, 3125, 12.5
0, 3126, 12.25
0, 3127, 12.0
0, 3128, 11.75
0, 3129, 11.5
0, 3130, 11.25
0, 3131, 11.0
0, 3132, 10.75
0, 3133, 10.5
0, 3134, 10.25
0, 3135, 10.0
0, 3136, 9.75
0, 3137, 9.5
0, 3138, 9.25
0, 3139, 9.0
0, 3140, 8.75
0, 3141, 8.5
0, 3142, 8.25
0, 3143, 8.0
0, 3144, 7.75
0, 3145, 7.5
0, 3146, 7.25
0, 3147, 7.0
0, 3148, 6.75
0, 3149, 6.5
0, 3150, 6.25
0, 3151, 6.0
0, 3152, 5.75
0, 3153, 5.5
0, 3154, 5.25
0, 3155, 5.0
0, 3156, 4.75
0, 3157, 4.5
0, 3158, 4.25
0, 3159, 4.0
0, 3160, 3.75
0, 3161, 3.5
0, 3162, 3.25
0, 3163, 3.0
0, 3164, 2.75
0, 3165, 2.5
0, 3166, 2.25
0, 3167, 2.0
0, 3168, 1.75
0, 3169, 1.5
0, 3170, 1.25
0, 3171, 1.0
0, 3172, 0.75
0, 3173, 0.75
0, 3174, 0.75
0, 3175, 0.75
0, 3176, 0.75
0, 3177, 0.75
0, 3178, 0.75
0, 3179, 0.75
0, 3180, 0.75
0, 3181, 0.75
0, 3182, 0.75
0, 3183, 0.75
0, 3184, 0.75
0, 3185, 0.75
0, 3186, 0.75
0, 3187, 0.75
0, 3188, 0.75
0, 3189, 0.75
0, 3190, 0.75
0, 3191, 0.75
0, 3192, 0.75
0, 3193, 0.75
0, 3194, 0.75
0, 3195, 0.75
0, 3196, 0.75
0, 3197, 0.75
0, 3198, 0.75
0, 3199, 0.75
0, 3200, 0.75
0, 3201, 0.75
0, 3202, 0.75
0, 3203, 0.75
0, 3204, 0.75
0, 3205, 0.75
0, 3206, 0.75
0, 3207, 0.75
0, 3208, 0.75
0, 3209, 0.75
0, 3210, 0.75
0, 3211, 0.75
0, 3212, 0.75
0, 3213, 0.75
0, 3214, 0.75
0, 3215, 0.75
0, 3216, 0.75
0, 3217, 0.75
0, 3218, 0.75
0, 3219, 0.75
0, 3220, 0.75
0, 3221, 0.75
0, 3222, 0.75
0, 3223, 0.75
0, 3224, 1.0
0, 3225, 1.25
0, 3226, 1.5
0, 3227, 1.75
0, 3228, 1.5
0, 3229, 1.25
0, 3230, 1.5
0, 3231, 1.75
0, 3232, 2.0
0, 3233, 2.25
0, 3234, 2.5
0, 3235, 2.75
0, 3236, 3.0
0, 3237, 3.25
0, 3238, 3.5
0, 3239, 3.75
0, 3240, 4.0
0, 3241, 4.25
0, 3242, 4.5
0, 3243, 4.75
0, 3244, 5.0
0, 3245, 5.25
0, 3246, 5.5
0, 3247, 5.75
0, 3248, 6.0
0, 3249, 6.25
0, 3250, 6.5
0, 3251, 6.75
0, 3252, 7.0
0, 3253, 7.25
0, 3254, 7.5
0, 3255, 7.75
0, 3256, 8.0
0, 3257, 8.25
0, 3258, 8.5
0, 3259, 8.75
0, 3260, 9.0
0, 3261, 9.25
0, 3262, 9.5
0, 3263, 9.75
0, 3264, 10.0
0, 3265, 10.25
0, 3266, 10.5
0, 3267, 10.75
0, 3268, 11.0
0, 3269, 11.25
0, 3270, 11.5
0, 3271, 11.75
0, 3272, 12.0
0, 3273, 12.25
0, 3274, 12.5
0, 3275, 12.75
0, 3276, 13.0
0, 3277, 13.25
0, 3278, 13.5
0, 3279, 13.75
0, 3280, 14.0
0, 3281, 14.25
0, 3282, 14.5
0, 3283, 14.75
0, 3284, 15.0
0, 3285, 14.75
0, 3286, 15.0
0, 3287, 15.25
0, 3288, 15.5
0, 3289, 15.75
0, 3290, 15.5
0, 3291, 15.25
0, 3292, 15.0
0, 3293, 14.75
0, 3294, 14.5
0, 3295, 14.25
0, 3296, 14.0
0, 3297, 13.75
0, 3298, 13.5
0, 3299, 13.25
0, 3300, 13.0
0, 3301, 12.75
0, 3302, 12.5
0, 3303, 12.25
0, 3304, 12.0
0, 3305, 11.75
0, 3306, 11.5
0, 3307, 11.25
0, 3308, 11.0
0, 3309, 10.75
0, 3310, 10.5
0, 3311, 10.25
0, 3312, 10.0
0, 3313, 9.75
0, 3314, 9.5
0, 3315, 9.25
0, 3316, 9.0
0, 3317, 8.75
0, 3318, 8.5
0, 3319, 8.25
0, 3320, 8.0
0, 3321, 7.75
0, 3322, 7.5
0, 3323, 7.25
0, 3324, 7.0
0, 3325, 6.75
0, 3326, 6.5
0, 3327, 6.25
0, 3328, 6.0
0, 3329, 5.75
0, 3330, 5.5
0, 3331, 5.25
0, 3332, 5.0
0, 3333, 4.75
0, 3334, 4.5
0, 3335, 4.25
0, 3336, 4.0
0, 3337, 3.75
0, 3338, 3.5
0, 3339, 3.25
0, 3340, 3.0
0, 3341, 2.75
0, 3342, 2.5
0, 3343, 2.25
0, 3344, 2.0
0, 3345, 1.75
0, 3346, 1.5
0, 3347, 1.25
0, 3348, 1.0
0, 3349, 0.75
0, 3350, 0.75
0, 3351, 0.75
0, 3352, 0.75
0, 3353, 0.75
0, 3354, 0.75
0, 3355, 0.75
0, 3356, 0.75
0, 3357, 0.75
0, 3358, 0.75
0, 3359, 0.75
0, 3360, 0.75
0, 3361, 0.75
0, 3362, 0.75
0, 3363, 0.75
0, 3364, 0.75
0, 3365, 0.75
0, 3366, 0.75
0, 3367, 0.75
0, 3368, 0.75
0, 3369, 0.75
0, 3370, 0.75
0, 3371, 0.75
0, 3372, 0.75
0, 3373, 0.75
0, 3374, 0.75
0, 3375, 0.75
0, 3376, 0.75
0, 3377, 0.75
0, 3378, 0.75
0, 3379, 0.75
0, 3380, 0.75
0, 3381, 0.75
0, 3382, 0.75
0, 3383, 0.75
0, 3384, 0.75
0, 3385, 0.75
0, 3386, 0.75
0, 3387, 1.0
0, 3388, 0.75
0, 3389, 0.75
0, 3390, 0.75
0, 3391, 1.0
0, 3392, 1.25
0, 3393, 1.5
0, 3394, 1.75
0, 3395, 2.0
0, 3396, 2.25
0, 3397, 2.5
0, 3398, 2.75
0, 3399, 3.0
0, 3400, 3.25
0, 3401, 3.5
0, 3402, 3.75
0, 3403, 4.0
0, 3404, 4.25
0, 3405, 4.5
0, 3406, 4.75
0, 3407, 5.0
0, 3408, 5.25
0, 3409, 5.5
0, 3410, 5.25
0, 3411, 5.0
0, 3412, 4.75
0, 3413, 5.0
0, 3414, 5.25
0, 3415, 5.5
0, 3416, 5.25
0, 3417, 5.0
0, 3418, 4.75
0, 3419, 5.0
0, 3420, 5.25
0, 3421, 5.5
0, 3422, 5.75
0, 3423, 6.0
0, 3424, 5.75
0, 3425, 5.5
0, 3426, 5.75
0, 3427, 6.0
0, 3428, 6.25
0, 3429, 6.5
0, 3430, 6.75
0, 3431, 6.5
0, 3432, 6.25
0, 3433, 6.5
0, 3434, 6.75
0, 3435, 7.0
0, 3436, 7.25
0, 3437, 7.5
0, 3438, 7.25
0, 3439, 7.0
0, 3440, 6.75
0, 3441, 6.5
0, 3442, 6.75
0, 3443, 7.0
0, 3444, 6.75
0, 3445, 6.5
0, 3446, 6.25
0, 3447, 6.0
0, 3448, 6.25
0, 3449, 6.5
0, 3450, 6.75
0, 3451, 6.5
0, 3452, 6.25
0, 3453, 6.0
0, 3454, 5.75
0, 3455, 6.0
0, 3456, 6.25
0, 3457, 6.5
0, 3458, 6.25
0, 3459, 6.0
0, 3460, 5.75
0, 3461, 5.5
0, 3462, 5.25
0, 3463, 5.0
0, 3464, 5.25
0, 3465, 5.0
0, 3466, 4.75
0, 3467, 4.5
0, 3468, 4.25
0, 3469, 4.5
0, 3470, 4.75
0, 3471, 5.0
0, 3472, 4.75
0, 3473, 4.5
0, 3474, 4.25
0, 3475, 4.5
0, 3476, 4.75
0, 3477, 5.0
0, 3478, 5.25
0, 3479, 5.5
0, 3480, 5.75
0, 3481, 6.0
0, 3482, 6.25
0, 3483, 6.5
0, 3484, 6.75
0, 3485, 7.0
0, 3486, 7.25
0, 3487, 7.0
0, 3488, 6.75
0, 3489, 7.0
0, 3490, 7.25
0, 3491, 7.5
0, 3492, 7.75
0, 3493, 8.0
0, 3494, 8.25
0, 3495, 8.5
0, 3496, 8.75
0, 3497, 9.0
0, 3498, 9.25
0, 3499, 9.5
0, 3500, 9.75
0, 3501, 10.0
0, 3502, 10.25
0, 3503, 10.5
0, 3504, 10.75
0, 3505, 11.0
0, 3506, 11.25
0, 3507, 11.5
0, 3508, 11.25
0, 3509, 11.0
0, 3510, 10.75
0, 3511, 11.0
0, 3512, 11.25
0, 3513, 11.5
0, 3514, 11.25
0, 3515, 11.0
0, 3516, 10.75
0, 3517, 10.5
0, 3518, 10.25
0, 3519, 10.0
0, 3520, 9.75
0, 3521, 9.5
0, 3522, 9.25
0, 3523, 9.0
0, 3524, 8.75
0, 3525, 8.5
0, 3526, 8.25
0, 3527, 8.0
0, 3528, 7.75
0, 3529, 7.5
0, 3530, 7.25
0, 3531, 7.0
0, 3532, 6.75
0, 3533, 6.5
0, 3534, 6.25
0, 3535, 6.0
0, 3536, 5.75
0, 3537, 5.5
0, 3538, 5.25
0, 3539, 5.0
0, 3540, 4.75
0, 3541, 4.5
0, 3542, 4.25
0, 3543, 4.0
0, 3544, 3.75
0, 3545, 3.5
0, 3546, 3.25
0, 3547, 3.0
0, 3548, 2.75
0, 3549, 2.5
0, 3550, 2.25
0, 3551, 2.0
0, 3552, 1.75
0, 3553, 1.5
0, 3554, 1.25
0, 3555, 1.0
0, 3556, 0.75
0, 3557, 0.75
0, 3558, 0.75
0, 3559, 0.75
0, 3560, 0.75
0, 3561, 0.75
0, 3562, 0.75
0, 3563, 0.75
0, 3564, 0.75
0, 3565, 0.75
0, 3566, 0.75
0, 3567, 0.75
0, 3568, 0.75
0, 3569, 0.75
0, 3570, 0.75
0, 3571, 0.75
0, 3572, 0.75
0, 3573, 0.75
0, 3574, 0.75
0, 3575, 0.75
0, 3576, 1.0
0, 3577, 0.75
0, 3578, 0.75
0, 3579, 0.75
0, 3580, 0.75
0, 3581, 1.0
0, 3582, 1.25
0, 3583, 1.5
0, 3584, 1.75
0, 3585, 1.5
0, 3586, 1.25
0, 3587, 1.5
0, 3588, 1.75
0, 3589, 2.0
0, 3590, 2.25
0, 3591, 2.5
0, 3592, 2.25
0, 3593, 2.0
0, 3594, 2.25
0, 3595, 2.5
0, 3596, 2.75
0, 3597, 3.0
0, 3598, 3.25
0, 3599, 3.5
0, 3600, 3.75
0, 3601, 4.0
0, 3602, 4.25
0, 3603, 4.5
0, 3604, 4.75
0, 3605, 5.0
0, 3606, 5.25
0, 3607, 5.5
0, 3608, 5.75
0, 3609, 6.0
0, 3610, 6.25
0, 3611, 6.5
0, 3612, 6.75
0, 3613, 7.0
0, 3614, 7.25
0, 3615, 7.5
0, 3616, 7.75
0, 3617, 8.0
0, 3618, 8.25
0, 3619, 8.5
0, 3620, 8.75
0, 3621, 9.0
0, 3622, 9.25
0, 3623, 9.5
0, 3624, 9.75
0, 3625, 10.0
0, 3626, 10.25
0, 3627, 10.5
0, 3628, 10.75
0, 3629, 11.0
0, 3630, 11.25
0, 3631, 11.5
0, 3632, 11.75
0, 3633, 12.0
0, 3634, 12.25
0, 3635, 12.5
0, 3636, 12.75
0, 3637, 13.0
0, 3638, 13.25
0, 3639, 13.5
0, 3640, 13.75
0, 3641, 14.0
0, 3642, 14.25
0, 3643, 14.5
0, 3644, 14.75
0, 3645, 15.0
0, 3646, 15.25
0, 3647, 15.5
0, 3648, 15.75
0, 3649, 16.0
0, 3650, 16.25
0, 3651, 16.5
0, 3652, 16.75
0, 3653, 17.0
0, 3654, 17.25
0, 3655, 17.0
0, 3656, 16.75
0, 3657, 17.0
0, 3658, 17.25
0, 3659, 17.5
0, 3660, 17.75
0, 3661, 17.5
0, 3662, 17.25
0, 3663, 17.0
0, 3664, 16.75
0, 3665, 16.5
0, 3666, 16.25
0, 3667, 16.0
0, 3668, 15.75
0, 3669, 15.5
0, 3670, 15.25
0, 3671, 15.0
0, 3672, 14.75
0, 3673, 14.5
0, 3674, 14.25
0, 3675, 14.0
0, 3676, 13.75
0, 3677, 13.5
0, 3678, 13.25
0, 3679, 13.0
0, 3680, 12.75
0, 3681, 12.5
0, 3682, 12.25
0, 3683, 12.0
0, 3684, 11.75
0, 3685, 11.5
0, 3686, 11.25
0, 3687, 11.0
0, 3688, 10.75
0, 3689, 10.5
0, 3690, 10.25
0, 3691, 10.0
0, 3692, 9.75
0, 3693, 9.5
0, 3694, 9.25
0, 3695, 9.0
0, 3696, 8.75
0, 3697, 8.5
0, 3698, 8.25
0, 3699, 8.0
0, 3700, 7.75
0, 3701, 7.5
0, 3702, 7.25
0, 3703, 7.0
0, 3704, 6.75
0, 3705, 6.5
0, 3706, 6.25
0, 3707, 6.0
0, 3708, 5.75
0, 3709, 5.5
0, 3710, 5.25
0, 3711, 5.0
0, 3712, 4.75
0, 3713, 4.5
0, 3714, 4.25
0, 3715, 4.0
0, 3716, 3.75
0, 3717, 3.5
0, 3718, 3.25
0, 3719, 3.0
0, 3720, 2.75
0, 3721, 2.5
0, 3722, 2.25
0, 3723, 2.0
0, 3724, 1.75
0, 3725, 1.5
0, 3726, 1.25
0, 3727, 1.0
0, 3728, 0.75
0, 3729, 0.75
0, 3730, 0.75
0, 3731, 0.75
0, 3732, 0.75
0, 3733, 0.75
0, 3734, 0.75
0, 3735, 0.75
0, 3736, 0.75
0, 3737, 0.75
0, 3738, 0.75
0, 3739, 0.75
0, 3740, 0.75
0, 3741, 0.75
0, 3742, 0.75
0, 3743, 0.75
0, 3744, 0.75
0, 3745, 0.75
0, 3746, 0.75
0, 3747, 0.75
0, 3748, 0.75
0, 3749, 0.75
0, 3750, 0.75
0, 3751, 0.75
0, 3752, 0.75
0, 3753, 0.75
0, 3754, 0.75
0, 3755, 0.75
0, 3756, 0.75
0, 3757, 0.75
0, 3758, 0.75
0, 3759, 0.75
0, 3760, 0.75
0, 3761, 0.75
0, 3762, 0.75
0, 3763, 1.0
0, 3764, 1.25
0, 3765, 1.5
0, 3766, 1.75
0, 3767, 2.0
0, 3768, 2.25
0, 3769, 2.5
0, 3770, 2.75
0, 3771, 3.0
0, 3772, 3.25
0, 3773, 3.5
0, 3774, 3.75
0, 3775, 4.0
0, 3776, 4.25
0, 3777, 4.5
0, 3778, 4.75
0, 3779, 5.0
0, 3780, 5.25
0, 3781, 5.5
0, 3782, 5.75
0, 3783, 6.0
0, 3784, 6.25
0, 3785, 6.5
0, 3786, 6.75
0, 3787, 7.0
0, 3788, 7.25
0, 3789, 7.5
0, 3790, 7.75
0, 3791, 8.0
0, 3792, 8.25
0, 3793, 8.5
0, 3794, 8.75
0, 3795, 9.0
0, 3796, 9.25
0, 3797, 9.5
0, 3798, 9.75
0, 3799, 10.0
0, 3800, 10.25
0, 3801, 10.5
0, 3802, 10.75
0, 3803, 11.0
0, 3804, 11.25
0, 3805, 11.5
0, 3806, 11.75
0, 3807, 12.0
0, 3808, 12.25
0, 3809, 12.5
0, 3810, 12.75
0, 3811, 13.0
0, 3812, 13.25
0, 3813, 13.5
0, 3814, 13.75
0, 3815, 14.0
0, 3816, 14.25
0, 3817, 14.5
0, 3818, 14.75
0, 3819, 15.0
0, 3820, 15.25
0, 3821, 15.5
0, 3822, 15.75
0, 3823, 16.0
0, 3824, 16.25
0, 3825, 16.5
0, 3826, 16.75
0, 3827, 17.0
0, 3828, 17.25
0, 3829, 17.5
0, 3830, 17.75
0, 3831, 18.0
0, 3832, 18.25
0, 3833, 18.5
0, 3834, 18.75
0, 3835, 19.0
0, 3836, 19.25
0, 3837, 19.5
0, 3838, 19.75
0, 3839, 20.0
0, 3840, 20.25
0, 3841, 20.5
0, 3842, 20.75
0, 3843, 20.5
0, 3844, 20.25
0, 3845, 20.0
0, 3846, 19.75
0, 3847, 19.5
0, 3848, 19.25
0, 3849, 19.0
0, 3850, 18.75
0, 3851, 18.5
0, 3852, 18.25
0, 3853, 18.0
0, 3854, 17.75
0, 3855, 17.5
0, 3856, 17.25
0, 3857, 17.0
0, 3858, 16.75
0, 3859, 16.5
0, 3860, 16.25
0, 3861, 16.0
0, 3862, 15.75
0, 3863, 15.5
0, 3864, 15.25
0, 3865, 15.0
0, 3866, 14.75
0, 3867, 14.5
0, 3868, 14.25
0, 3869, 14.0
0, 3870, 13.75
0, 3871, 13.5
0, 3872, 13.25
0, 3873, 13.0
0, 3874, 12.75
0, 3875, 12.5
0, 3876, 12.25
0, 3877, 12.0
0, 3878, 11.75
0, 3879, 11.5
0, 3880, 11.25
0, 3881, 11.0
0, 3882, 10.75
0, 3883, 10.5
0, 3884, 10.25
0, 3885, 10.0
0, 3886, 9.75
0, 3887, 9.5
0, 3888, 9.25
0, 3889, 9.0
0, 3890, 8.75
0, 3891, 8.5
0, 3892, 8.25
0, 3893, 8.0
0, 3894, 7.75
0, 3895, 7.5
0, 3896, 7.25
0, 3897, 7.0
0, 3898, 6.75
0, 3899, 6.5
0, 3900, 6.25
0, 3901, 6.0
0, 3902, 5.75
0, 3903, 5.5
0, 3904, 5.25
0, 3905, 5.0
0, 3906, 4.75
0, 3907, 4.5
0, 3908, 4.25
0, 3909, 4.0
0, 3910, 3.75
0, 3911, 3.5
0, 3912, 3.25
0, 3913, 3.0
0, 3914, 2.75
0, 3915, 2.5
0, 3916, 2.25
0, 3917, 2.0
0, 3918, 1.75
0, 3919, 1.5
0, 3920, 1.25
0, 3921, 1.0
0, 3922, 0.75
0, 3923, 0.75
0, 3924, 0.75
0, 3925, 0.75
0, 3926, 0.75
0, 3927, 0.75
0, 3928, 0.75
0, 3929, 0.75
0, 3930, 0.75
0, 3931, 0.75
0, 3932, 0.75
0, 3933, 0.75
0, 3934, 0.75
0, 3935, 0.75
0, 3936, 0.75
0, 3937, 0.75
0, 3938, 0.75
0, 3939, 0.75
0, 3940, 1.0
0, 3941, 0.75
0, 3942, 0.75
0, 3943, 0.75
0, 3944, 1.0
0, 3945, 1.25
0, 3946, 1.5
0, 3947, 1.75
0, 3948, 2.0
0, 3949, 2.25
0, 3950, 2.5
0, 3951, 2.75
0, 3952, 3.0
0, 3953, 3.25
0, 3954, 3.5
0, 3955, 3.75
0, 3956, 4.0
0, 3957, 4.25
0, 3958, 4.5
0, 3959, 4.75
0, 3960, 5.0
0, 3961, 5.25
0, 3962, 5.5
0, 3963, 5.75
0, 3964, 6.0
0, 3965, 6.25
0, 3966, 6.5
0, 3967, 6.75
0, 3968, 7.0
0, 3969, 7.25
0, 3970, 7.5
0, 3971, 7.75
0, 3972, 8.0
0, 3973, 8.25
0, 3974, 8.5
0, 3975, 8.75
0, 3976, 9.0
0, 3977, 9.25
0, 3978, 9.5
0, 3979, 9.75
0, 3980, 10.0
0, 3981, 10.25
0, 3982, 10.5
0, 3983, 10.75
0, 3984, 11.0
0, 3985, 11.25
0, 3986, 11.5
0, 3987, 11.75
0, 3988, 12.0
0, 3989, 12.25
0, 3990, 12.5
0, 3991, 12.75
0, 3992, 13.0
0, 3993, 13.25
0, 3994, 13.5
0, 3995, 13.75
0, 3996, 14.0
0, 3997, 14.25
0, 3998, 14.5
0, 3999, 14.75
0, 4000, 15.0
0, 4001, 15.25
0, 4002, 15.5
0, 4003, 15.75
0, 4004, 16.0
0, 4005, 16.25
0, 4006, 16.5
0, 4007, 16.75
0, 4008, 17.0
0, 4009, 17.25
0, 4010, 17.5
0, 4011, 17.75
0, 4012, 18.0
0, 4013, 18.25
0, 4014, 18.5
0, 4015, 18.75
0, 4016, 19.0
0, 4017, 19.25
0, 4018, 19.5
0, 4019, 19.75
0, 4020, 20.0
0, 4021, 20.25
0, 4022, 20.5
0, 4023, 20.75
0, 4024, 21.0
0, 4025, 21.25
0, 4026, 21.5
0, 4027, 21.75
0, 4028, 22.0
0, 4029, 22.25
0, 4030, 22.5
0, 4031, 22.75
0, 4032, 23.0
0, 4033, 23.25
0, 4034, 23.5
0, 4035, 23.75
0, 4036, 24.0
0, 4037, 24.25
0, 4038, 24.5
0, 4039, 24.75
0, 4040, 25.0
0, 4041, 25.25
0, 4042, 25.5
0, 4043, 25.75
0, 4044, 26.0
0, 4045, 26.25
0, 4046, 26.5
0, 4047, 26.75
0, 4048, 27.0
0, 4049, 27.25
0, 4050, 27.5
0, 4051, 27.75
0, 4052, 28.0
0, 4053, 28.25
0, 4054, 28.0
0, 4055, 27.75
0, 4056, 27.5
0, 4057, 27.25
0, 4058, 27.0
0, 4059, 26.75
0, 4060, 26.5
0, 4061, 26.25
0, 4062, 26.0
0, 4063, 25.75
0, 4064, 25.5
0, 4065, 25.25
0, 4066, 25.0
0, 4067, 24.75
0, 4068, 24.5
0, 4069, 24.25
0, 4070, 24.0
0, 4071, 23.75
0, 4072, 23.5
0, 4073, 23.25
0, 4074, 23.0
0, 4075, 22.75
0, 4076, 22.5
0, 4077, 22.25
0, 4078, 22.0
0, 4079, 21.75
0, 4080, 21.5
0, 4081, 21.25
0, 4082, 21.0
0, 4083, 20.75
0, 4084, 20.5
0, 4085, 20.25
0, 4086, 20.0
0, 4087, 19.75
0, 4088, 19.5
0, 4089, 19.25
0, 4090, 19.0
0, 4091, 18.75
0, 4092, 18.5
0, 4093, 18.25
0, 4094, 18.0
0, 4095, 17.75
0, 4096, 17.5
0, 4097, 17.25
0, 4098, 17.0
0, 4099, 16.75
0, 4100, 16.5
0, 4101, 16.25
0, 4102, 16.0
0, 4103, 15.75
0, 4104, 15.5
0, 4105, 15.25
0, 4106, 15.0
0, 4107, 14.75
0, 4108, 14.5
0, 4109, 14.25
0, 4110, 14.0
0, 4111, 13.75
0, 4112, 13.5
0, 4113, 13.25
0, 4114, 13.0
0, 4115, 12.75
0, 4116, 12.5
0, 4117, 12.25
0, 4118, 12.0
0, 4119, 11.75
0, 4120, 11.5
0, 4121, 11.25
0, 4122, 11.0
0, 4123, 10.75
0, 4124, 10.5
0, 4125, 10.25
0, 4126, 10.0
0, 4127, 9.75
0, 4128, 9.5
0, 4129, 9.25
0, 4130, 9.0
0, 4131, 8.75
0, 4132, 8.5
0, 4133, 8.25
0, 4134, 8.0
0, 4135, 7.75
0, 4136, 7.5
0, 4137, 7.25
0, 4138, 7.0
0, 4139, 6.75
0, 4140, 6.5
0, 4141, 6.25
0, 4142, 6.0
0, 4143, 5.75
0, 4144, 5.5
0, 4145, 5.25
0, 4146, 5.0
0, 4147, 4.75
0, 4148, 4.5
0, 4149, 4.25
0, 4150, 4.0
0, 4151, 3.75
0, 4152, 3.5
0, 4153, 3.25
0, 4154, 3.0
0, 4155, 2.75
0, 4156, 2.5
0, 4157, 2.25
0, 4158, 2.0
0, 4159, 1.75
0, 4160, 1.5
0, 4161, 1.25
0, 4162, 1.0
0, 4163, 0.75
0, 4164, 0.75
0, 4165, 0.75
0, 4166, 0.75
0, 4167, 0.75
0, 4168, 0.75
0, 4169, 0.75
0, 4170, 0.75
0, 4171, 0.75
0, 4172, 0.75
0, 4173, 0.75
0, 4174, 0.75
0, 4175, 0.75
0, 4176, 0.75
0, 4177, 0.75
0, 4178, 0.75
0, 4179, 0.75
0, 4180, 0.75
0, 4181, 0.75
0, 4182, 0.75
0, 4183, 0.75
0, 4184, 0.75
0, 4185, 0.75
0, 4186, 0.75
0, 4187, 0.75
0, 4188, 0.75
0, 4189, 0.75
0, 4190, 0.75
0, 4191, 0.75
0, 4192, 0.75
0, 4193, 0.75
0, 4194, 0.75
0, 4195, 0.75
0, 4196, 0.75
0, 4197, 0.75
0, 4198, 0.75
0, 4199, 0.75
0, 4200, 0.75
0, 4201, 0.75
0, 4202, 0.75
0, 4203, 0.75
0, 4204, 1.0
0, 4205, 1.25
0, 4206, 1.5
0, 4207, 1.75
0, 4208, 2.0
0, 4209, 2.25
0, 4210, 2.5
0, 4211, 2.75
0, 4212, 3.0
0, 4213, 3.25
0, 4214, 3.5
0, 4215, 3.75
0, 4216, 4.0
0, 4217, 4.25
0, 4218, 4.5
0, 4219, 4.75
0, 4220, 5.0
0, 4221, 5.25
0, 4222, 5.5
0, 4223, 5.75
0, 4224, 6.0
0, 4225, 6.25
0, 4226, 6.5
0, 4227, 6.75
0, 4228, 7.0
0, 4229, 6.75
0, 4230, 6.5
0, 4231, 6.75
0, 4232, 7.0
0, 4233, 7.25
0, 4234, 7.5
0, 4235, 7.75
0, 4236, 8.0
0, 4237, 8.25
0, 4238, 8.5
0, 4239, 8.75
0, 4240, 9.0
0, 4241, 9.25
0, 4242, 9.5
0, 4243, 9.75
0, 4244, 10.0
0, 4245, 10.25
0, 4246, 10.5
0, 4247, 10.75
0, 4248, 11.0
0, 4249, 11.25
0, 4250, 11.0
0, 4251, 10.75
0, 4252, 11.0
0, 4253, 11.25
0, 4254, 11.5
0, 4255, 11.75
0, 4256, 12.0
0, 4257, 11.75
0, 4258, 11.5
0, 4259, 11.25
0, 4260, 11.5
0, 4261, 11.75
0, 4262, 12.0
0, 4263, 11.75
0, 4264, 11.5
0, 4265, 11.25
0, 4266, 11.0
0, 4267, 10.75
0, 4268, 10.5
0, 4269, 10.25
0, 4270, 10.0
0, 4271, 9.75
0, 4272, 9.5
0, 4273, 9.25
0, 4274, 9.0
0, 4275, 8.75
0, 4276, 8.5
0, 4277, 8.25
0, 4278, 8.0
0, 4279, 7.75
0, 4280, 7.5
0, 4281, 7.75
0, 4282, 7.5
0, 4283, 7.25
0, 4284, 7.0
0, 4285, 6.75
0, 4286, 6.5
0, 4287, 6.25
0, 4288, 6.0
0, 4289, 6.25
0, 4290, 6.5
0, 4291, 6.25
0, 4292, 6.0
0, 4293, 5.75
0, 4294, 5.5
0, 4295, 5.75
0, 4296, 6.0
0, 4297, 6.25
0, 4298, 6.5
0, 4299, 6.25
0, 4300, 6.0
0, 4301, 6.25
0, 4302, 6.5
0, 4303, 6.75
0, 4304, 7.0
0, 4305, 7.25
0, 4306, 7.5
0, 4307, 7.75
0, 4308, 8.0
0, 4309, 8.25
0, 4310, 8.5
0, 4311, 8.75
0, 4312, 9.0
0, 4313, 9.25
0, 4314, 9.5
0, 4315, 9.75
0, 4316, 10.0
0, 4317, 10.25
0, 4318, 10.5
0, 4319, 10.75
0, 4320, 11.0
0, 4321, 11.25
0, 4322, 11.5
0, 4323, 11.75
0, 4324, 12.0
0, 4325, 12.25
0, 4326, 12.5
0, 4327, 12.25
0, 4328, 12.0
0, 4329, 12.25
0, 4330, 12.5
0, 4331, 12.75
0, 4332, 13.0
0, 4333, 13.25
0, 4334, 13.0
0, 4335, 12.75
0, 4336, 12.5
0, 4337, 12.75
0, 4338, 13.0
0, 4339, 13.25
0, 4340, 13.5
0, 4341, 13.25
0, 4342, 13.0
0, 4343, 12.75
0, 4344, 13.0
0, 4345, 13.25
0, 4346, 13.5
0, 4347, 13.75
0, 4348, 13.5
0, 4349, 13.25
0, 4350, 13.0
0, 4351, 13.25
0, 4352, 13.5
0, 4353, 13.75
0, 4354, 13.5
0, 4355, 13.25
0, 4356, 13.0
0, 4357, 12.75
0, 4358, 13.0
0, 4359, 13.25
0, 4360, 13.5
0, 4361, 13.25
0, 4362, 13.0
0, 4363, 12.75
0, 4364, 12.5
0, 4365, 12.75
0, 4366, 13.0
0, 4367, 13.25
0, 4368, 13.0
0, 4369, 12.75
0, 4370, 12.5
0, 4371, 12.25
0, 4372, 12.5
0, 4373, 12.75
0, 4374, 13.0
0, 4375, 12.75
0, 4376, 12.5
0, 4377, 12.25
0, 4378, 12.0
0, 4379, 11.75
0, 4380, 11.5
0, 4381, 11.25
0, 4382, 11.0
0, 4383, 10.75
0, 4384, 10.5
0, 4385, 10.25
0, 4386, 10.0
0, 4387, 9.75
0, 4388, 9.5
0, 4389, 9.25
0, 4390, 9.0
0, 4391, 8.75
0, 4392, 8.5
0, 4393, 8.25
0, 4394, 8.0
0, 4395, 7.75
0, 4396, 7.5
0, 4397, 7.25
0, 4398, 7.0
0, 4399, 6.75
0, 4400, 6.5
0, 4401, 6.25
0, 4402, 6.0
0, 4403, 5.75
0, 4404, 5.5
0, 4405, 5.25
0, 4406, 5.0
0, 4407, 4.75
0, 4408, 4.5
0, 4409, 4.25
0, 4410, 4.0
0, 4411, 3.75
0, 4412, 3.5
0, 4413, 3.25
0, 4414, 3.0
0, 4415, 2.75
0, 4416, 2.5
0, 4417, 2.25
0, 4418, 2.0
0, 4419, 1.75
0, 4420, 1.5
0, 4421, 1.25
0, 4422, 1.0
0, 4423, 0.75
0, 4424, 0.75
0, 4425, 0.75
0, 4426, 0.75
0, 4427, 0.75
0, 4428, 0.75
0, 4429, 0.75
0, 4430, 0.75
0, 4431, 0.75
0, 4432, 0.75
0, 4433, 0.75
0, 4434, 0.75
0, 4435, 0.75
0, 4436, 0.75
0, 4437, 0.75
0, 4438, 0.75
0, 4439, 0.75
0, 4440, 0.75
0, 4441, 0.75
0, 4442, 0.75
0, 4443, 0.75
0, 4444, 1.0
0, 4445, 0.75
0, 4446, 0.75
0, 4447, 0.75
0, 4448, 1.0
0, 4449, 1.25
0, 4450, 1.5
0, 4451, 1.75
0, 4452, 2.0
0, 4453, 2.25
0, 4454, 2.5
0, 4455, 2.75
0, 4456, 3.0
0, 4457, 3.25
0, 4458, 3.5
0, 4459, 3.75
0, 4460, 4.0
0, 4461, 4.25
0, 4462, 4.5
0, 4463, 4.75
0, 4464, 5.0
0, 4465, 5.25
0, 4466, 5.5
0, 4467, 5.75
0, 4468, 6.0
0, 4469, 6.25
0, 4470, 6.5
0, 4471, 6.75
0, 4472, 7.0
0, 4473, 7.25
0, 4474, 7.5
0, 4475, 7.75
0, 4476, 8.0
0, 4477, 8.25
0, 4478, 8.5
0, 4479, 8.75
0, 4480, 9.0
0, 4481, 9.25
0, 4482, 9.5
0, 4483, 9.75
0, 4484, 10.0
0, 4485, 10.25
0, 4486, 10.5
0, 4487, 10.75
0, 4488, 10.5
0, 4489, 10.25
0, 4490, 10.5
0, 4491, 10.75
0, 4492, 11.0
0, 4493, 11.25
0, 4494, 11.0
0, 4495, 10.75
0, 4496, 10.5
0, 4497, 10.75
0, 4498, 11.0
0, 4499, 11.25
0, 4500, 11.5
0, 4501, 11.25
0, 4502, 11.0
0, 4503, 10.75
0, 4504, 10.5
0, 4505, 10.25
0, 4506, 10.0
0, 4507, 9.75
0, 4508, 9.5
0, 4509, 9.25
0, 4510, 9.0
0, 4511, 8.75
0, 4512, 8.5
0, 4513, 8.25
0, 4514, 8.0
0, 4515, 7.75
0, 4516, 7.5
0, 4517, 7.25
0, 4518, 7.0
0, 4519, 6.75
0, 4520, 6.5
0, 4521, 6.25
0, 4522, 6.0
0, 4523, 5.75
0, 4524, 5.5
0, 4525, 5.25
0, 4526, 5.0
0, 4527, 4.75
0, 4528, 4.5
0, 4529, 4.25
0, 4530, 4.0
0, 4531, 3.75
0, 4532, 3.5
0, 4533, 3.25
0, 4534, 3.0
0, 4535, 3.25
0, 4536, 3.0
0, 4537, 2.75
0, 4538, 2.5
0, 4539, 2.75
0, 4540, 3.0
0, 4541, 3.25
0, 4542, 3.5
0, 4543, 3.75
0, 4544, 4.0
0, 4545, 4.25
0, 4546, 4.5
0, 4547, 4.75
0, 4548, 5.0
0, 4549, 5.25
0, 4550, 5.5
0, 4551, 5.75
0, 4552, 6.0
0, 4553, 6.25
0, 4554, 6.5
0, 4555, 6.75
0, 4556, 7.0
0, 4557, 7.25
0, 4558, 7.5
0, 4559, 7.75
0, 4560, 8.0
0, 4561, 8.25
0, 4562, 8.5
0, 4563, 8.75
0, 4564, 9.0
0, 4565, 9.25
0, 4566, 9.5
0, 4567, 9.75
0, 4568, 10.0
0, 4569, 10.25
0, 4570, 10.5
0, 4571, 10.75
0, 4572, 11.0
0, 4573, 11.25
0, 4574, 11.5
0, 4575, 11.75
0, 4576, 12.0
0, 4577, 12.25
0, 4578, 12.5
0, 4579, 12.75
0, 4580, 13.0
0, 4581, 13.25
0, 4582, 13.5
0, 4583, 13.75
0, 4584, 14.0
0, 4585, 14.25
0, 4586, 14.5
0, 4587, 14.75
0, 4588, 15.0
0, 4589, 15.25
0, 4590, 15.5
0, 4591, 15.75
0, 4592, 16.0
0, 4593, 15.75
0, 4594, 15.5
0, 4595, 15.25
0, 4596, 15.5
0, 4597, 15.75
0, 4598, 16.0
0, 4599, 15.75
0, 4600, 15.5
0, 4601, 15.25
0, 4602, 15.0
0, 4603, 14.75
0, 4604, 14.5
0, 4605, 14.25
0, 4606, 14.0
0, 4607, 13.75
0, 4608, 13.5
0, 4609, 13.25
0, 4610, 13.0
0, 4611, 12.75
0, 4612, 12.5
0, 4613, 12.25
0, 4614, 12.0
0, 4615, 11.75
0, 4616, 11.5
0, 4617, 11.25
0, 4618, 11.0
0, 4619, 10.75
0, 4620, 10.5
0, 4621, 10.25
0, 4622, 10.0
0, 4623, 9.75
0, 4624, 9.5
0, 4625, 9.25
0, 4626, 9.0
0, 4627, 8.75
0, 4628, 8.5
0, 4629, 8.25
0, 4630, 8.0
0, 4631, 7.75
0, 4632, 7.5
0, 4633, 7.25
0, 4634, 7.0
0, 4635, 6.75
0, 4636, 6.5
0, 4637, 6.25
0, 4638, 6.0
0, 4639, 5.75
0, 4640, 5.5
0, 4641, 5.25
0, 4642, 5.0
0, 4643, 4.75
0, 4644, 4.5
0, 4645, 4.25
0, 4646, 4.0
0, 4647, 3.75
0, 4648, 3.5
0, 4649, 3.25
0, 4650, 3.0
0, 4651, 2.75
0, 4652, 2.5
0, 4653, 2.25
0, 4654, 2.0
0, 4655, 1.75
0, 4656, 1.5
0, 4657, 1.25
0, 4658, 1.0
0, 4659, 0.75
0, 4660, 0.75
0, 4661, 0.75
0, 4662, 0.75
0, 4663, 0.75
0, 4664, 0.75
0, 4665, 0.75
0, 4666, 0.75
0, 4667, 0.75
0, 4668, 0.75
0, 4669, 0.75
0, 4670, 0.75
0, 4671, 0.75
0, 4672, 0.75
0, 4673, 0.75
0, 4674, 1.0
0, 4675, 1.25
0, 4676, 1.0
0, 4677, 0.75
0, 4678, 0.75
0, 4679, 1.0
0, 4680, 1.25
0, 4681, 1.5
0, 4682, 1.75
0, 4683, 2.0
0, 4684, 2.25
0, 4685, 2.5
0, 4686, 2.75
0, 4687, 3.0
0, 4688, 3.25
0, 4689, 3.5
0, 4690, 3.75
0, 4691, 4.0
0, 4692, 4.25
0, 4693, 4.5
0, 4694, 4.75
0, 4695, 5.0
0, 4696, 5.25
0, 4697, 5.5
0, 4698, 5.75
0, 4699, 6.0
0, 4700, 6.25
0, 4701, 6.5
0, 4702, 6.75
0, 4703, 7.0
0, 4704, 7.25
0, 4705, 7.5
0, 4706, 7.75
0, 4707, 8.0
0, 4708, 8.25
0, 4709, 8.5
0, 4710, 8.75
0, 4711, 9.0
0, 4712, 9.25
0, 4713, 9.5
0, 4714, 9.75
0, 4715, 10.0
0, 4716, 10.25
0, 4717, 10.5
0, 4718, 10.75
0, 4719, 11.0
0, 4720, 11.25
0, 4721, 11.5
0, 4722, 11.75
0, 4723, 12.0
0, 4724, 12.25
0, 4725, 12.5
0, 4726, 12.75
0, 4727, 13.0
0, 4728, 13.25
0, 4729, 13.5
0, 4730, 13.75
0, 4731, 14.0
0, 4732, 14.25
0, 4733, 14.0
0, 4734, 13.75
0, 4735, 14.0
0, 4736, 14.25
0, 4737, 14.5
0, 4738, 14.75
0, 4739, 14.5
0, 4740, 14.25
0, 4741, 14.0
0, 4742, 13.75
0, 4743, 13.5
0, 4744, 13.25
0, 4745, 13.0
0, 4746, 12.75
0, 4747, 12.5
0, 4748, 12.25
0, 4749, 12.0
0, 4750, 11.75
0, 4751, 11.5
0, 4752, 11.25
0, 4753, 11.0
0, 4754, 10.75
0, 4755, 10.5
0, 4756, 10.25
0, 4757, 10.0
0, 4758, 9.75
0, 4759, 9.5
0, 4760, 9.25
0, 4761, 9.0
0, 4762, 8.75
0, 4763, 8.5
0, 4764, 8.25
0, 4765, 8.0
0, 4766, 7.75
0, 4767, 7.5
0, 4768, 7.25
0, 4769, 7.0
0, 4770, 6.75
0, 4771, 6.5
0, 4772, 6.25
0, 4773, 6.0
0, 4774, 5.75
0, 4775, 5.5
0, 4776, 5.25
0, 4777, 5.0
0, 4778, 4.75
0, 4779, 4.5
0, 4780, 4.25
0, 4781, 4.0
0, 4782, 3.75
0, 4783, 3.5
0, 4784, 3.25
0, 4785, 3.0
0, 4786, 2.75
0, 4787, 2.5
0, 4788, 2.25
0, 4789, 2.0
0, 4790, 1.75
0, 4791, 1.5
0, 4792, 1.25
0, 4793, 1.0
0, 4794, 0.75
0, 4795, 0.75
0, 4796, 0.75
0, 4797, 0.75
0, 4798, 0.75
0, 4799, 0.75
0, 4800, 0.75
0, 4801, 0.75
0, 4802, 0.75
0, 4803, 0.75
0, 4804, 0.75
0, 4805, 1.0
0, 4806, 1.25
0, 4807, 1.5
0, 4808, 1.75
0, 4809, 2.0
0, 4810, 2.25
0, 4811, 2.5
0, 4812, 2.75
0, 4813, 3.0
0, 4814, 3.25
0, 4815, 3.5
0, 4816, 3.75
0, 4817, 4.0
0, 4818, 4.25
0, 4819, 4.5
0, 4820, 4.75
0, 4821, 5.0
0, 4822, 5.25
0, 4823, 5.5
0, 4824, 5.75
0, 4825, 6.0
0, 4826, 6.25
0, 4827, 6.5
0, 4828, 6.75
0, 4829, 7.0
0, 4830, 7.25
0, 4831, 7.5
0, 4832, 7.75
0, 4833, 8.0
0, 4834, 8.25
0, 4835, 8.5
0, 4836, 8.75
0, 4837, 9.0
0, 4838, 9.25
0, 4839, 9.5
0, 4840, 9.75
0, 4841, 10.0
0, 4842, 10.25
0, 4843, 10.5
0, 4844, 10.75
0, 4845, 11.0
0, 4846, 11.25
0, 4847, 11.5
0, 4848, 11.75
0, 4849, 12.0
0, 4850, 12.25
0, 4851, 12.5
0, 4852, 12.75
0, 4853, 13.0
0, 4854, 13.25
0, 4855, 13.5
0, 4856, 13.75
0, 4857, 14.0
0, 4858, 14.25
0, 4859, 14.5
0, 4860, 14.75
0, 4861, 15.0
0, 4862, 15.25
0, 4863, 15.5
0, 4864, 15.75
0, 4865, 16.0
0, 4866, 15.75
0, 4867, 15.5
0, 4868, 15.25
0, 4869, 15.0
0, 4870, 14.75
0, 4871, 14.5
0, 4872, 14.25
0, 4873, 14.0
0, 4874, 13.75
0, 4875, 13.5
0, 4876, 13.25
0, 4877, 13.0
0, 4878, 12.75
0, 4879, 12.5
0, 4880, 12.25
0, 4881, 12.0
0, 4882, 11.75
0, 4883, 11.5
0, 4884, 11.25
0, 4885, 11.0
0, 4886, 10.75
0, 4887, 10.5
0, 4888, 10.25
0, 4889, 10.0
0, 4890, 9.75
0, 4891, 9.5
0, 4892, 9.25
0, 4893, 9.0
0, 4894, 8.75
0, 4895, 8.5
0, 4896, 8.25
0, 4897, 8.0
0, 4898, 7.75
0, 4899, 7.5
0, 4900, 7.25
0, 4901, 7.0
0, 4902, 6.75
0, 4903, 6.5
0, 4904, 6.25
0, 4905, 6.0
0, 4906, 5.75
0, 4907, 5.5
0, 4908, 5.25
0, 4909, 5.0
0, 4910, 4.75
0, 4911, 4.5
0, 4912, 4.25
0, 4913, 4.0
0, 4914, 3.75
0, 4915, 3.5
0, 4916, 3.25
0, 4917, 3.0
0, 4918, 2.75
0, 4919, 2.5
0, 4920, 2.25
0, 4921, 2.0
0, 4922, 1.75
0, 4923, 1.5
0, 4924, 1.25
0, 4925, 1.0
0, 4926, 0.75
0, 4927, 0.75
0, 4928, 0.75
0, 4929, 0.75
0, 4930, 0.75
0, 4931, 0.75
0, 4932, 0.75
0, 4933, 0.75
0, 4934, 0.75
0, 4935, 0.75
0, 4936, 0.75
0, 4937, 0.75
0, 4938, 0.75
0, 4939, 0.75
0, 4940, 0.75
0, 4941, 0.75
0, 4942, 0.75
0, 4943, 0.75
0, 4944, 0.75
0, 4945, 0.75
0, 4946, 0.75
0, 4947, 0.75
0, 4948, 1.0
0, 4949, 0.75
0, 4950, 0.75
0, 4951, 0.75
0, 4952, 1.0
0, 4953, 1.25
0, 4954, 1.5
0, 4955, 1.75
0, 4956, 2.0
0, 4957, 2.25
0, 4958, 2.5
0, 4959, 2.75
0, 4960, 3.0
0, 4961, 3.25
0, 4962, 3.5
0, 4963, 3.75
0, 4964, 4.0
0, 4965, 4.25
0, 4966, 4.5
0, 4967, 4.75
0, 4968, 5.0
0, 4969, 5.25
0, 4970, 5.5
0, 4971, 5.75
0, 4972, 6.0
0, 4973, 6.25
0, 4974, 6.5
0, 4975, 6.75
0, 4976, 7.0
0, 4977, 7.25
0, 4978, 7.5
0, 4979, 7.75
0, 4980, 8.0
0, 4981, 8.25
0, 4982, 8.5
0, 4983, 8.75
0, 4984, 9.0
0, 4985, 9.25
0, 4986, 9.5
0, 4987, 9.75
0, 4988, 10.0
0, 4989, 10.25
0, 4990, 10.5
0, 4991, 10.75
0, 4992, 11.0
0, 4993, 11.25
0, 4994, 11.5
0, 4995, 11.75
0, 4996, 12.0
0, 4997, 12.25
0, 4998, 12.5
0, 4999, 12.75
