Replication, Day, Arrival Amount
0, 0, 30.0
0, 1, 30.25
0, 2, 30.5
0, 3, 30.75
0, 4, 31.0
0, 5, 31.25
0, 6, 31.5
0, 7, 31.75
0, 8, 32.0
0, 9, 32.25
0, 10, 32.5
0, 11, 32.75
0, 12, 33.0
0, 13, 33.25
0, 14, 33.5
0, 15, 33.75
0, 16, 34.0
0, 17, 34.25
0, 18, 34.5
0, 19, 34.75
0, 20, 35.0
0, 21, 35.25
0, 22, 35.5
0, 23, 35.75
0, 24, 36.0
0, 25, 36.25
0, 26, 36.5
0, 27, 36.75
0, 28, 37.0
0, 29, 37.25
0, 30, 37.5
0, 31, 37.75
0, 32, 38.0
0, 33, 38.25
0, 34, 38.5
0, 35, 38.75
0, 36, 39.0
0, 37, 39.25
0, 38, 39.5
0, 39, 39.75
0, 40, 40.0
0, 41, 40.25
0, 42, 40.5
0, 43, 40.75
0, 44, 41.0
0, 45, 41.25
0, 46, 41.5
0, 47, 41.75
0, 48, 42.0
0, 49, 42.25
0, 50, 42.5
0, 51, 42.75
0, 52, 43.0
0, 53, 43.25
0, 54, 43.5
0, 55, 43.75
0, 56, 44.0
0, 57, 44.25
0, 58, 44.5
0, 59, 44.75
0, 60, 45.0
0, 61, 45.25
0, 62, 45.5
0, 63, 45.75
0, 64, 46.0
0, 65, 46.25
0, 66, 46.5
0, 67, 46.75
0, 68, 47.0
0, 69, 47.25
0, 70, 47.5
0, 71, 47.75
0, 72, 48.0
0, 73, 48.25
0, 74, 48.5
0, 75, 48.75
0, 76, 49.0
0, 77, 49.25
0, 78, 49.5
0, 79, 49.75
0, 80, 50.0
0, 81, 50.25
0, 82, 50.5
0, 83, 50.75
0, 84, 51.0
0, 85, 51.25
0, 86, 51.5
0, 87, 51.75
0, 88, 52.0
0, 89, 52.25
0, 90, 52.5
0, 91, 52.75
0, 92, 53.0
0, 93, 53.25
0, 94, 53.5
0, 95, 53.75
0, 96, 54.0
0, 97, 54.25
0, 98, 54.5
0, 99, 54.75
0, 100, 55.0
0, 101, 55.25
0, 102, 55.5
0, 103, 55.75
0, 104, 56.0
0, 105, 56.25
0, 106, 56.5
0, 107, 56.75
0, 108, 57.0
0, 109, 57.25
0, 110, 57.5
0, 111, 57.75
0, 112, 58.0
0, 113, 58.25
0, 114, 58.5
0, 115, 58.75
0, 116, 59.0
0, 117, 59.25
0, 118, 59.5
0, 119, 59.75
0, 120, 60.0
0, 121, 60.25
0, 122, 60.5
0, 123, 60.75
0, 124, 61.0
0, 125, 61.25
0, 126, 61.5
0, 127, 61.75
0, 128, 62.0
0, 129, 62.25
0, 130, 62.5
0, 131, 62.75
0, 132, 63.0
0, 133, 63.25
0, 134, 63.5
0, 135, 63.75
0, 136, 64.0
0, 137, 64.25
0, 138, 64.5
0, 139, 64.75
0, 140, 65.0
0, 141, 65.25
0, 142, 65.5
0, 143, 65.75
0, 144, 66.0
0, 145, 66.25
0, 146, 66.5
0, 147, 66.75
0, 148, 67.0
0, 149, 67.25
0, 150, 67.5
0, 151, 67.75
0, 152, 68.0
0, 153, 68.25
0, 154, 68.5
0, 155, 68.75
0, 156, 69.0
0, 157, 69.25
0, 158, 69.5
0, 159, 69.75
0, 160, 70.0
0, 161, 70.25
0, 162, 70.5
0, 163, 70.75
0, 164, 71.0
0, 165, 71.25
0, 166, 71.5
0, 167, 71.75
0, 168, 72.0
0, 169, 72.25
0, 170, 72.5
0, 171, 72.75
0, 172, 73.0
0, 173, 73.25
0, 174, 73.5
0, 175, 73.75
0, 176, 74.0
0, 177, 74.25
0, 178, 74.5
0, 179, 74.75
0, 180, 75.0
0, 181, 75.25
0, 182, 75.5
0, 183, 75.75
0, 184, 76.0
0, 185, 76.25
0, 186, 76.5
0, 187, 76.75
0, 188, 77.0
0, 189, 77.25
0, 190, 77.5
0, 191, 77.75
0, 192, 78.0
0, 193, 78.25
0, 194, 78.5
0, 195, 78.75
0, 196, 79.0
0, 197, 79.25
0, 198, 79.5
0, 199, 79.75
0, 200, 80.0
0, 201, 80.25
0, 202, 80.5
0, 203, 80.75
0, 204, 81.0
0, 205, 81.25
0, 206, 81.5
0, 207, 81.75
0, 208, 82.0
0, 209, 82.25
0, 210, 82.5
0, 211, 82.75
0, 212, 83.0
0, 213, 83.25
0, 214, 83.5
0, 215, 83.75
0, 216, 84.0
0, 217, 84.25
0, 218, 84.5
0, 219, 84.75
0, 220, 85.0
0, 221, 85.25
0, 222, 85.5
0, 223, 85.75
0, 224, 86.0
0, 225, 86.25
0, 226, 86.5
0, 227, 86.75
0, 228, 87.0
0, 229, 87.25
0, 230, 87.5
0, 231, 87.75
0, 232, 88.0
0, 233, 88.25
0, 234, 88.5
0, 235, 88.75
0, 236, 89.0
0, 237, 89.25
0, 238, 89.5
0, 239, 89.25
0, 240, 89.0
0, 241, 88.75
0, 242, 88.5
0, 243, 88.75
0, 244, 89.0
0, 245, 88.75
0, 246, 88.5
0, 247, 88.25
0, 248, 88.0
0, 249, 87.75
0, 250, 87.5
0, 251, 87.25
0, 252, 87.0
0, 253, 86.75
0, 254, 86.5
0, 255, 86.25
0, 256, 86.0
0, 257, 85.75
0, 258, 85.5
0, 259, 85.25
0, 260, 85.0
0, 261, 84.75
0, 262, 84.5
0, 263, 84.25
0, 264, 84.0
0, 265, 83.75
0, 266, 83.5
0, 267, 83.25
0, 268, 83.0
0, 269, 82.75
0, 270, 82.5
0, 271, 82.25
0, 272, 82.0
0, 273, 81.75
0, 274, 81.5
0, 275, 81.25
0, 276, 81.0
0, 277, 80.75
0, 278, 80.5
0, 279, 80.25
0, 280, 80.0
0, 281, 79.75
0, 282, 79.5
0, 283, 79.25
0, 284, 79.0
0, 285, 78.75
0, 286, 78.5
0, 287, 78.25
0, 288, 78.0
0, 289, 77.75
0, 290, 77.5
0, 291, 77.25
0, 292, 77.0
0, 293, 76.75
0, 294, 76.5
0, 295, 76.25
0, 296, 76.0
0, 297, 75.75
0, 298, 75.5
0, 299, 75.25
0, 300, 75.0
0, 301, 74.75
0, 302, 74.5
0, 303, 74.25
0, 304, 74.0
0, 305, 73.75
0, 306, 73.5
0, 307, 73.25
0, 308, 73.0
0, 309, 72.75
0, 310, 72.5
0, 311, 72.25
0, 312, 72.0
0, 313, 71.75
0, 314, 71.5
0, 315, 71.25
0, 316, 71.0
0, 317, 70.75
0, 318, 70.5
0, 319, 70.25
0, 320, 70.0
0, 321, 69.75
0, 322, 69.5
0, 323, 69.25
0, 324, 69.0
0, 325, 68.75
0, 326, 68.5
0, 327, 68.25
0, 328, 68.0
0, 329, 67.75
0, 330, 67.5
0, 331, 67.25
0, 332, 67.0
0, 333, 66.75
0, 334, 66.5
0, 335, 66.25
0, 336, 66.0
0, 337, 65.75
0, 338, 65.5
0, 339, 65.25
0, 340, 65.0
0, 341, 64.75
0, 342, 64.5
0, 343, 64.25
0, 344, 64.0
0, 345, 63.75
0, 346, 63.5
0, 347, 63.25
0, 348, 63.0
0, 349, 62.75
0, 350, 62.5
0, 351, 62.25
0, 352, 62.0
0, 353, 61.75
0, 354, 61.5
0, 355, 61.25
0, 356, 61.0
0, 357, 60.75
0, 358, 60.5
0, 359, 60.25
0, 360, 60.0
0, 361, 59.75
0, 362, 59.5
0, 363, 59.25
0, 364, 59.0
0, 365, 58.75
0, 366, 58.5
0, 367, 58.25
0, 368, 58.0
0, 369, 57.75
0, 370, 57.5
0, 371, 57.25
0, 372, 57.0
0, 373, 56.75
0, 374, 56.5
0, 375, 56.25
0, 376, 56.0
0, 377, 55.75
0, 378, 55.5
0, 379, 55.25
0, 380, 55.0
0, 381, 54.75
0, 382, 54.5
0, 383, 54.25
0, 384, 54.0
0, 385, 53.75
0, 386, 53.5
0, 387, 53.25
0, 388, 53.0
0, 389, 52.75
0, 390, 52.5
0, 391, 52.25
0, 392, 52.0
0, 393, 51.75
0, 394, 51.5
0, 395, 51.25
0, 396, 51.0
0, 397, 50.75
0, 398, 50.5
0, 399, 50.25
0, 400, 50.0
0, 401, 49.75
0, 402, 49.5
0, 403, 49.25
0, 404, 49.0
0, 405, 48.75
0, 406, 48.5
0, 407, 48.25
0, 408, 48.0
0, 409, 47.75
0, 410, 47.5
0, 411, 47.25
0, 412, 47.0
0, 413, 46.75
0, 414, 46.5
0, 415, 46.25
0, 416, 46.0
0, 417, 45.75
0, 418, 45.5
0, 419, 45.25
0, 420, 45.0
0, 421, 44.75
0, 422, 44.5
0, 423, 44.25
0, 424, 44.0
0, 425, 43.75
0, 426, 43.5
0, 427, 43.25
0, 428, 43.0
0, 429, 42.75
0, 430, 42.5
0, 431, 42.25
0, 432, 42.0
0, 433, 41.75
0, 434, 41.5
0, 435, 41.25
0, 436, 41.0
0, 437, 40.75
0, 438, 41.0
0, 439, 41.25
0, 440, 41.5
0, 441, 41.75
0, 442, 42.0
0, 443, 42.25
0, 444, 42.5
0, 445, 42.75
0, 446, 43.0
0, 447, 43.25
0, 448, 43.5
0, 449, 43.75
0, 450, 44.0
0, 451, 44.25
0, 452, 44.5
0, 453, 44.75
0, 454, 45.0
0, 455, 45.25
0, 456, 45.5
0, 457, 45.75
0, 458, 46.0
0, 459, 46.25
0, 460, 46.5
0, 461, 46.75
0, 462, 47.0
0, 463, 47.25
0, 464, 47.5
0, 465, 47.75
0, 466, 48.0
0, 467, 48.25
0, 468, 48.5
0, 469, 48.75
0, 470, 49.0
0, 471, 49.25
0, 472, 49.5
0, 473, 49.75
0, 474, 50.0
0, 475, 50.25
0, 476, 50.5
0, 477, 50.75
0, 478, 51.0
0, 479, 51.25
0, 480, 51.5
0, 481, 51.75
0, 482, 52.0
0, 483, 52.25
0, 484, 52.5
0, 485, 52.75
0, 486, 53.0
0, 487, 53.25
0, 488, 53.5
0, 489, 53.75
0, 490, 54.0
0, 491, 54.25
0, 492, 54.5
0, 493, 54.75
0, 494, 55.0
0, 495, 55.25
0, 496, 55.5
0, 497, 55.75
0, 498, 56.0
0, 499, 56.25
0, 500, 56.5
0, 501, 56.75
0, 502, 57.0
0, 503, 57.25
0, 504, 57.5
0, 505, 57.75
0, 506, 58.0
0, 507, 58.25
0, 508, 58.5
0, 509, 58.75
0, 510, 59.0
0, 511, 59.25
0, 512, 59.5
0, 513, 59.75
0, 514, 60.0
0, 515, 60.25
0, 516, 60.5
0, 517, 60.75
0, 518, 61.0
0, 519, 61.25
0, 520, 61.5
0, 521, 61.75
0, 522, 62.0
0, 523, 62.25
0, 524, 62.5
0, 525, 62.75
0, 526, 63.0
0, 527, 63.25
0, 528, 63.5
0, 529, 63.75
0, 530, 64.0
0, 531, 64.25
0, 532, 64.5
0, 533, 64.75
0, 534, 65.0
0, 535, 65.25
0, 536, 65.5
0, 537, 65.75
0, 538, 66.0
0, 539, 66.25
0, 540, 66.5
0, 541, 66.75
0, 542, 67.0
0, 543, 67.25
0, 544, 67.5
0, 545, 67.75
0, 546, 68.0
0, 547, 68.25
0, 548, 68.5
0, 549, 68.75
0, 550, 69.0
0, 551, 69.25
0, 552, 69.5
0, 553, 69.75
0, 554, 70.0
0, 555, 70.25
0, 556, 70.5
0, 557, 70.75
0, 558, 71.0
0, 559, 71.25
0, 560, 71.5
0, 561, 71.75
0, 562, 72.0
0, 563, 72.25
0, 564, 72.5
0, 565, 72.75
0, 566, 73.0
0, 567, 73.25
0, 568, 73.5
0, 569, 73.75
0, 570, 74.0
0, 571, 74.25
0, 572, 74.5
0, 573, 74.75
0, 574, 75.0
0, 575, 75.25
0, 576, 75.5
0, 577, 75.75
0, 578, 76.0
0, 579, 76.25
0, 580, 76.5
0, 581, 76.75
0, 582, 77.0
0, 583, 77.25
0, 584, 77.5
0, 585, 77.75
0, 586, 78.0
0, 587, 78.25
0, 588, 78.5
0, 589, 78.75
0, 590, 79.0
0, 591, 79.25
0, 592, 79.5
0, 593, 79.75
0, 594, 80.0
0, 595, 80.25
0, 596, 80.5
0, 597, 80.75
0, 598, 81.0
0, 599, 81.25
0, 600, 81.5
0, 601, 81.75
0, 602, 82.0
0, 603, 82.25
0, 604, 82.5
0, 605, 82.75
0, 606, 83.0
0, 607, 83.25
0, 608, 83.5
0, 609, 83.75
0, 610, 84.0
0, 611, 84.25
0, 612, 84.5
0, 613, 84.75
0, 614, 85.0
0, 615, 85.25
0, 616, 85.5
0, 617, 85.75
0, 618, 86.0
0, 619, 86.25
0, 620, 86.5
0, 621, 86.75
0, 622, 87.0
0, 623, 87.25
0, 624, 87.0
0, 625, 87.25
0, 626, 87.5
0, 627, 87.75
0, 628, 88.0
0, 629, 88.25
0, 630, 88.0
0, 631, 87.75
0, 632, 87.5
0, 633, 87.25
0, 634, 87.0
0, 635, 86.75
0, 636, 86.5
0, 637, 86.25
0, 638, 86.0
0, 639, 85.75
0, 640, 85.5
0, 641, 85.25
0, 642, 85.0
0, 643, 84.75
0, 644, 84.5
0, 645, 84.25
0, 646, 84.0
0, 647, 83.75
0, 648, 83.5
0, 649, 83.25
0, 650, 83.0
0, 651, 82.75
0, 652, 82.5
0, 653, 82.25
0, 654, 82.0
0, 655, 81.75
0, 656, 81.5
0, 657, 81.25
0, 658, 81.0
0, 659, 80.75
0, 660, 80.5
0, 661, 80.25
0, 662, 80.0
0, 663, 79.75
0, 664, 79.5
0, 665, 79.25
0, 666, 79.0
0, 667, 78.75
0, 668, 78.5
0, 669, 78.25
0, 670, 78.0
0, 671, 77.75
0, 672, 77.5
0, 673, 77.25
0, 674, 77.0
0, 675, 76.75
0, 676, 76.5
0, 677, 76.25
0, 678, 76.0
0, 679, 75.75
0, 680, 75.5
0, 681, 75.25
0, 682, 75.0
0, 683, 74.75
0, 684, 74.5
0, 685, 74.25
0, 686, 74.0
0, 687, 73.75
0, 688, 73.5
0, 689, 73.25
0, 690, 73.0
0, 691, 72.75
0, 692, 72.5
0, 693, 72.25
0, 694, 72.0
0, 695, 71.75
0, 696, 71.5
0, 697, 71.25
0, 698, 71.0
0, 699, 70.75
0, 700, 70.5
0, 701, 70.25
0, 702, 70.0
0, 703, 69.75
0, 704, 69.5
0, 705, 69.25
0, 706, 69.0
0, 707, 68.75
0, 708, 68.5
0, 709, 68.25
0, 710, 68.0
0, 711, 67.75
0, 712, 67.5
0, 713, 67.25
0, 714, 67.0
0, 715, 66.75
0, 716, 66.5
0, 717, 66.25
0, 718, 66.0
0, 719, 65.75
0, 720, 65.5
0, 721, 65.25
0, 722, 65.0
0, 723, 64.75
0, 724, 64.5
0, 725, 64.25
0, 726, 64.0
0, 727, 63.75
0, 728, 63.5
0, 729, 63.25
0, 730, 63.0
0, 731, 62.75
0, 732, 62.5
0, 733, 62.25
0, 734, 62.0
0, 735, 61.75
0, 736, 61.5
0, 737, 61.25
0, 738, 61.0
0, 739, 60.75
0, 740, 60.5
0, 741, 60.25
0, 742, 60.0
0, 743, 59.75
0, 744, 59.5
0, 745, 59.25
0, 746, 59.0
0, 747, 58.75
0, 748, 58.5
0, 749, 58.25
0, 750, 58.0
0, 751, 57.75
0, 752, 57.5
0, 753, 57.25
0, 754, 57.0
0, 755, 56.75
0, 756, 56.5
0, 757, 56.25
0, 758, 56.0
0, 759, 55.75
0, 760, 55.5
0, 761, 55.25
0, 762, 55.0
0, 763, 54.75
0, 764, 54.5
0, 765, 54.25
0, 766, 54.0
0, 767, 53.75
0, 768, 53.5
0, 769, 53.25
0, 770, 53.0
0, 771, 52.75
0, 772, 52.5
0, 773, 52.25
0, 774, 52.0
0, 775, 51.75
0, 776, 51.5
0, 777, 51.25
0, 778, 51.0
0, 779, 50.75
0, 780, 50.5
0, 781, 50.25
0, 782, 50.0
0, 783, 49.75
0, 784, 49.5
0, 785, 49.25
0, 786, 49.0
0, 787, 48.75
0, 788, 48.5
0, 789, 48.25
0, 790, 48.0
0, 791, 47.75
0, 792, 47.5
0, 793, 47.25
0, 794, 47.0
0, 795, 46.75
0, 796, 46.5
0, 797, 46.25
0, 798, 46.0
0, 799, 45.75
0, 800, 45.5
0, 801, 45.25
0, 802, 45.0
0, 803, 44.75
0, 804, 44.5
0, 805, 44.25
0, 806, 44.0
0, 807, 43.75
0, 808, 43.5
0, 809, 43.25
0, 810, 43.0
0, 811, 42.75
0, 812, 42.5
0, 813, 42.25
0, 814, 42.0
0, 815, 41.75
0, 816, 41.5
0, 817, 41.25
0, 818, 41.0
0, 819, 40.75
0, 820, 40.5
0, 821, 40.25
0, 822, 40.0
0, 823, 39.75
0, 824, 39.5
0, 825, 39.25
0, 826, 39.0
0, 827, 38.75
0, 828, 38.5
0, 829, 38.25
0, 830, 38.0
0, 831, 37.75
0, 832, 37.5
0, 833, 37.25
0, 834, 37.0
0, 835, 36.75
0, 836, 36.5
0, 837, 36.25
0, 838, 36.0
0, 839, 35.75
0, 840, 35.5
0, 841, 35.25
0, 842, 35.0
0, 843, 34.75
0, 844, 34.5
0, 845, 34.25
0, 846, 34.0
0, 847, 33.75
0, 848, 33.5
0, 849, 33.25
0, 850, 33.0
0, 851, 32.75
0, 852, 32.5
0, 853, 32.25
0, 854, 32.0
0, 855, 31.75
0, 856, 31.5
0, 857, 31.25
0, 858, 31.0
0, 859, 30.75
0, 860, 30.5
0, 861, 30.25
0, 862, 30.0
0, 863, 29.75
0, 864, 29.5
0, 865, 29.25
0, 866, 29.0
0, 867, 28.75
0, 868, 28.5
0, 869, 28.25
0, 870, 28.0
0, 871, 27.75
0, 872, 27.5
0, 873, 27.25
0, 874, 27.0
0, 875, 26.75
0, 876, 26.5
0, 877, 26.25
0, 878, 26.0
0, 879, 25.75
0, 880, 25.5
0, 881, 25.25
0, 882, 25.0
0, 883, 24.75
0, 884, 24.5
0, 885, 24.25
0, 886, 24.0
0, 887, 23.75
0, 888, 23.5
0, 889, 23.25
0, 890, 23.0
0, 891, 22.75
0, 892, 22.5
0, 893, 22.25
0, 894, 22.0
0, 895, 21.75
0, 896, 21.5
0, 897, 21.25
0, 898, 21.0
0, 899, 20.75
0, 900, 20.5
0, 901, 20.25
0, 902, 20.0
0, 903, 19.75
0, 904, 19.5
0, 905, 19.25
0, 906, 19.0
0, 907, 18.75
0, 908, 18.5
0, 909, 18.25
0, 910, 18.0
0, 911, 17.75
0, 912, 17.5
0, 913, 17.25
0, 914, 17.0
0, 915, 16.75
0, 916, 16.5
0, 917, 16.25
0, 918, 16.0
0, 919, 15.75
0, 920, 15.5
0, 921, 15.25
0, 922, 15.0
0, 923, 14.75
0, 924, 14.5
0, 925, 14.25
0, 926, 14.0
0, 927, 13.75
0, 928, 13.5
0, 929, 13.25
0, 930, 13.0
0, 931, 12.75
0, 932, 12.5
0, 933, 12.25
0, 934, 12.0
0, 935, 11.75
0, 936, 11.5
0, 937, 11.25
0, 938, 11.0
0, 939, 10.75
0, 940, 10.5
0, 941, 10.25
0, 942, 10.0
0, 943, 9.75
0, 944, 9.5
0, 945, 9.25
0, 946, 9.0
0, 947, 8.75
0, 948, 8.5
0, 949, 8.25
0, 950, 8.0
0, 951, 7.75
0, 952, 7.5
0, 953, 7.25
0, 954, 7.0
0, 955, 6.75
0, 956, 6.5
0, 957, 6.25
0, 958, 6.0
0, 959, 5.75
0, 960, 5.5
0, 961, 5.25
0, 962, 5.0
0, 963, 4.75
0, 964, 4.5
0, 965, 4.25
0, 966, 4.0
0, 967, 3.75
0, 968, 3.5
0, 969, 3.25
0, 970, 3.0
0, 971, 2.75
0, 972, 2.5
0, 973, 2.25
0, 974, 2.0
0, 975, 1.75
0, 976, 1.5
0, 977, 1.25
0, 978, 1.0
0, 979, 0.75
0, 980, 0.75
0, 981, 0.75
0, 982, 0.75
0, 983, 0.75
0, 984, 0.75
0, 985, 0.75
0, 986, 0.75
0, 987, 0.75
0, 988, 0.75
0, 989, 0.75
0, 990, 0.75
0, 991, 0.75
0, 992, 0.75
0, 993, 0.75
0, 994, 0.75
0, 995, 0.75
0, 996, 0.75
0, 997, 0.75
0, 998, 0.75
0, 999, 0.75
0, 1000, 0.75
0, 1001, 0.75
0, 1002, 0.75
0, 1003, 0.75
0, 1004, 0.75
0, 1005, 0.75
0, 1006, 0.75
0, 1007, 0.75
0, 1008, 0.75
0, 1009, 0.75
0, 1010, 0.75
0, 1011, 0.75
0, 1012, 0.75
0, 1013, 0.75
0, 1014, 0.75
0, 1015, 0.75
0, 1016, 0.75
0, 1017, 0.75
0, 1018, 0.75
0, 1019, 0.75
0, 1020, 0.75
0, 1021, 0.75
0, 1022, 0.75
0, 1023, 0.75
0, 1024, 0.75
0, 1025, 0.75
0, 1026, 0.75
0, 1027, 0.75
0, 1028, 0.75
0, 1029, 0.75
0, 1030, 0.75
0, 1031, 0.75
0, 1032, 0.75
0, 1033, 0.75
0, 1034, 0.75
0, 1035, 0.75
0, 1036, 0.75
0, 1037, 0.75
0, 1038, 0.75
0, 1039, 0.75
0, 1040, 0.75
0, 1041, 0.75
0, 1042, 0.75
0, 1043, 0.75
0, 1044, 0.75
0, 1045, 0.75
0, 1046, 0.75
0, 1047, 0.75
0, 1048, 0.75
0, 1049, 0.75
0, 1050, 0.75
0, 1051, 0.75
0, 1052, 0.75
0, 1053, 0.75
0, 1054, 0.75
0, 1055, 0.75
0, 1056, 0.75
0, 1057, 0.75
0, 1058, 0.75
0, 1059, 0.75
0, 1060, 0.75
0, 1061, 0.75
0, 1062, 0.75
0, 1063, 0.75
0, 1064, 0.75
0, 1065, 0.75
0, 1066, 0.75
0, 1067, 0.75
0, 1068, 0.75
0, 1069, 0.75
0, 1070, 0.75
0, 1071, 0.75
0, 1072, 0.75
0, 1073, 0.75
0, 1074, 0.75
0, 1075, 0.75
0, 1076, 0.75
0, 1077, 0.75
0, 1078, 0.75
0, 1079, 0.75
0, 1080, 0.75
0, 1081, 0.75
0, 1082, 0.75
0, 1083, 0.75
0, 1084, 0.75
0, 1085, 0.75
0, 1086, 0.75
0, 1087, 0.75
0, 1088, 0.75
0, 1089, 0.75
0, 1090, 0.75
0, 1091, 0.75
0, 1092, 0.75
0, 1093, 0.75
0, 1094, 0.75
0, 1095, 0.75
0, 1096, 0.75
0, 1097, 0.75
0, 1098, 0.75
0, 1099, 0.75
0, 1100, 0.75
0, 1101, 0.75
0, 1102, 0.75
0, 1103, 0.75
0, 1104, 0.75
0, 1105, 0.75
0, 1106, 0.75
0, 1107, 0.75
0, 1108, 0.75
0, 1109, 0.75
0, 1110, 0.75
0, 1111, 0.75
0, 1112, 0.75
0, 1113, 0.75
0, 1114, 0.75
0, 1115, 0.75
0, 1116, 0.75
0, 1117, 0.75
0, 1118, 0.75
0, 1119, 0.75
0, 1120, 0.75
0, 1121, 0.75
0, 1122, 0.75
0, 1123, 0.75
0, 1124, 0.75
0, 1125, 0.75
0, 1126, 0.75
0, 1127, 0.75
0, 1128, 0.75
0, 1129, 0.75
0, 1130, 0.75
0, 1131, 0.75
0, 1132, 0.75
0, 1133, 0.75
0, 1134, 0.75
0, 1135, 0.75
0, 1136, 0.75
0, 1137, 0.75
0, 1138, 0.75
0, 1139, 0.75
0, 1140, 0.75
0, 1141, 0.75
0, 1142, 0.75
0, 1143, 0.75
0, 1144, 0.75
0, 1145, 0.75
0, 1146, 0.75
0, 1147, 0.75
0, 1148, 0.75
0, 1149, 0.75
0, 1150, 0.75
0, 1151, 0.75
0, 1152, 0.75
0, 1153, 0.75
0, 1154, 0.75
0, 1155, 0.75
0, 1156, 0.75
0, 1157, 0.75
0, 1158, 0.75
0, 1159, 0.75
0, 1160, 0.75
0, 1161, 0.75
0, 1162, 0.75
0, 1163, 0.75
0, 1164, 0.75
0, 1165, 0.75
0, 1166, 0.75
0, 1167, 0.75
0, 1168, 0.75
0, 1169, 0.75
0, 1170, 0.75
0, 1171, 0.75
0, 1172, 0.75
0, 1173, 0.75
0, 1174, 0.75
0, 1175, 0.75
0, 1176, 0.75
0, 1177, 0.75
0, 1178, 0.75
0, 1179, 0.75
0, 1180, 0.75
0, 1181, 0.75
0, 1182, 0.75
0, 1183, 0.75
0, 1184, 0.75
0, 1185, 0.75
0, 1186, 0.75
0, 1187, 0.75
0, 1188, 0.75
0, 1189, 0.75
0, 1190, 0.75
0, 1191, 0.75
0, 1192, 0.75
0, 1193, 0.75
0, 1194, 0.75
0, 1195, 0.75
0, 1196, 0.75
0, 1197, 0.75
0, 1198, 0.75
0, 1199, 0.75
0, 1200, 0.75
0, 1201, 0.75
0, 1202, 0.75
0, 1203, 0.75
0, 1204, 0.75
0, 1205, 0.75
0, 1206, 0.75
0, 1207, 0.75
0, 1208, 0.75
0, 1209, 0.75
0, 1210, 0.75
0, 1211, 0.75
0, 1212, 0.75
0, 1213, 0.75
0, 1214, 0.75
0, 1215, 0.75
0, 1216, 0.75
0, 1217, 0.75
0, 1218, 0.75
0, 1219, 0.75
0, 1220, 0.75
0, 1221, 0.75
0, 1222, 0.75
0, 1223, 0.75
0, 1224, 0.75
0, 1225, 0.75
0, 1226, 0.75
0, 1227, 0.75
0, 1228, 0.75
0, 1229, 0.75
0, 1230, 0.75
0, 1231, 0.75
0, 1232, 0.75
0, 1233, 0.75
0, 1234, 0.75
0, 1235, 0.75
0, 1236, 0.75
0, 1237, 0.75
0, 1238, 0.75
0, 1239, 0.75
0, 1240, 0.75
0, 1241, 0.75
0, 1242, 0.75
0, 1243, 0.75
0, 1244, 0.75
0, 1245, 0.75
0, 1246, 0.75
0, 1247, 0.75
0, 1248, 0.75
0, 1249, 0.75
0, 1250, 0.75
0, 1251, 0.75
0, 1252, 0.75
0, 1253, 0.75
0, 1254, 0.75
0, 1255, 0.75
0, 1256, 0.75
0, 1257, 0.75
0, 1258, 0.75
0, 1259, 0.75
0, 1260, 0.75
0, 1261, 0.75
0, 1262, 0.75
0, 1263, 0.75
0, 1264, 0.75
0, 1265, 0.75
0, 1266, 0.75
0, 1267, 0.75
0, 1268, 0.75
0, 1269, 0.75
0, 1270, 0.75
0, 1271, 0.75
0, 1272, 0.75
0, 1273, 0.75
0, 1274, 0.75
0, 1275, 0.75
0, 1276, 0.75
0, 1277, 0.75
0, 1278, 0.75
0, 1279, 0.75
0, 1280, 0.75
0, 1281, 0.75
0, 1282, 0.75
0, 1283, 0.75
0, 1284, 0.75
0, 1285, 0.75
0, 1286, 0.75
0, 1287, 0.75
0, 1288, 0.75
0, 1289, 0.75
0, 1290, 0.75
0, 1291, 0.75
0, 1292, 0.75
0, 1293, 0.75
0, 1294, 0.75
0, 1295, 0.75
0, 1296, 0.75
0, 1297, 0.75
0, 1298, 0.75
0, 1299, 0.75
0, 1300, 0.75
0, 1301, 0.75
0, 1302, 0.75
0, 1303, 0.75
0, 1304, 0.75
0, 1305, 0.75
0, 1306, 0.75
0, 1307, 0.75
0, 1308, 0.75
0, 1309, 0.75
0, 1310, 0.75
0, 1311, 0.75
0, 1312, 0.75
0, 1313, 0.75
0, 1314, 0.75
0, 1315, 0.75
0, 1316, 0.75
0, 1317, 0.75
0, 1318, 0.75
0, 1319, 0.75
0, 1320, 0.75
0, 1321, 0.75
0, 1322, 0.75
0, 1323, 0.75
0, 1324, 0.75
0, 1325, 0.75
0, 1326, 0.75
0, 1327, 0.75
0, 1328, 0.75
0, 1329, 0.75
0, 1330, 0.75
0, 1331, 0.75
0, 1332, 0.75
0, 1333, 0.75
0, 1334, 0.75
0, 1335, 0.75
0, 1336, 0.75
0, 1337, 0.75
0, 1338, 0.75
0, 1339, 0.75
0, 1340, 0.75
0, 1341, 0.75
0, 1342, 0.75
0, 1343, 0.75
0, 1344, 0.75
0, 1345, 0.75
0, 1346, 0.75
0, 1347, 0.75
0, 1348, 0.75
0, 1349, 0.75
0, 1350, 0.75
0, 1351, 0.75
0, 1352, 0.75
0, 1353, 0.75
0, 1354, 0.75
0, 1355, 0.75
0, 1356, 0.75
0, 1357, 0.75
0, 1358, 0.75
0, 1359, 0.75
0, 1360, 0.75
0, 1361, 0.75
0, 1362, 0.75
0, 1363, 0.75
0, 1364, 1.0
0, 1365, 1.25
0, 1366, 1.0
0, 1367, 0.75
0, 1368, 0.75
0, 1369, 0.75
0, 1370, 1.0
0, 1371, 1.25
0, 1372, 1.5
0, 1373, 1.75
0, 1374, 2.0
0, 1375, 2.25
0, 1376, 2.5
0, 1377, 2.75
0, 1378, 3.0
0, 1379, 3.25
0, 1380, 3.5
0, 1381, 3.75
0, 1382, 4.0
0, 1383, 4.25
0, 1384, 4.5
0, 1385, 4.75
0, 1386, 5.0
0, 1387, 5.25
0, 1388, 5.5
0, 1389, 5.75
0, 1390, 6.0
0, 1391, 6.25
0, 1392, 6.5
0, 1393, 6.75
0, 1394, 7.0
0, 1395, 7.25
0, 1396, 7.5
0, 1397, 7.75
0, 1398, 8.0
0, 1399, 8.25
0, 1400, 8.5
0, 1401, 8.75
0, 1402, 9.0
0, 1403, 9.25
0, 1404, 9.5
0, 1405, 9.75
0, 1406, 10.0
0, 1407, 10.25
0, 1408, 10.5
0, 1409, 10.75
0, 1410, 11.0
0, 1411, 11.25
0, 1412, 11.5
0, 1413, 11.75
0, 1414, 12.0
0, 1415, 12.25
0, 1416, 12.5
0, 1417, 12.75
0, 1418, 13.0
0, 1419, 13.25
0, 1420, 13.5
0, 1421, 13.75
0, 1422, 14.0
0, 1423, 14.25
0, 1424, 14.5
0, 1425, 14.75
0, 1426, 15.0
0, 1427, 15.25
0, 1428, 15.5
0, 1429, 15.75
0, 1430, 16.0
0, 1431, 16.25
0, 1432, 16.5
0, 1433, 16.75
0, 1434, 17.0
0, 1435, 17.25
0, 1436, 17.5
0, 1437, 17.75
0, 1438, 18.0
0, 1439, 18.25
0, 1440, 18.5
0, 1441, 18.75
0, 1442, 19.0
0, 1443, 19.25
0, 1444, 19.5
0, 1445, 19.75
0, 1446, 20.0
0, 1447, 20.25
0, 1448, 20.5
0, 1449, 20.75
0, 1450, 21.0
0, 1451, 21.25
0, 1452, 21.5
0, 1453, 21.75
0, 1454, 22.0
0, 1455, 22.25
0, 1456, 22.5
0, 1457, 22.25
0, 1458, 22.0
0, 1459, 21.75
0, 1460, 21.5
0, 1461, 21.25
0, 1462, 21.5
0, 1463, 21.75
0, 1464, 21.5
0, 1465, 21.25
0, 1466, 21.0
0, 1467, 20.75
0, 1468, 20.5
0, 1469, 20.25
0, 1470, 20.0
0, 1471, 19.75
0, 1472, 19.5
0, 1473, 19.25
0, 1474, 19.0
0, 1475, 18.75
0, 1476, 18.5
0, 1477, 18.25
0, 1478, 18.0
0, 1479, 17.75
0, 1480, 17.5
0, 1481, 17.25
0, 1482, 17.0
0, 1483, 16.75
0, 1484, 16.5
0, 1485, 16.25
0, 1486, 16.0
0, 1487, 15.75
0, 1488, 15.5
0, 1489, 15.25
0, 1490, 15.0
0, 1491, 14.75
0, 1492, 14.5
0, 1493, 14.25
0, 1494, 14.0
0, 1495, 13.75
0, 1496, 13.5
0, 1497, 13.25
0, 1498, 13.0
0, 1499, 12.75
0, 1500, 12.5
0, 1501, 12.25
0, 1502, 12.0
0, 1503, 11.75
0, 1504, 11.5
0, 1505, 11.25
0, 1506, 11.0
0, 1507, 10.75
0, 1508, 10.5
0, 1509, 10.25
0, 1510, 10.0
0, 1511, 9.75
0, 1512, 9.5
0, 1513, 9.25
0, 1514, 9.0
0, 1515, 8.75
0, 1516, 8.5
0, 1517, 8.25
0, 1518, 8.0
0, 1519, 7.75
0, 1520, 7.5
0, 1521, 7.25
0, 1522, 7.0
0, 1523, 6.75
0, 1524, 6.5
0, 1525, 6.25
0, 1526, 6.0
0, 1527, 5.75
0, 1528, 5.5
0, 1529, 5.25
0, 1530, 5.0
0, 1531, 4.75
0, 1532, 4.5
0, 1533, 4.25
0, 1534, 4.0
0, 1535, 3.75
0, 1536, 3.5
0, 1537, 3.25
0, 1538, 3.0
0, 1539, 2.75
0, 1540, 2.5
0, 1541, 2.25
0, 1542, 2.0
0, 1543, 1.75
0, 1544, 1.5
0, 1545, 1.25
0, 1546, 1.0
0, 1547, 0.75
0, 1548, 0.75
0, 1549, 0.75
0, 1550, 0.75
0, 1551, 0.75
0, 1552, 0.75
0, 1553, 1.0
0, 1554, 1.25
0, 1555, 1.0
0, 1556, 0.75
0, 1557, 0.75
0, 1558, 1.0
0, 1559, 1.25
0, 1560, 1.5
0, 1561, 1.75
0, 1562, 2.0
0, 1563, 2.25
0, 1564, 2.5
0, 1565, 2.75
0, 1566, 3.0
0, 1567, 3.25
0, 1568, 3.5
0, 1569, 3.75
0, 1570, 4.0
0, 1571, 4.25
0, 1572, 4.5
0, 1573, 4.75
0, 1574, 5.0
0, 1575, 5.25
0, 1576, 5.5
0, 1577, 5.75
0, 1578, 6.0
0, 1579, 6.25
0, 1580, 6.5
0, 1581, 6.75
0, 1582, 7.0
0, 1583, 7.25
0, 1584, 7.5
0, 1585, 7.75
0, 1586, 8.0
0, 1587, 8.25
0, 1588, 8.5
0, 1589, 8.75
0, 1590, 9.0
0, 1591, 9.25
0, 1592, 9.5
0, 1593, 9.75
0, 1594, 10.0
0, 1595, 10.25
0, 1596, 10.5
0, 1597, 10.75
0, 1598, 11.0
0, 1599, 11.25
0, 1600, 11.5
0, 1601, 11.75
0, 1602, 12.0
0, 1603, 12.25
0, 1604, 12.5
0, 1605, 12.75
0, 1606, 13.0
0, 1607, 13.25
0, 1608, 13.5
0, 1609, 13.75
0, 1610, 14.0
0, 1611, 14.25
0, 1612, 14.5
0, 1613, 14.75
0, 1614, 15.0
0, 1615, 15.25
0, 1616, 15.5
0, 1617, 15.75
0, 1618, 16.0
0, 1619, 16.25
0, 1620, 16.5
0, 1621, 16.75
0, 1622, 17.0
0, 1623, 17.25
0, 1624, 17.5
0, 1625, 17.75
0, 1626, 18.0
0, 1627, 18.25
0, 1628, 18.5
0, 1629, 18.75
0, 1630, 19.0
0, 1631, 19.25
0, 1632, 19.5
0, 1633, 19.75
0, 1634, 20.0
0, 1635, 20.25
0, 1636, 20.5
0, 1637, 20.75
0, 1638, 21.0
0, 1639, 21.25
0, 1640, 21.5
0, 1641, 21.25
0, 1642, 21.0
0, 1643, 20.75
0, 1644, 21.0
0, 1645, 21.25
0, 1646, 21.0
0, 1647, 20.75
0, 1648, 20.5
0, 1649, 20.25
0, 1650, 20.0
0, 1651, 19.75
0, 1652, 19.5
0, 1653, 19.25
0, 1654, 19.0
0, 1655, 18.75
0, 1656, 18.5
0, 1657, 18.25
0, 1658, 18.0
0, 1659, 17.75
0, 1660, 17.5
0, 1661, 17.25
0, 1662, 17.0
0, 1663, 16.75
0, 1664, 16.5
0, 1665, 16.25
0, 1666, 16.0
0, 1667, 15.75
0, 1668, 15.5
0, 1669, 15.25
0, 1670, 15.0
0, 1671, 14.75
0, 1672, 14.5
0, 1673, 14.25
0, 1674, 14.0
0, 1675, 13.75
0, 1676, 13.5
0, 1677, 13.25
0, 1678, 13.0
0, 1679, 12.75
0, 1680, 12.5
0, 1681, 12.25
0, 1682, 12.0
0, 1683, 11.75
0, 1684, 11.5
0, 1685, 11.25
0, 1686, 11.0
0, 1687, 10.75
0, 1688, 10.5
0, 1689, 10.25
0, 1690, 10.0
0, 1691, 9.75
0, 1692, 9.5
0, 1693, 9.25
0, 1694, 9.0
0, 1695, 8.75
0, 1696, 8.5
0, 1697, 8.25
0, 1698, 8.0
0, 1699, 7.75
0, 1700, 7.5
0, 1701, 7.25
0, 1702, 7.0
0, 1703, 6.75
0, 1704, 6.5
0, 1705, 6.25
0, 1706, 6.0
0, 1707, 5.75
0, 1708, 5.5
0, 1709, 5.25
0, 1710, 5.0
0, 1711, 4.75
0, 1712, 4.5
0, 1713, 4.25
0, 1714, 4.0
0, 1715, 3.75
0, 1716, 3.5
0, 1717, 3.25
0, 1718, 3.0
0, 1719, 2.75
0, 1720, 2.5
0, 1721, 2.25
0, 1722, 2.0
0, 1723, 1.75
0, 1724, 1.5
0, 1725, 1.25
0, 1726, 1.0
0, 1727, 1.25
0, 1728, 1.5
0, 1729, 1.75
0, 1730, 2.0
0, 1731, 2.25
0, 1732, 2.5
0, 1733, 2.75
0, 1734, 3.0
0, 1735, 3.25
0, 1736, 3.5
0, 1737, 3.75
0, 1738, 4.0
0, 1739, 4.25
0, 1740, 4.5
0, 1741, 4.75
0, 1742, 5.0
0, 1743, 5.25
0, 1744, 5.5
0, 1745, 5.75
0, 1746, 6.0
0, 1747, 6.25
0, 1748, 6.5
0, 1749, 6.75
0, 1750, 7.0
0, 1751, 7.25
0, 1752, 7.5
0, 1753, 7.75
0, 1754, 8.0
0, 1755, 8.25
0, 1756, 8.5
0, 1757, 8.75
0, 1758, 9.0
0, 1759, 9.25
0, 1760, 9.5
0, 1761, 9.75
0, 1762, 10.0
0, 1763, 10.25
0, 1764, 10.5
0, 1765, 10.75
0, 1766, 11.0
0, 1767, 11.25
0, 1768, 11.5
0, 1769, 11.75
0, 1770, 12.0
0, 1771, 12.25
0, 1772, 12.5
0, 1773, 12.75
0, 1774, 13.0
0, 1775, 13.25
0, 1776, 13.5
0, 1777, 13.75
0, 1778, 14.0
0, 1779, 14.25
0, 1780, 14.5
0, 1781, 14.75
0, 1782, 15.0
0, 1783, 15.25
0, 1784, 15.5
0, 1785, 15.75
0, 1786, 16.0
0, 1787, 16.25
0, 1788, 16.5
0, 1789, 16.75
0, 1790, 17.0
0, 1791, 17.25
0, 1792, 17.5
0, 1793, 17.75
0, 1794, 18.0
0, 1795, 18.25
0, 1796, 18.5
0, 1797, 18.75
0, 1798, 19.0
0, 1799, 19.25
0, 1800, 19.5
0, 1801, 19.75
0, 1802, 20.0
0, 1803, 20.25
0, 1804, 20.5
0, 1805, 20.75
0, 1806, 21.0
0, 1807, 20.75
0, 1808, 20.5
0, 1809, 20.25
0, 1810, 20.0
0, 1811, 19.75
0, 1812, 20.0
0, 1813, 19.75
0, 1814, 19.5
0, 1815, 19.25
0, 1816, 19.0
0, 1817, 18.75
0, 1818, 18.5
0, 1819, 18.75
0, 1820, 18.5
0, 1821, 18.25
0, 1822, 18.0
0, 1823, 17.75
0, 1824, 17.5
0, 1825, 17.25
0, 1826, 17.0
0, 1827, 16.75
0, 1828, 16.5
0, 1829, 16.25
0, 1830, 16.0
0, 1831, 15.75
0, 1832, 15.5
0, 1833, 15.25
0, 1834, 15.0
0, 1835, 14.75
0, 1836, 14.5
0, 1837, 14.25
0, 1838, 14.0
0, 1839, 13.75
0, 1840, 13.5
0, 1841, 13.25
0, 1842, 13.0
0, 1843, 12.75
0, 1844, 12.5
0, 1845, 12.25
0, 1846, 12.0
0, 1847, 11.75
0, 1848, 11.5
0, 1849, 11.25
0, 1850, 11.0
0, 1851, 10.75
0, 1852, 10.5
0, 1853, 10.25
0, 1854, 10.0
0, 1855, 9.75
0, 1856, 9.5
0, 1857, 9.25
0, 1858, 9.0
0, 1859, 8.75
0, 1860, 8.5
0, 1861, 8.25
0, 1862, 8.0
0, 1863, 7.75
0, 1864, 7.5
0, 1865, 7.25
0, 1866, 7.0
0, 1867, 6.75
0, 1868, 6.5
0, 1869, 6.25
0, 1870, 6.0
0, 1871, 5.75
0, 1872, 5.5
0, 1873, 5.25
0, 1874, 5.0
0, 1875, 4.75
0, 1876, 4.5
0, 1877, 4.25
0, 1878, 4.0
0, 1879, 3.75
0, 1880, 3.5
0, 1881, 3.25
0, 1882, 3.0
0, 1883, 2.75
0, 1884, 2.5
0, 1885, 2.25
0, 1886, 2.0
0, 1887, 1.75
0, 1888, 1.5
0, 1889, 1.25
0, 1890, 1.0
0, 1891, 0.75
0, 1892, 0.75
0, 1893, 0.75
0, 1894, 0.75
0, 1895, 0.75
0, 1896, 0.75
0, 1897, 0.75
0, 1898, 0.75
0, 1899, 0.75
0, 1900, 0.75
0, 1901, 0.75
0, 1902, 0.75
0, 1903, 1.0
0, 1904, 1.25
0, 1905, 1.5
0, 1906, 1.75
0, 1907, 2.0
0, 1908, 2.25
0, 1909, 2.5
0, 1910, 2.75
0, 1911, 3.0
0, 1912, 3.25
0, 1913, 3.5
0, 1914, 3.75
0, 1915, 4.0
0, 1916, 4.25
0, 1917, 4.5
0, 1918, 4.75
0, 1919, 5.0
0, 1920, 5.25
0, 1921, 5.5
0, 1922, 5.75
0, 1923, 6.0
0, 1924, 6.25
0, 1925, 6.5
0, 1926, 6.75
0, 1927, 7.0
0, 1928, 7.25
0, 1929, 7.5
0, 1930, 7.75
0, 1931, 8.0
0, 1932, 8.25
0, 1933, 8.5
0, 1934, 8.75
0, 1935, 9.0
0, 1936, 9.25
0, 1937, 9.5
0, 1938, 9.75
0, 1939, 10.0
0, 1940, 10.25
0, 1941, 10.5
0, 1942, 10.75
0, 1943, 11.0
0, 1944, 11.25
0, 1945, 11.5
0, 1946, 11.75
0, 1947, 12.0
0, 1948, 12.25
0, 1949, 12.5
0, 1950, 12.75
0, 1951, 13.0
0, 1952, 13.25
0, 1953, 13.5
0, 1954, 13.75
0, 1955, 14.0
0, 1956, 14.25
0, 1957, 14.5
0, 1958, 14.75
0, 1959, 15.0
0, 1960, 15.25
0, 1961, 15.5
0, 1962, 15.75
0, 1963, 16.0
0, 1964, 16.25
0, 1965, 16.5
0, 1966, 16.75
0, 1967, 17.0
0, 1968, 17.25
0, 1969, 17.5
0, 1970, 17.75
0, 1971, 18.0
0, 1972, 18.25
0, 1973, 18.5
0, 1974, 18.75
0, 1975, 19.0
0, 1976, 19.25
0, 1977, 19.5
0, 1978, 19.75
0, 1979, 20.0
0, 1980, 20.25
0, 1981, 20.5
0, 1982, 20.75
0, 1983, 21.0
0, 1984, 21.25
0, 1985, 21.5
0, 1986, 21.75
0, 1987, 22.0
0, 1988, 22.25
0, 1989, 22.5
0, 1990, 22.75
0, 1991, 23.0
0, 1992, 22.75
0, 1993, 22.5
0, 1994, 22.75
0, 1995, 22.5
0, 1996, 22.25
0, 1997, 22.0
0, 1998, 21.75
0, 1999, 21.5
0, 2000, 21.25
0, 2001, 21.0
0, 2002, 20.75
0, 2003, 20.5
0, 2004, 20.25
0, 2005, 20.0
0, 2006, 19.75
0, 2007, 19.5
0, 2008, 19.25
0, 2009, 19.0
0, 2010, 18.75
0, 2011, 18.5
0, 2012, 18.25
0, 2013, 18.0
0, 2014, 17.75
0, 2015, 17.5
0, 2016, 17.25
0, 2017, 17.0
0, 2018, 16.75
0, 2019, 16.5
0, 2020, 16.25
0, 2021, 16.0
0, 2022, 15.75
0, 2023, 15.5
0, 2024, 15.25
0, 2025, 15.0
0, 2026, 14.75
0, 2027, 14.5
0, 2028, 14.25
0, 2029, 14.0
0, 2030, 13.75
0, 2031, 13.5
0, 2032, 13.25
0, 2033, 13.0
0, 2034, 12.75
0, 2035, 12.5
0, 2036, 12.25
0, 2037, 12.0
0, 2038, 11.75
0, 2039, 11.5
0, 2040, 11.25
0, 2041, 11.0
0, 2042, 10.75
0, 2043, 10.5
0, 2044, 10.25
0, 2045, 10.0
0, 2046, 9.75
0, 2047, 9.5
0, 2048, 9.25
0, 2049, 9.0
0, 2050, 8.75
0, 2051, 8.5
0, 2052, 8.25
0, 2053, 8.0
0, 2054, 7.75
0, 2055, 7.5
0, 2056, 7.25
0, 2057, 7.0
0, 2058, 6.75
0, 2059, 6.5
0, 2060, 6.25
0, 2061, 6.0
0, 2062, 5.75
0, 2063, 5.5
0, 2064, 5.25
0, 2065, 5.0
0, 2066, 4.75
0, 2067, 4.5
0, 2068, 4.25
0, 2069, 4.0
0, 2070, 3.75
0, 2071, 3.5
0, 2072, 3.25
0, 2073, 3.0
0, 2074, 2.75
0, 2075, 2.5
0, 2076, 2.25
0, 2077, 2.0
0, 2078, 1.75
0, 2079, 1.5
0, 2080, 1.25
0, 2081, 1.0
0, 2082, 0.75
0, 2083, 0.75
0, 2084, 0.75
0, 2085, 0.75
0, 2086, 0.75
0, 2087, 0.75
0, 2088, 0.75
0, 2089, 0.75
0, 2090, 0.75
0, 2091, 0.75
0, 2092, 0.75
0, 2093, 0.75
0, 2094, 0.75
0, 2095, 0.75
0, 2096, 0.75
0, 2097, 0.75
0, 2098, 0.75
0, 2099, 0.75
0, 2100, 0.75
0, 2101, 0.75
0, 2102, 0.75
0, 2103, 0.75
0, 2104, 0.75
0, 2105, 0.75
0, 2106, 1.0
0, 2107, 1.25
0, 2108, 1.0
0, 2109, 0.75
0, 2110, 0.75
0, 2111, 0.75
0, 2112, 0.75
0, 2113, 1.0
0, 2114, 1.25
0, 2115, 1.0
0, 2116, 1.25
0, 2117, 1.5
0, 2118, 1.75
0, 2119, 2.0
0, 2120, 2.25
0, 2121, 2.5
0, 2122, 2.75
0, 2123, 3.0
0, 2124, 3.25
0, 2125, 3.5
0, 2126, 3.75
0, 2127, 4.0
0, 2128, 4.25
0, 2129, 4.5
0, 2130, 4.75
0, 2131, 5.0
0, 2132, 5.25
0, 2133, 5.5
0, 2134, 5.75
0, 2135, 6.0
0, 2136, 6.25
0, 2137, 6.5
0, 2138, 6.75
0, 2139, 7.0
0, 2140, 7.25
0, 2141, 7.5
0, 2142, 7.75
0, 2143, 8.0
0, 2144, 8.25
0, 2145, 8.5
0, 2146, 8.75
0, 2147, 9.0
0, 2148, 9.25
0, 2149, 9.5
0, 2150, 9.75
0, 2151, 10.0
0, 2152, 10.25
0, 2153, 10.5
0, 2154, 10.75
0, 2155, 11.0
0, 2156, 11.25
0, 2157, 11.5
0, 2158, 11.75
0, 2159, 12.0
0, 2160, 12.25
0, 2161, 12.5
0, 2162, 12.75
0, 2163, 13.0
0, 2164, 13.25
0, 2165, 13.5
0, 2166, 13.75
0, 2167, 14.0
0, 2168, 14.25
0, 2169, 14.5
0, 2170, 14.75
0, 2171, 15.0
0, 2172, 15.25
0, 2173, 15.5
0, 2174, 15.75
0, 2175, 16.0
0, 2176, 16.25
0, 2177, 16.5
0, 2178, 16.75
0, 2179, 17.0
0, 2180, 17.25
0, 2181, 17.5
0, 2182, 17.75
0, 2183, 18.0
0, 2184, 18.25
0, 2185, 18.5
0, 2186, 18.75
0, 2187, 19.0
0, 2188, 19.25
0, 2189, 19.5
0, 2190, 19.75
0, 2191, 20.0
0, 2192, 20.25
0, 2193, 20.5
0, 2194, 20.75
0, 2195, 21.0
0, 2196, 21.25
0, 2197, 21.5
0, 2198, 21.75
0, 2199, 21.5
0, 2200, 21.25
0, 2201, 21.0
0, 2202, 20.75
0, 2203, 20.5
0, 2204, 20.75
0, 2205, 20.5
0, 2206, 20.25
0, 2207, 20.0
0, 2208, 19.75
0, 2209, 19.5
0, 2210, 19.25
0, 2211, 19.5
0, 2212, 19.75
0, 2213, 19.5
0, 2214, 19.25
0, 2215, 19.0
0, 2216, 18.75
0, 2217, 18.5
0, 2218, 18.25
0, 2219, 18.0
0, 2220, 17.75
0, 2221, 17.5
0, 2222, 17.25
0, 2223, 17.0
0, 2224, 16.75
0, 2225, 17.0
0, 2226, 16.75
0, 2227, 16.5
0, 2228, 16.25
0, 2229, 16.0
0, 2230, 15.75
0, 2231, 15.5
0, 2232, 15.75
0, 2233, 16.0
0, 2234, 15.75
0, 2235, 15.5
0, 2236, 15.25
0, 2237, 15.0
0, 2238, 15.25
0, 2239, 15.5
0, 2240, 15.75
0, 2241, 16.0
0, 2242, 16.25
0, 2243, 16.5
0, 2244, 16.75
0, 2245, 16.5
0, 2246, 16.75
0, 2247, 17.0
0, 2248, 16.75
0, 2249, 17.0
0, 2250, 17.25
0, 2251, 17.5
0, 2252, 17.75
0, 2253, 18.0
0, 2254, 18.25
0, 2255, 18.0
0, 2256, 18.25
0, 2257, 18.5
0, 2258, 18.75
0, 2259, 19.0
0, 2260, 19.25
0, 2261, 19.5
0, 2262, 19.75
0, 2263, 20.0
0, 2264, 20.25
0, 2265, 20.5
0, 2266, 20.75
0, 2267, 21.0
0, 2268, 21.25
0, 2269, 21.5
0, 2270, 21.75
0, 2271, 22.0
0, 2272, 22.25
0, 2273, 22.5
0, 2274, 22.75
0, 2275, 23.0
0, 2276, 23.25
0, 2277, 23.5
0, 2278, 23.75
0, 2279, 24.0
0, 2280, 24.25
0, 2281, 24.5
0, 2282, 24.75
0, 2283, 25.0
0, 2284, 25.25
0, 2285, 25.5
0, 2286, 25.75
0, 2287, 26.0
0, 2288, 26.25
0, 2289, 26.5
0, 2290, 26.75
0, 2291, 27.0
0, 2292, 27.25
0, 2293, 27.5
0, 2294, 27.75
0, 2295, 28.0
0, 2296, 28.25
0, 2297, 28.5
0, 2298, 28.75
0, 2299, 29.0
0, 2300, 29.25
0, 2301, 29.5
0, 2302, 29.75
0, 2303, 30.0
0, 2304, 30.25
0, 2305, 30.5
0, 2306, 30.75
0, 2307, 31.0
0, 2308, 31.25
0, 2309, 31.5
0, 2310, 31.75
0, 2311, 32.0
0, 2312, 32.25
0, 2313, 32.5
0, 2314, 32.75
0, 2315, 33.0
0, 2316, 33.25
0, 2317, 33.5
0, 2318, 33.75
0, 2319, 34.0
0, 2320, 34.25
0, 2321, 34.5
0, 2322, 34.75
0, 2323, 35.0
0, 2324, 35.25
0, 2325, 35.5
0, 2326, 35.75
0, 2327, 36.0
0, 2328, 36.25
0, 2329, 36.5
0, 2330, 36.75
0, 2331, 37.0
0, 2332, 37.25
0, 2333, 37.5
0, 2334, 37.75
0, 2335, 38.0
0, 2336, 38.25
0, 2337, 38.5
0, 2338, 38.75
0, 2339, 39.0
0, 2340, 39.25
0, 2341, 39.5
0, 2342, 39.75
0, 2343, 40.0
0, 2344, 40.25
0, 2345, 40.5
0, 2346, 40.75
0, 2347, 41.0
0, 2348, 41.25
0, 2349, 41.5
0, 2350, 41.75
0, 2351, 42.0
0, 2352, 42.25
0, 2353, 42.0
0, 2354, 41.75
0, 2355, 41.5
0, 2356, 41.75
0, 2357, 42.0
0, 2358, 42.25
0, 2359, 42.5
0, 2360, 42.25
0, 2361, 42.0
0, 2362, 41.75
0, 2363, 41.5
0, 2364, 41.25
0, 2365, 41.5
0, 2366, 41.25
0, 2367, 41.0
0, 2368, 40.75
0, 2369, 40.5
0, 2370, 40.25
0, 2371, 40.0
0, 2372, 39.75
0, 2373, 39.5
0, 2374, 39.25
0, 2375, 39.0
0, 2376, 38.75
0, 2377, 38.5
0, 2378, 38.25
0, 2379, 38.0
0, 2380, 37.75
0, 2381, 37.5
0, 2382, 37.25
0, 2383, 37.0
0, 2384, 36.75
0, 2385, 36.5
0, 2386, 36.25
0, 2387, 36.0
0, 2388, 35.75
0, 2389, 35.5
0, 2390, 35.25
0, 2391, 35.0
0, 2392, 34.75
0, 2393, 34.5
0, 2394, 34.25
0, 2395, 34.0
0, 2396, 33.75
0, 2397, 33.5
0, 2398, 33.25
0, 2399, 33.0
0, 2400, 32.75
0, 2401, 32.5
0, 2402, 32.25
0, 2403, 32.0
0, 2404, 31.75
0, 2405, 31.5
0, 2406, 31.25
0, 2407, 31.0
0, 2408, 30.75
0, 2409, 30.5
0, 2410, 30.25
0, 2411, 30.0
0, 2412, 29.75
0, 2413, 29.5
0, 2414, 29.25
0, 2415, 29.0
0, 2416, 28.75
0, 2417, 28.5
0, 2418, 28.25
0, 2419, 28.0
0, 2420, 27.75
0, 2421, 27.5
0, 2422, 27.25
0, 2423, 27.0
0, 2424, 26.75
0, 2425, 26.5
0, 2426, 26.25
0, 2427, 26.5
0, 2428, 26.75
0, 2429, 27.0
0, 2430, 26.75
0, 2431, 26.5
0, 2432, 26.75
0, 2433, 27.0
0, 2434, 27.25
0, 2435, 27.5
0, 2436, 27.75
0, 2437, 28.0
0, 2438, 28.25
0, 2439, 28.5
0, 2440, 28.75
0, 2441, 29.0
0, 2442, 29.25
0, 2443, 29.5
0, 2444, 29.75
0, 2445, 30.0
0, 2446, 30.25
0, 2447, 30.5
0, 2448, 30.75
0, 2449, 31.0
0, 2450, 31.25
0, 2451, 31.5
0, 2452, 31.75
0, 2453, 32.0
0, 2454, 32.25
0, 2455, 32.5
0, 2456, 32.75
0, 2457, 33.0
0, 2458, 33.25
0, 2459, 33.5
0, 2460, 33.75
0, 2461, 34.0
0, 2462, 34.25
0, 2463, 34.5
0, 2464, 34.75
0, 2465, 35.0
0, 2466, 35.25
0, 2467, 35.5
0, 2468, 35.75
0, 2469, 36.0
0, 2470, 36.25
0, 2471, 36.5
0, 2472, 36.75
0, 2473, 37.0
0, 2474, 37.25
0, 2475, 37.5
0, 2476, 37.75
0, 2477, 38.0
0, 2478, 38.25
0, 2479, 38.5
0, 2480, 38.75
0, 2481, 39.0
0, 2482, 39.25
0, 2483, 39.5
0, 2484, 39.75
0, 2485, 40.0
0, 2486, 40.25
0, 2487, 40.5
0, 2488, 40.75
0, 2489, 41.0
0, 2490, 41.25
0, 2491, 41.5
0, 2492, 41.75
0, 2493, 42.0
0, 2494, 42.25
0, 2495, 42.5
0, 2496, 42.75
0, 2497, 43.0
0, 2498, 43.25
0, 2499, 43.5
0, 2500, 43.75
0, 2501, 44.0
0, 2502, 44.25
0, 2503, 44.5
0, 2504, 44.75
0, 2505, 45.0
0, 2506, 45.25
0, 2507, 45.5
0, 2508, 45.75
0, 2509, 46.0
0, 2510, 46.25
0, 2511, 46.5
0, 2512, 46.75
0, 2513, 47.0
0, 2514, 47.25
0, 2515, 47.5
0, 2516, 47.75
0, 2517, 48.0
0, 2518, 48.25
0, 2519, 48.5
0, 2520, 48.75
0, 2521, 49.0
0, 2522, 49.25
0, 2523, 49.5
0, 2524, 49.75
0, 2525, 50.0
0, 2526, 50.25
0, 2527, 50.5
0, 2528, 50.75
0, 2529, 51.0
0, 2530, 51.25
0, 2531, 51.5
0, 2532, 51.75
0, 2533, 52.0
0, 2534, 52.25
0, 2535, 52.5
0, 2536, 52.75
0, 2537, 53.0
0, 2538, 53.25
0, 2539, 53.5
0, 2540, 53.75
0, 2541, 54.0
0, 2542, 54.25
0, 2543, 54.5
0, 2544, 54.75
0, 2545, 55.0
0, 2546, 55.25
0, 2547, 55.5
0, 2548, 55.75
0, 2549, 56.0
0, 2550, 56.25
0, 2551, 56.5
0, 2552, 56.75
0, 2553, 57.0
0, 2554, 57.25
0, 2555, 57.5
0, 2556, 57.75
0, 2557, 58.0
0, 2558, 58.25
0, 2559, 58.5
0, 2560, 58.75
0, 2561, 59.0
0, 2562, 59.25
0, 2563, 59.5
0, 2564, 59.75
0, 2565, 60.0
0, 2566, 60.25
0, 2567, 60.5
0, 2568, 60.75
0, 2569, 61.0
0, 2570, 61.25
0, 2571, 61.5
0, 2572, 61.75
0, 2573, 62.0
0, 2574, 62.25
0, 2575, 62.5
0, 2576, 62.75
0, 2577, 63.0
0, 2578, 63.25
0, 2579, 63.5
0, 2580, 63.75
0, 2581, 64.0
0, 2582, 64.25
0, 2583, 64.5
0, 2584, 64.75
0, 2585, 65.0
0, 2586, 65.25
0, 2587, 65.5
0, 2588, 65.75
0, 2589, 66.0
0, 2590, 66.25
0, 2591, 66.5
0, 2592, 66.75
0, 2593, 67.0
0, 2594, 67.25
0, 2595, 67.5
0, 2596, 67.75
0, 2597, 68.0
0, 2598, 68.25
0, 2599, 68.5
0, 2600, 68.75
0, 2601, 69.0
0, 2602, 69.25
0, 2603, 69.5
0, 2604, 69.75
0, 2605, 70.0
0, 2606, 70.25
0, 2607, 70.5
0, 2608, 70.75
0, 2609, 71.0
0, 2610, 71.25
0, 2611, 71.5
0, 2612, 71.75
0, 2613, 72.0
0, 2614, 72.25
0, 2615, 72.5
0, 2616, 72.75
0, 2617, 73.0
0, 2618, 73.25
0, 2619, 73.5
0, 2620, 73.75
0, 2621, 74.0
0, 2622, 74.25
0, 2623, 74.5
0, 2624, 74.75
0, 2625, 75.0
0, 2626, 74.75
0, 2627, 74.5
0, 2628, 74.25
0, 2629, 74.0
0, 2630, 73.75
0, 2631, 73.5
0, 2632, 73.25
0, 2633, 73.0
0, 2634, 72.75
0, 2635, 72.5
0, 2636, 72.25
0, 2637, 72.0
0, 2638, 71.75
0, 2639, 71.5
0, 2640, 71.25
0, 2641, 71.0
0, 2642, 70.75
0, 2643, 70.5
0, 2644, 70.25
0, 2645, 70.0
0, 2646, 69.75
0, 2647, 69.5
0, 2648, 69.25
0, 2649, 69.0
0, 2650, 68.75
0, 2651, 68.5
0, 2652, 68.25
0, 2653, 68.0
0, 2654, 67.75
0, 2655, 67.5
0, 2656, 67.25
0, 2657, 67.0
0, 2658, 66.75
0, 2659, 66.5
0, 2660, 66.25
0, 2661, 66.0
0, 2662, 65.75
0, 2663, 65.5
0, 2664, 65.25
0, 2665, 65.0
0, 2666, 64.75
0, 2667, 64.5
0, 2668, 64.25
0, 2669, 64.0
0, 2670, 63.75
0, 2671, 63.5
0, 2672, 63.25
0, 2673, 63.0
0, 2674, 62.75
0, 2675, 62.5
0, 2676, 62.25
0, 2677, 62.0
0, 2678, 61.75
0, 2679, 61.5
0, 2680, 61.25
0, 2681, 61.0
0, 2682, 60.75
0, 2683, 60.5
0, 2684, 60.25
0, 2685, 60.0
0, 2686, 59.75
0, 2687, 59.5
0, 2688, 59.25
0, 2689, 59.0
0, 2690, 58.75
0, 2691, 58.5
0, 2692, 58.25
0, 2693, 58.0
0, 2694, 57.75
0, 2695, 57.5
0, 2696, 57.25
0, 2697, 57.0
0, 2698, 56.75
0, 2699, 56.5
0, 2700, 56.25
0, 2701, 56.0
0, 2702, 55.75
0, 2703, 55.5
0, 2704, 55.25
0, 2705, 55.0
0, 2706, 54.75
0, 2707, 54.5
0, 2708, 54.25
0, 2709, 54.0
0, 2710, 53.75
0, 2711, 53.5
0, 2712, 53.25
0, 2713, 53.0
0, 2714, 52.75
0, 2715, 52.5
0, 2716, 52.25
0, 2717, 52.0
0, 2718, 51.75
0, 2719, 51.5
0, 2720, 51.25
0, 2721, 51.0
0, 2722, 50.75
0, 2723, 50.5
0, 2724, 50.25
0, 2725, 50.0
0, 2726, 49.75
0, 2727, 49.5
0, 2728, 49.25
0, 2729, 49.0
0, 2730, 48.75
0, 2731, 48.5
0, 2732, 48.25
0, 2733, 48.0
0, 2734, 47.75
0, 2735, 47.5
0, 2736, 47.25
0, 2737, 47.0
0, 2738, 46.75
0, 2739, 46.5
0, 2740, 46.25
0, 2741, 46.0
0, 2742, 45.75
0, 2743, 45.5
0, 2744, 45.25
0, 2745, 45.0
0, 2746, 44.75
0, 2747, 44.5
0, 2748, 44.25
0, 2749, 44.0
0, 2750, 43.75
0, 2751, 43.5
0, 2752, 43.25
0, 2753, 43.0
0, 2754, 42.75
0, 2755, 42.5
0, 2756, 42.25
0, 2757, 42.0
0, 2758, 41.75
0, 2759, 41.5
0, 2760, 41.25
0, 2761, 41.0
0, 2762, 40.75
0, 2763, 40.5
0, 2764, 40.25
0, 2765, 40.0
0, 2766, 39.75
0, 2767, 39.5
0, 2768, 39.25
0, 2769, 39.0
0, 2770, 38.75
0, 2771, 38.5
0, 2772, 38.25
0, 2773, 38.0
0, 2774, 37.75
0, 2775, 37.5
0, 2776, 37.25
0, 2777, 37.0
0, 2778, 36.75
0, 2779, 36.5
0, 2780, 36.25
0, 2781, 36.0
0, 2782, 35.75
0, 2783, 35.5
0, 2784, 35.25
0, 2785, 35.0
0, 2786, 34.75
0, 2787, 34.5
0, 2788, 34.25
0, 2789, 34.0
0, 2790, 33.75
0, 2791, 33.5
0, 2792, 33.25
0, 2793, 33.0
0, 2794, 32.75
0, 2795, 32.5
0, 2796, 32.25
0, 2797, 32.0
0, 2798, 31.75
0, 2799, 32.0
0, 2800, 31.75
0, 2801, 31.5
0, 2802, 31.75
0, 2803, 32.0
0, 2804, 32.25
0, 2805, 32.5
0, 2806, 32.75
0, 2807, 33.0
0, 2808, 33.25
0, 2809, 33.5
0, 2810, 33.75
0, 2811, 34.0
0, 2812, 34.25
0, 2813, 34.5
0, 2814, 34.75
0, 2815, 35.0
0, 2816, 35.25
0, 2817, 35.5
0, 2818, 35.75
0, 2819, 36.0
0, 2820, 36.25
0, 2821, 36.5
0, 2822, 36.75
0, 2823, 37.0
0, 2824, 37.25
0, 2825, 37.5
0, 2826, 37.75
0, 2827, 38.0
0, 2828, 38.25
0, 2829, 38.5
0, 2830, 38.75
0, 2831, 39.0
0, 2832, 39.25
0, 2833, 39.5
0, 2834, 39.75
0, 2835, 40.0
0, 2836, 40.25
0, 2837, 40.5
0, 2838, 40.75
0, 2839, 41.0
0, 2840, 41.25
0, 2841, 41.5
0, 2842, 41.75
0, 2843, 42.0
0, 2844, 42.25
0, 2845, 42.5
0, 2846, 42.75
0, 2847, 43.0
0, 2848, 43.25
0, 2849, 43.5
0, 2850, 43.75
0, 2851, 44.0
0, 2852, 44.25
0, 2853, 44.5
0, 2854, 44.75
0, 2855, 45.0
0, 2856, 45.25
0, 2857, 45.5
0, 2858, 45.75
0, 2859, 46.0
0, 2860, 46.25
0, 2861, 46.5
0, 2862, 46.75
0, 2863, 47.0
0, 2864, 47.25
0, 2865, 47.5
0, 2866, 47.75
0, 2867, 48.0
0, 2868, 48.25
0, 2869, 48.5
0, 2870, 48.75
0, 2871, 49.0
0, 2872, 49.25
0, 2873, 49.5
0, 2874, 49.75
0, 2875, 50.0
0, 2876, 50.25
0, 2877, 50.5
0, 2878, 50.75
0, 2879, 51.0
0, 2880, 51.25
0, 2881, 51.5
0, 2882, 51.75
0, 2883, 52.0
0, 2884, 52.25
0, 2885, 52.5
0, 2886, 52.75
0, 2887, 53.0
0, 2888, 53.25
0, 2889, 53.5
0, 2890, 53.75
0, 2891, 54.0
0, 2892, 54.25
0, 2893, 54.5
0, 2894, 54.75
0, 2895, 55.0
0, 2896, 55.25
0, 2897, 55.5
0, 2898, 55.75
0, 2899, 56.0
0, 2900, 56.25
0, 2901, 56.5
0, 2902, 56.75
0, 2903, 57.0
0, 2904, 57.25
0, 2905, 57.5
0, 2906, 57.75
0, 2907, 58.0
0, 2908, 58.25
0, 2909, 58.5
0, 2910, 58.75
0, 2911, 59.0
0, 2912, 59.25
0, 2913, 59.5
0, 2914, 59.75
0, 2915, 60.0
0, 2916, 60.25
0, 2917, 60.5
0, 2918, 60.75
0, 2919, 61.0
0, 2920, 61.25
0, 2921, 61.5
0, 2922, 61.75
0, 2923, 62.0
0, 2924, 62.25
0, 2925, 62.5
0, 2926, 62.75
0, 2927, 63.0
0, 2928, 63.25
0, 2929, 63.5
0, 2930, 63.75
0, 2931, 64.0
0, 2932, 64.25
0, 2933, 64.5
0, 2934, 64.75
0, 2935, 65.0
0, 2936, 65.25
0, 2937, 65.5
0, 2938, 65.75
0, 2939, 66.0
0, 2940, 66.25
0, 2941, 66.0
0, 2942, 65.75
0, 2943, 65.5
0, 2944, 65.25
0, 2945, 65.0
0, 2946, 64.75
0, 2947, 64.5
0, 2948, 64.25
0, 2949, 64.0
0, 2950, 63.75
0, 2951, 63.5
0, 2952, 63.25
0, 2953, 63.0
0, 2954, 62.75
0, 2955, 62.5
0, 2956, 62.25
0, 2957, 62.0
0, 2958, 61.75
0, 2959, 61.5
0, 2960, 61.25
0, 2961, 61.0
0, 2962, 60.75
0, 2963, 60.5
0, 2964, 60.25
0, 2965, 60.0
0, 2966, 59.75
0, 2967, 59.5
0, 2968, 59.25
0, 2969, 59.0
0, 2970, 58.75
0, 2971, 58.5
0, 2972, 58.25
0, 2973, 58.0
0, 2974, 57.75
0, 2975, 57.5
0, 2976, 57.25
0, 2977, 57.0
0, 2978, 56.75
0, 2979, 56.5
0, 2980, 56.25
0, 2981, 56.0
0, 2982, 55.75
0, 2983, 55.5
0, 2984, 55.25
0, 2985, 55.0
0, 2986, 54.75
0, 2987, 54.5
0, 2988, 54.25
0, 2989, 54.0
0, 2990, 53.75
0, 2991, 53.5
0, 2992, 53.25
0, 2993, 53.0
0, 2994, 52.75
0, 2995, 52.5
0, 2996, 52.25
0, 2997, 52.0
0, 2998, 51.75
0, 2999, 51.5
0, 3000, 51.25
0, 3001, 51.0
0, 3002, 50.75
0, 3003, 50.5
0, 3004, 50.25
0, 3005, 50.0
0, 3006, 49.75
0, 3007, 49.5
0, 3008, 49.25
0, 3009, 49.0
0, 3010, 48.75
0, 3011, 48.5
0, 3012, 48.25
0, 3013, 48.0
0, 3014, 47.75
0, 3015, 47.5
0, 3016, 47.25
0, 3017, 47.0
0, 3018, 46.75
0, 3019, 46.5
0, 3020, 46.25
0, 3021, 46.0
0, 3022, 45.75
0, 3023, 45.5
0, 3024, 45.25
0, 3025, 45.0
0, 3026, 44.75
0, 3027, 44.5
0, 3028, 44.25
0, 3029, 44.0
0, 3030, 43.75
0, 3031, 43.5
0, 3032, 43.25
0, 3033, 43.0
0, 3034, 42.75
0, 3035, 42.5
0, 3036, 42.25
0, 3037, 42.0
0, 3038, 41.75
0, 3039, 41.5
0, 3040, 41.25
0, 3041, 41.0
0, 3042, 40.75
0, 3043, 40.5
0, 3044, 40.25
0, 3045, 40.0
0, 3046, 39.75
0, 3047, 39.5
0, 3048, 39.25
0, 3049, 39.0
0, 3050, 38.75
0, 3051, 38.5
0, 3052, 38.25
0, 3053, 38.0
0, 3054, 37.75
0, 3055, 37.5
0, 3056, 37.25
0, 3057, 37.0
0, 3058, 36.75
0, 3059, 36.5
0, 3060, 36.25
0, 3061, 36.0
0, 3062, 35.75
0, 3063, 35.5
0, 3064, 35.25
0, 3065, 35.0
0, 3066, 34.75
0, 3067, 34.5
0, 3068, 34.25
0, 3069, 34.0
0, 3070, 33.75
0, 3071, 33.5
0, 3072, 33.25
0, 3073, 33.0
0, 3074, 32.75
0, 3075, 32.5
0, 3076, 32.25
0, 3077, 32.0
0, 3078, 31.75
0, 3079, 31.5
0, 3080, 31.25
0, 3081, 31.0
0, 3082, 30.75
0, 3083, 30.5
0, 3084, 30.25
0, 3085, 30.0
0, 3086, 29.75
0, 3087, 29.5
0, 3088, 29.25
0, 3089, 29.0
0, 3090, 28.75
0, 3091, 28.5
0, 3092, 28.25
0, 3093, 28.0
0, 3094, 27.75
0, 3095, 27.5
0, 3096, 27.25
0, 3097, 27.0
0, 3098, 26.75
0, 3099, 26.5
0, 3100, 26.25
0, 3101, 26.0
0, 3102, 25.75
0, 3103, 25.5
0, 3104, 25.25
0, 3105, 25.0
0, 3106, 24.75
0, 3107, 24.5
0, 3108, 24.25
0, 3109, 24.0
0, 3110, 23.75
0, 3111, 23.5
0, 3112, 23.25
0, 3113, 23.0
0, 3114, 22.75
0, 3115, 22.5
0, 3116, 22.25
0, 3117, 22.0
0, 3118, 21.75
0, 3119, 21.5
0, 3120, 21.25
0, 3121, 21.0
0, 3122, 20.75
0, 3123, 20.5
0, 3124, 20.25
0, 3125, 20.0
0, 3126, 19.75
0, 3127, 19.5
0, 3128, 19.25
0, 3129, 19.0
0, 3130, 18.75
0, 3131, 18.5
0, 3132, 18.25
0, 3133, 18.0
0, 3134, 17.75
0, 3135, 17.5
0, 3136, 17.25
0, 3137, 17.0
0, 3138, 16.75
0, 3139, 16.5
0, 3140, 16.25
0, 3141, 16.0
0, 3142, 15.75
0, 3143, 15.5
0, 3144, 15.25
0, 3145, 15.0
0, 3146, 14.75
0, 3147, 14.5
0, 3148, 14.25
0, 3149, 14.0
0, 3150, 13.75
0, 3151, 13.5
0, 3152, 13.25
0, 3153, 13.0
0, 3154, 12.75
0, 3155, 12.5
0, 3156, 12.25
0, 3157, 12.0
0, 3158, 11.75
0, 3159, 11.5
0, 3160, 11.25
0, 3161, 11.0
0, 3162, 10.75
0, 3163, 10.5
0, 3164, 10.25
0, 3165, 10.0
0, 3166, 9.75
0, 3167, 9.5
0, 3168, 9.25
0, 3169, 9.0
0, 3170, 8.75
0, 3171, 8.5
0, 3172, 8.25
0, 3173, 8.0
0, 3174, 7.75
0, 3175, 7.5
0, 3176, 7.25
0, 3177, 7.0
0, 3178, 6.75
0, 3179, 6.5
0, 3180, 6.25
0, 3181, 6.0
0, 3182, 5.75
0, 3183, 5.5
0, 3184, 5.25
0, 3185, 5.0
0, 3186, 4.75
0, 3187, 4.5
0, 3188, 4.25
0, 3189, 4.0
0, 3190, 3.75
0, 3191, 3.5
0, 3192, 3.25
0, 3193, 3.0
0, 3194, 2.75
0, 3195, 2.5
0, 3196, 2.25
0, 3197, 2.0
0, 3198, 1.75
0, 3199, 1.5
0, 3200, 1.25
0, 3201, 1.0
0, 3202, 0.75
0, 3203, 0.75
0, 3204, 0.75
0, 3205, 1.0
0, 3206, 1.25
0, 3207, 1.0
0, 3208, 0.75
0, 3209, 1.0
0, 3210, 1.25
0, 3211, 1.5
0, 3212, 1.75
0, 3213, 2.0
0, 3214, 2.25
0, 3215, 2.5
0, 3216, 2.75
0, 3217, 3.0
0, 3218, 3.25
0, 3219, 3.5
0, 3220, 3.75
0, 3221, 4.0
0, 3222, 4.25
0, 3223, 4.5
0, 3224, 4.75
0, 3225, 5.0
0, 3226, 5.25
0, 3227, 5.5
0, 3228, 5.75
0, 3229, 6.0
0, 3230, 6.25
0, 3231, 6.5
0, 3232, 6.75
0, 3233, 7.0
0, 3234, 7.25
0, 3235, 7.5
0, 3236, 7.75
0, 3237, 8.0
0, 3238, 8.25
0, 3239, 8.5
0, 3240, 8.75
0, 3241, 9.0
0, 3242, 9.25
0, 3243, 9.5
0, 3244, 9.75
0, 3245, 10.0
0, 3246, 10.25
0, 3247, 10.5
0, 3248, 10.75
0, 3249, 11.0
0, 3250, 11.25
0, 3251, 11.5
0, 3252, 11.75
0, 3253, 12.0
0, 3254, 12.25
0, 3255, 12.5
0, 3256, 12.75
0, 3257, 13.0
0, 3258, 13.25
0, 3259, 13.5
0, 3260, 13.75
0, 3261, 14.0
0, 3262, 14.25
0, 3263, 14.5
0, 3264, 14.75
0, 3265, 15.0
0, 3266, 15.25
0, 3267, 15.5
0, 3268, 15.75
0, 3269, 16.0
0, 3270, 16.25
0, 3271, 16.5
0, 3272, 16.75
0, 3273, 17.0
0, 3274, 17.25
0, 3275, 17.5
0, 3276, 17.75
0, 3277, 18.0
0, 3278, 18.25
0, 3279, 18.5
0, 3280, 18.75
0, 3281, 19.0
0, 3282, 19.25
0, 3283, 19.5
0, 3284, 19.75
0, 3285, 20.0
0, 3286, 20.25
0, 3287, 20.5
0, 3288, 20.75
0, 3289, 21.0
0, 3290, 21.25
0, 3291, 21.5
0, 3292, 21.75
0, 3293, 22.0
0, 3294, 22.25
0, 3295, 22.5
0, 3296, 22.75
0, 3297, 23.0
0, 3298, 23.25
0, 3299, 23.5
0, 3300, 23.75
0, 3301, 24.0
0, 3302, 24.25
0, 3303, 24.5
0, 3304, 24.75
0, 3305, 25.0
0, 3306, 25.25
0, 3307, 25.5
0, 3308, 25.75
0, 3309, 26.0
0, 3310, 26.25
0, 3311, 26.5
0, 3312, 26.75
0, 3313, 27.0
0, 3314, 27.25
0, 3315, 27.5
0, 3316, 27.75
0, 3317, 28.0
0, 3318, 28.25
0, 3319, 28.5
0, 3320, 28.25
0, 3321, 28.0
0, 3322, 27.75
0, 3323, 27.5
0, 3324, 27.75
0, 3325, 28.0
0, 3326, 27.75
0, 3327, 27.5
0, 3328, 27.25
0, 3329, 27.0
0, 3330, 26.75
0, 3331, 27.0
0, 3332, 26.75
0, 3333, 26.5
0, 3334, 26.25
0, 3335, 26.0
0, 3336, 25.75
0, 3337, 25.5
0, 3338, 25.25
0, 3339, 25.0
0, 3340, 24.75
0, 3341, 24.5
0, 3342, 24.25
0, 3343, 24.0
0, 3344, 23.75
0, 3345, 23.5
0, 3346, 23.25
0, 3347, 23.0
0, 3348, 22.75
0, 3349, 22.5
0, 3350, 22.25
0, 3351, 22.0
0, 3352, 21.75
0, 3353, 21.5
0, 3354, 21.25
0, 3355, 21.0
0, 3356, 20.75
0, 3357, 20.5
0, 3358, 20.25
0, 3359, 20.0
0, 3360, 19.75
0, 3361, 19.5
0, 3362, 19.25
0, 3363, 19.0
0, 3364, 18.75
0, 3365, 18.5
0, 3366, 18.25
0, 3367, 18.0
0, 3368, 17.75
0, 3369, 17.5
0, 3370, 17.25
0, 3371, 17.0
0, 3372, 16.75
0, 3373, 16.5
0, 3374, 16.25
0, 3375, 16.0
0, 3376, 15.75
0, 3377, 15.5
0, 3378, 15.25
0, 3379, 15.0
0, 3380, 14.75
0, 3381, 14.5
0, 3382, 14.25
0, 3383, 14.0
0, 3384, 13.75
0, 3385, 13.5
0, 3386, 13.25
0, 3387, 13.0
0, 3388, 12.75
0, 3389, 12.5
0, 3390, 12.25
0, 3391, 12.0
0, 3392, 11.75
0, 3393, 11.5
0, 3394, 11.25
0, 3395, 11.0
0, 3396, 10.75
0, 3397, 10.5
0, 3398, 10.25
0, 3399, 10.0
0, 3400, 9.75
0, 3401, 9.5
0, 3402, 9.25
0, 3403, 9.0
0, 3404, 8.75
0, 3405, 8.5
0, 3406, 8.25
0, 3407, 8.0
0, 3408, 7.75
0, 3409, 7.5
0, 3410, 7.25
0, 3411, 7.0
0, 3412, 6.75
0, 3413, 6.5
0, 3414, 6.25
0, 3415, 6.0
0, 3416, 5.75
0, 3417, 5.5
0, 3418, 5.25
0, 3419, 5.0
0, 3420, 4.75
0, 3421, 4.5
0, 3422, 4.25
0, 3423, 4.0
0, 3424, 3.75
0, 3425, 3.5
0, 3426, 3.25
0, 3427, 3.0
0, 3428, 2.75
0, 3429, 2.5
0, 3430, 2.25
0, 3431, 2.0
0, 3432, 1.75
0, 3433, 1.5
0, 3434, 1.25
0, 3435, 1.0
0, 3436, 1.25
0, 3437, 1.5
0, 3438, 1.25
0, 3439, 1.0
0, 3440, 0.75
0, 3441, 0.75
0, 3442, 1.0
0, 3443, 1.25
0, 3444, 1.5
0, 3445, 1.75
0, 3446, 2.0
0, 3447, 2.25
0, 3448, 2.5
0, 3449, 2.75
0, 3450, 3.0
0, 3451, 3.25
0, 3452, 3.5
0, 3453, 3.75
0, 3454, 4.0
0, 3455, 4.25
0, 3456, 4.5
0, 3457, 4.75
0, 3458, 5.0
0, 3459, 5.25
0, 3460, 5.5
0, 3461, 5.75
0, 3462, 6.0
0, 3463, 6.25
0, 3464, 6.5
0, 3465, 6.75
0, 3466, 7.0
0, 3467, 7.25
0, 3468, 7.5
0, 3469, 7.75
0, 3470, 8.0
0, 3471, 8.25
0, 3472, 8.5
0, 3473, 8.75
0, 3474, 9.0
0, 3475, 9.25
0, 3476, 9.5
0, 3477, 9.75
0, 3478, 10.0
0, 3479, 10.25
0, 3480, 10.5
0, 3481, 10.75
0, 3482, 11.0
0, 3483, 11.25
0, 3484, 11.5
0, 3485, 11.75
0, 3486, 12.0
0, 3487, 12.25
0, 3488, 12.5
0, 3489, 12.75
0, 3490, 13.0
0, 3491, 13.25
0, 3492, 13.5
0, 3493, 13.75
0, 3494, 14.0
0, 3495, 14.25
0, 3496, 14.5
0, 3497, 14.75
0, 3498, 15.0
0, 3499, 15.25
0, 3500, 15.5
0, 3501, 15.75
0, 3502, 16.0
0, 3503, 16.25
0, 3504, 16.5
0, 3505, 16.75
0, 3506, 17.0
0, 3507, 17.25
0, 3508, 17.5
0, 3509, 17.75
0, 3510, 18.0
0, 3511, 18.25
0, 3512, 18.5
0, 3513, 18.75
0, 3514, 19.0
0, 3515, 19.25
0, 3516, 19.5
0, 3517, 19.75
0, 3518, 20.0
0, 3519, 20.25
0, 3520, 20.5
0, 3521, 20.75
0, 3522, 21.0
0, 3523, 21.25
0, 3524, 21.5
0, 3525, 21.75
0, 3526, 22.0
0, 3527, 22.25
0, 3528, 22.5
0, 3529, 22.75
0, 3530, 23.0
0, 3531, 23.25
0, 3532, 23.5
0, 3533, 23.75
0, 3534, 24.0
0, 3535, 24.25
0, 3536, 24.0
0, 3537, 23.75
0, 3538, 23.5
0, 3539, 23.25
0, 3540, 23.0
0, 3541, 22.75
0, 3542, 22.5
0, 3543, 22.25
0, 3544, 22.0
0, 3545, 21.75
0, 3546, 21.5
0, 3547, 21.25
0, 3548, 21.0
0, 3549, 20.75
0, 3550, 20.5
0, 3551, 20.25
0, 3552, 20.0
0, 3553, 19.75
0, 3554, 19.5
0, 3555, 19.25
0, 3556, 19.0
0, 3557, 18.75
0, 3558, 18.5
0, 3559, 18.25
0, 3560, 18.0
0, 3561, 17.75
0, 3562, 17.5
0, 3563, 17.25
0, 3564, 17.0
0, 3565, 16.75
0, 3566, 16.5
0, 3567, 16.25
0, 3568, 16.0
0, 3569, 15.75
0, 3570, 15.5
0, 3571, 15.25
0, 3572, 15.0
0, 3573, 14.75
0, 3574, 14.5
0, 3575, 14.25
0, 3576, 14.5
0, 3577, 14.75
0, 3578, 14.5
0, 3579, 14.25
0, 3580, 14.0
0, 3581, 14.25
0, 3582, 14.5
0, 3583, 14.75
0, 3584, 15.0
0, 3585, 15.25
0, 3586, 15.5
0, 3587, 15.75
0, 3588, 16.0
0, 3589, 16.25
0, 3590, 16.5
0, 3591, 16.75
0, 3592, 17.0
0, 3593, 17.25
0, 3594, 17.5
0, 3595, 17.75
0, 3596, 18.0
0, 3597, 18.25
0, 3598, 18.5
0, 3599, 18.75
0, 3600, 19.0
0, 3601, 19.25
0, 3602, 19.5
0, 3603, 19.75
0, 3604, 20.0
0, 3605, 20.25
0, 3606, 20.5
0, 3607, 20.75
0, 3608, 21.0
0, 3609, 21.25
0, 3610, 21.5
0, 3611, 21.75
0, 3612, 22.0
0, 3613, 22.25
0, 3614, 22.0
0, 3615, 21.75
0, 3616, 21.5
0, 3617, 21.75
0, 3618, 22.0
0, 3619, 22.25
0, 3620, 22.0
0, 3621, 21.75
0, 3622, 21.5
0, 3623, 21.25
0, 3624, 21.0
0, 3625, 21.25
0, 3626, 21.5
0, 3627, 21.25
0, 3628, 21.0
0, 3629, 20.75
0, 3630, 20.5
0, 3631, 20.25
0, 3632, 20.0
0, 3633, 19.75
0, 3634, 19.5
0, 3635, 19.25
0, 3636, 19.0
0, 3637, 18.75
0, 3638, 18.5
0, 3639, 18.25
0, 3640, 18.0
0, 3641, 17.75
0, 3642, 17.5
0, 3643, 17.25
0, 3644, 17.0
0, 3645, 16.75
0, 3646, 16.5
0, 3647, 16.25
0, 3648, 16.0
0, 3649, 15.75
0, 3650, 15.5
0, 3651, 15.25
0, 3652, 15.0
0, 3653, 14.75
0, 3654, 14.5
0, 3655, 14.25
0, 3656, 14.0
0, 3657, 13.75
0, 3658, 13.5
0, 3659, 13.25
0, 3660, 13.0
0, 3661, 12.75
0, 3662, 12.5
0, 3663, 12.25
0, 3664, 12.0
0, 3665, 11.75
0, 3666, 11.5
0, 3667, 11.75
0, 3668, 11.5
0, 3669, 11.25
0, 3670, 11.0
0, 3671, 10.75
0, 3672, 10.5
0, 3673, 10.25
0, 3674, 10.5
0, 3675, 10.75
0, 3676, 10.5
0, 3677, 10.25
0, 3678, 10.5
0, 3679, 10.75
0, 3680, 11.0
0, 3681, 11.25
0, 3682, 11.5
0, 3683, 11.75
0, 3684, 12.0
0, 3685, 12.25
0, 3686, 12.5
0, 3687, 12.75
0, 3688, 13.0
0, 3689, 13.25
0, 3690, 13.5
0, 3691, 13.75
0, 3692, 14.0
0, 3693, 14.25
0, 3694, 14.5
0, 3695, 14.75
0, 3696, 15.0
0, 3697, 15.25
0, 3698, 15.5
0, 3699, 15.75
0, 3700, 16.0
0, 3701, 16.25
0, 3702, 16.5
0, 3703, 16.75
0, 3704, 17.0
0, 3705, 17.25
0, 3706, 17.5
0, 3707, 17.75
0, 3708, 18.0
0, 3709, 18.25
0, 3710, 18.5
0, 3711, 18.25
0, 3712, 18.5
0, 3713, 18.75
0, 3714, 19.0
0, 3715, 19.25
0, 3716, 19.5
0, 3717, 19.75
0, 3718, 19.5
0, 3719, 19.75
0, 3720, 19.5
0, 3721, 19.25
0, 3722, 19.5
0, 3723, 19.75
0, 3724, 20.0
0, 3725, 19.75
0, 3726, 19.5
0, 3727, 19.25
0, 3728, 19.0
0, 3729, 18.75
0, 3730, 19.0
0, 3731, 18.75
0, 3732, 18.5
0, 3733, 18.25
0, 3734, 18.0
0, 3735, 17.75
0, 3736, 17.5
0, 3737, 17.25
0, 3738, 17.0
0, 3739, 16.75
0, 3740, 16.5
0, 3741, 16.25
0, 3742, 16.0
0, 3743, 15.75
0, 3744, 16.0
0, 3745, 15.75
0, 3746, 15.5
0, 3747, 15.25
0, 3748, 15.0
0, 3749, 14.75
0, 3750, 14.5
0, 3751, 14.75
0, 3752, 14.5
0, 3753, 14.25
0, 3754, 14.0
0, 3755, 13.75
0, 3756, 13.5
0, 3757, 13.25
0, 3758, 13.5
0, 3759, 13.25
0, 3760, 13.0
0, 3761, 12.75
0, 3762, 12.5
0, 3763, 12.25
0, 3764, 12.0
0, 3765, 11.75
0, 3766, 11.5
0, 3767, 11.25
0, 3768, 11.0
0, 3769, 10.75
0, 3770, 10.5
0, 3771, 10.25
0, 3772, 10.5
0, 3773, 10.25
0, 3774, 10.0
0, 3775, 9.75
0, 3776, 9.5
0, 3777, 9.25
0, 3778, 9.0
0, 3779, 9.25
0, 3780, 9.5
0, 3781, 9.25
0, 3782, 9.0
0, 3783, 9.25
0, 3784, 9.5
0, 3785, 9.75
0, 3786, 10.0
0, 3787, 10.25
0, 3788, 10.5
0, 3789, 10.75
0, 3790, 11.0
0, 3791, 11.25
0, 3792, 11.5
0, 3793, 11.75
0, 3794, 12.0
0, 3795, 12.25
0, 3796, 12.5
0, 3797, 12.75
0, 3798, 13.0
0, 3799, 13.25
0, 3800, 13.5
0, 3801, 13.75
0, 3802, 14.0
0, 3803, 14.25
0, 3804, 14.5
0, 3805, 14.75
0, 3806, 15.0
0, 3807, 15.25
0, 3808, 15.5
0, 3809, 15.75
0, 3810, 16.0
0, 3811, 16.25
0, 3812, 16.5
0, 3813, 16.75
0, 3814, 17.0
0, 3815, 17.25
0, 3816, 17.5
0, 3817, 17.75
0, 3818, 18.0
0, 3819, 18.25
0, 3820, 18.5
0, 3821, 18.75
0, 3822, 19.0
0, 3823, 19.25
0, 3824, 19.5
0, 3825, 19.75
0, 3826, 20.0
0, 3827, 20.25
0, 3828, 20.5
0, 3829, 20.75
0, 3830, 21.0
0, 3831, 21.25
0, 3832, 21.5
0, 3833, 21.75
0, 3834, 22.0
0, 3835, 22.25
0, 3836, 22.5
0, 3837, 22.25
0, 3838, 22.0
0, 3839, 21.75
0, 3840, 21.5
0, 3841, 21.25
0, 3842, 21.5
0, 3843, 21.25
0, 3844, 21.0
0, 3845, 20.75
0, 3846, 20.5
0, 3847, 20.25
0, 3848, 20.0
0, 3849, 20.25
0, 3850, 20.5
0, 3851, 20.25
0, 3852, 20.0
0, 3853, 19.75
0, 3854, 19.5
0, 3855, 19.25
0, 3856, 19.5
0, 3857, 19.75
0, 3858, 19.5
0, 3859, 19.25
0, 3860, 19.0
0, 3861, 19.25
0, 3862, 19.5
0, 3863, 19.75
0, 3864, 20.0
0, 3865, 19.75
0, 3866, 20.0
0, 3867, 20.25
0, 3868, 20.5
0, 3869, 20.75
0, 3870, 21.0
0, 3871, 21.25
0, 3872, 21.5
0, 3873, 21.75
0, 3874, 22.0
0, 3875, 22.25
0, 3876, 22.5
0, 3877, 22.75
0, 3878, 23.0
0, 3879, 23.25
0, 3880, 23.5
0, 3881, 23.75
0, 3882, 24.0
0, 3883, 24.25
0, 3884, 24.5
0, 3885, 24.75
0, 3886, 25.0
0, 3887, 25.25
0, 3888, 25.5
0, 3889, 25.75
0, 3890, 26.0
0, 3891, 26.25
0, 3892, 26.5
0, 3893, 26.75
0, 3894, 27.0
0, 3895, 27.25
0, 3896, 27.5
0, 3897, 27.75
0, 3898, 28.0
0, 3899, 28.25
0, 3900, 28.5
0, 3901, 28.75
0, 3902, 29.0
0, 3903, 29.25
0, 3904, 29.5
0, 3905, 29.75
0, 3906, 30.0
0, 3907, 29.75
0, 3908, 29.5
0, 3909, 29.25
0, 3910, 29.0
0, 3911, 28.75
0, 3912, 29.0
0, 3913, 29.25
0, 3914, 29.0
0, 3915, 28.75
0, 3916, 28.5
0, 3917, 28.25
0, 3918, 28.0
0, 3919, 27.75
0, 3920, 27.5
0, 3921, 27.25
0, 3922, 27.0
0, 3923, 26.75
0, 3924, 26.5
0, 3925, 26.25
0, 3926, 26.0
0, 3927, 25.75
0, 3928, 25.5
0, 3929, 25.25
0, 3930, 25.0
0, 3931, 24.75
0, 3932, 24.5
0, 3933, 24.25
0, 3934, 24.0
0, 3935, 23.75
0, 3936, 23.5
0, 3937, 23.25
0, 3938, 23.0
0, 3939, 22.75
0, 3940, 22.5
0, 3941, 22.25
0, 3942, 22.0
0, 3943, 21.75
0, 3944, 21.5
0, 3945, 21.25
0, 3946, 21.0
0, 3947, 20.75
0, 3948, 20.5
0, 3949, 20.25
0, 3950, 20.0
0, 3951, 19.75
0, 3952, 19.5
0, 3953, 19.25
0, 3954, 19.0
0, 3955, 18.75
0, 3956, 18.5
0, 3957, 18.25
0, 3958, 18.0
0, 3959, 17.75
0, 3960, 17.5
0, 3961, 17.25
0, 3962, 17.0
0, 3963, 16.75
0, 3964, 16.5
0, 3965, 16.25
0, 3966, 16.0
0, 3967, 15.75
0, 3968, 15.5
0, 3969, 15.25
0, 3970, 15.0
0, 3971, 14.75
0, 3972, 14.5
0, 3973, 14.25
0, 3974, 14.0
0, 3975, 13.75
0, 3976, 13.5
0, 3977, 13.25
0, 3978, 13.0
0, 3979, 12.75
0, 3980, 12.5
0, 3981, 12.25
0, 3982, 12.0
0, 3983, 11.75
0, 3984, 11.5
0, 3985, 11.25
0, 3986, 11.0
0, 3987, 10.75
0, 3988, 10.5
0, 3989, 10.25
0, 3990, 10.0
0, 3991, 9.75
0, 3992, 9.5
0, 3993, 9.25
0, 3994, 9.0
0, 3995, 8.75
0, 3996, 8.5
0, 3997, 8.25
0, 3998, 8.0
0, 3999, 7.75
0, 4000, 7.5
0, 4001, 7.25
0, 4002, 7.0
0, 4003, 6.75
0, 4004, 6.5
0, 4005, 6.25
0, 4006, 6.0
0, 4007, 5.75
0, 4008, 5.5
0, 4009, 5.25
0, 4010, 5.5
0, 4011, 5.75
0, 4012, 5.5
0, 4013, 5.25
0, 4014, 5.0
0, 4015, 5.25
0, 4016, 5.5
0, 4017, 5.75
0, 4018, 6.0
0, 4019, 6.25
0, 4020, 6.5
0, 4021, 6.75
0, 4022, 7.0
0, 4023, 7.25
0, 4024, 7.5
0, 4025, 7.75
0, 4026, 8.0
0, 4027, 8.25
0, 4028, 8.5
0, 4029, 8.75
0, 4030, 9.0
0, 4031, 9.25
0, 4032, 9.5
0, 4033, 9.75
0, 4034, 10.0
0, 4035, 10.25
0, 4036, 10.5
0, 4037, 10.75
0, 4038, 11.0
0, 4039, 11.25
0, 4040, 11.5
0, 4041, 11.75
0, 4042, 12.0
0, 4043, 12.25
0, 4044, 12.5
0, 4045, 12.75
0, 4046, 13.0
0, 4047, 13.25
0, 4048, 13.5
0, 4049, 13.75
0, 4050, 14.0
0, 4051, 14.25
0, 4052, 14.5
0, 4053, 14.75
0, 4054, 15.0
0, 4055, 15.25
0, 4056, 15.5
0, 4057, 15.75
0, 4058, 16.0
0, 4059, 16.25
0, 4060, 16.5
0, 4061, 16.75
0, 4062, 17.0
0, 4063, 17.25
0, 4064, 17.5
0, 4065, 17.75
0, 4066, 18.0
0, 4067, 18.25
0, 4068, 18.5
0, 4069, 18.75
0, 4070, 19.0
0, 4071, 19.25
0, 4072, 19.5
0, 4073, 19.75
0, 4074, 20.0
0, 4075, 20.25
0, 4076, 20.5
0, 4077, 20.75
0, 4078, 21.0
0, 4079, 21.25
0, 4080, 21.5
0, 4081, 21.75
0, 4082, 22.0
0, 4083, 22.25
0, 4084, 22.5
0, 4085, 22.75
0, 4086, 23.0
0, 4087, 23.25
0, 4088, 23.5
0, 4089, 23.75
0, 4090, 24.0
0, 4091, 24.25
0, 4092, 24.5
0, 4093, 24.75
0, 4094, 25.0
0, 4095, 25.25
0, 4096, 25.5
0, 4097, 25.75
0, 4098, 26.0
0, 4099, 26.25
0, 4100, 26.5
0, 4101, 26.75
0, 4102, 27.0
0, 4103, 26.75
0, 4104, 26.5
0, 4105, 26.25
0, 4106, 26.0
0, 4107, 25.75
0, 4108, 26.0
0, 4109, 26.25
0, 4110, 26.0
0, 4111, 25.75
0, 4112, 25.5
0, 4113, 25.25
0, 4114, 25.0
0, 4115, 24.75
0, 4116, 24.5
0, 4117, 24.25
0, 4118, 24.0
0, 4119, 23.75
0, 4120, 23.5
0, 4121, 23.25
0, 4122, 23.0
0, 4123, 22.75
0, 4124, 22.5
0, 4125, 22.25
0, 4126, 22.0
0, 4127, 21.75
0, 4128, 21.5
0, 4129, 21.25
0, 4130, 21.0
0, 4131, 20.75
0, 4132, 20.5
0, 4133, 20.25
0, 4134, 20.0
0, 4135, 19.75
0, 4136, 19.5
0, 4137, 19.25
0, 4138, 19.0
0, 4139, 18.75
0, 4140, 18.5
0, 4141, 18.25
0, 4142, 18.0
0, 4143, 17.75
0, 4144, 17.5
0, 4145, 17.25
0, 4146, 17.0
0, 4147, 16.75
0, 4148, 16.5
0, 4149, 16.25
0, 4150, 16.0
0, 4151, 15.75
0, 4152, 15.5
0, 4153, 15.25
0, 4154, 15.0
0, 4155, 14.75
0, 4156, 14.5
0, 4157, 14.25
0, 4158, 14.0
0, 4159, 13.75
0, 4160, 13.5
0, 4161, 13.25
0, 4162, 13.0
0, 4163, 12.75
0, 4164, 13.0
0, 4165, 13.25
0, 4166, 13.0
0, 4167, 12.75
0, 4168, 12.5
0, 4169, 12.25
0, 4170, 12.0
0, 4171, 12.25
0, 4172, 12.5
0, 4173, 12.25
0, 4174, 12.5
0, 4175, 12.75
0, 4176, 13.0
0, 4177, 13.25
0, 4178, 13.5
0, 4179, 13.75
0, 4180, 14.0
0, 4181, 14.25
0, 4182, 14.5
0, 4183, 14.75
0, 4184, 15.0
0, 4185, 15.25
0, 4186, 15.5
0, 4187, 15.75
0, 4188, 16.0
0, 4189, 16.25
0, 4190, 16.5
0, 4191, 16.75
0, 4192, 17.0
0, 4193, 17.25
0, 4194, 17.5
0, 4195, 17.75
0, 4196, 18.0
0, 4197, 18.25
0, 4198, 18.5
0, 4199, 18.75
0, 4200, 19.0
0, 4201, 19.25
0, 4202, 19.5
0, 4203, 19.75
0, 4204, 20.0
0, 4205, 20.25
0, 4206, 20.5
0, 4207, 20.75
0, 4208, 21.0
0, 4209, 21.25
0, 4210, 21.5
0, 4211, 21.75
0, 4212, 22.0
0, 4213, 22.25
0, 4214, 22.5
0, 4215, 22.75
0, 4216, 23.0
0, 4217, 23.25
0, 4218, 23.5
0, 4219, 23.75
0, 4220, 24.0
0, 4221, 24.25
0, 4222, 24.5
0, 4223, 24.75
0, 4224, 25.0
0, 4225, 25.25
0, 4226, 25.5
0, 4227, 25.75
0, 4228, 26.0
0, 4229, 26.25
0, 4230, 26.5
0, 4231, 26.75
0, 4232, 27.0
0, 4233, 27.25
0, 4234, 27.5
0, 4235, 27.75
0, 4236, 28.0
0, 4237, 28.25
0, 4238, 28.5
0, 4239, 28.75
0, 4240, 29.0
0, 4241, 29.25
0, 4242, 29.5
0, 4243, 29.75
0, 4244, 29.5
0, 4245, 29.25
0, 4246, 29.0
0, 4247, 29.25
0, 4248, 29.5
0, 4249, 29.75
0, 4250, 29.5
0, 4251, 29.25
0, 4252, 29.0
0, 4253, 28.75
0, 4254, 29.0
0, 4255, 29.25
0, 4256, 29.5
0, 4257, 29.25
0, 4258, 29.0
0, 4259, 28.75
0, 4260, 28.5
0, 4261, 28.25
0, 4262, 28.5
0, 4263, 28.75
0, 4264, 28.5
0, 4265, 28.25
0, 4266, 28.0
0, 4267, 27.75
0, 4268, 27.5
0, 4269, 27.25
0, 4270, 27.0
0, 4271, 26.75
0, 4272, 26.5
0, 4273, 26.25
0, 4274, 26.0
0, 4275, 25.75
0, 4276, 25.5
0, 4277, 25.25
0, 4278, 25.0
0, 4279, 24.75
0, 4280, 24.5
0, 4281, 24.25
0, 4282, 24.0
0, 4283, 23.75
0, 4284, 23.5
0, 4285, 23.25
0, 4286, 23.0
0, 4287, 22.75
0, 4288, 22.5
0, 4289, 22.25
0, 4290, 22.0
0, 4291, 21.75
0, 4292, 21.5
0, 4293, 21.25
0, 4294, 21.0
0, 4295, 20.75
0, 4296, 20.5
0, 4297, 20.25
0, 4298, 20.0
0, 4299, 19.75
0, 4300, 19.5
0, 4301, 19.25
0, 4302, 19.0
0, 4303, 18.75
0, 4304, 18.5
0, 4305, 18.25
0, 4306, 18.0
0, 4307, 17.75
0, 4308, 17.5
0, 4309, 17.25
0, 4310, 17.0
0, 4311, 16.75
0, 4312, 16.5
0, 4313, 16.25
0, 4314, 16.0
0, 4315, 15.75
0, 4316, 15.5
0, 4317, 15.25
0, 4318, 15.0
0, 4319, 14.75
0, 4320, 14.5
0, 4321, 14.25
0, 4322, 14.0
0, 4323, 13.75
0, 4324, 13.5
0, 4325, 13.25
0, 4326, 13.0
0, 4327, 12.75
0, 4328, 12.5
0, 4329, 12.25
0, 4330, 12.0
0, 4331, 11.75
0, 4332, 11.5
0, 4333, 11.25
0, 4334, 11.0
0, 4335, 10.75
0, 4336, 10.5
0, 4337, 10.25
0, 4338, 10.0
0, 4339, 9.75
0, 4340, 9.5
0, 4341, 9.25
0, 4342, 9.0
0, 4343, 8.75
0, 4344, 8.5
0, 4345, 8.25
0, 4346, 8.0
0, 4347, 7.75
0, 4348, 7.5
0, 4349, 7.25
0, 4350, 7.0
0, 4351, 6.75
0, 4352, 6.5
0, 4353, 6.25
0, 4354, 6.0
0, 4355, 5.75
0, 4356, 5.5
0, 4357, 5.25
0, 4358, 5.0
0, 4359, 4.75
0, 4360, 4.5
0, 4361, 4.25
0, 4362, 4.0
0, 4363, 3.75
0, 4364, 3.5
0, 4365, 3.25
0, 4366, 3.0
0, 4367, 2.75
0, 4368, 2.5
0, 4369, 2.25
0, 4370, 2.0
0, 4371, 1.75
0, 4372, 1.5
0, 4373, 1.25
0, 4374, 1.5
0, 4375, 1.75
0, 4376, 1.5
0, 4377, 1.25
0, 4378, 1.5
0, 4379, 1.75
0, 4380, 2.0
0, 4381, 2.25
0, 4382, 2.5
0, 4383, 2.75
0, 4384, 3.0
0, 4385, 3.25
0, 4386, 3.5
0, 4387, 3.75
0, 4388, 4.0
0, 4389, 4.25
0, 4390, 4.5
0, 4391, 4.75
0, 4392, 5.0
0, 4393, 5.25
0, 4394, 5.5
0, 4395, 5.75
0, 4396, 6.0
0, 4397, 6.25
0, 4398, 6.5
0, 4399, 6.75
0, 4400, 7.0
0, 4401, 7.25
0, 4402, 7.5
0, 4403, 7.75
0, 4404, 8.0
0, 4405, 8.25
0, 4406, 8.5
0, 4407, 8.75
0, 4408, 9.0
0, 4409, 9.25
0, 4410, 9.5
0, 4411, 9.75
0, 4412, 10.0
0, 4413, 10.25
0, 4414, 10.5
0, 4415, 10.75
0, 4416, 11.0
0, 4417, 11.25
0, 4418, 11.5
0, 4419, 11.75
0, 4420, 12.0
0, 4421, 12.25
0, 4422, 12.5
0, 4423, 12.75
0, 4424, 13.0
0, 4425, 13.25
0, 4426, 13.5
0, 4427, 13.75
0, 4428, 14.0
0, 4429, 14.25
0, 4430, 14.5
0, 4431, 14.75
0, 4432, 15.0
0, 4433, 15.25
0, 4434, 15.5
0, 4435, 15.75
0, 4436, 16.0
0, 4437, 16.25
0, 4438, 16.5
0, 4439, 16.75
0, 4440, 17.0
0, 4441, 17.25
0, 4442, 17.5
0, 4443, 17.75
0, 4444, 18.0
0, 4445, 18.25
0, 4446, 18.5
0, 4447, 18.75
0, 4448, 19.0
0, 4449, 19.25
0, 4450, 19.5
0, 4451, 19.75
0, 4452, 20.0
0, 4453, 20.25
0, 4454, 20.5
0, 4455, 20.75
0, 4456, 21.0
0, 4457, 21.25
0, 4458, 21.5
0, 4459, 21.75
0, 4460, 22.0
0, 4461, 22.25
0, 4462, 22.5
0, 4463, 22.75
0, 4464, 23.0
0, 4465, 23.25
0, 4466, 23.5
0, 4467, 23.75
0, 4468, 24.0
0, 4469, 24.25
0, 4470, 24.5
0, 4471, 24.75
0, 4472, 25.0
0, 4473, 25.25
0, 4474, 25.5
0, 4475, 25.75
0, 4476, 26.0
0, 4477, 26.25
0, 4478, 26.5
0, 4479, 26.75
0, 4480, 27.0
0, 4481, 27.25
0, 4482, 27.5
0, 4483, 27.75
0, 4484, 28.0
0, 4485, 28.25
0, 4486, 28.5
0, 4487, 28.75
0, 4488, 29.0
0, 4489, 29.25
0, 4490, 29.5
0, 4491, 29.75
0, 4492, 30.0
0, 4493, 30.25
0, 4494, 30.5
0, 4495, 30.75
0, 4496, 31.0
0, 4497, 31.25
0, 4498, 31.5
0, 4499, 31.75
0, 4500, 32.0
0, 4501, 32.25
0, 4502, 32.5
0, 4503, 32.75
0, 4504, 33.0
0, 4505, 33.25
0, 4506, 33.5
0, 4507, 33.75
0, 4508, 34.0
0, 4509, 34.25
0, 4510, 34.5
0, 4511, 34.75
0, 4512, 35.0
0, 4513, 35.25
0, 4514, 35.5
0, 4515, 35.75
0, 4516, 36.0
0, 4517, 36.25
0, 4518, 36.5
0, 4519, 36.75
0, 4520, 37.0
0, 4521, 37.25
0, 4522, 37.5
0, 4523, 37.75
0, 4524, 38.0
0, 4525, 38.25
0, 4526, 38.5
0, 4527, 38.75
0, 4528, 39.0
0, 4529, 39.25
0, 4530, 39.5
0, 4531, 39.75
0, 4532, 40.0
0, 4533, 40.25
0, 4534, 40.5
0, 4535, 40.75
0, 4536, 41.0
0, 4537, 41.25
0, 4538, 41.5
0, 4539, 41.75
0, 4540, 42.0
0, 4541, 42.25
0, 4542, 42.5
0, 4543, 42.75
0, 4544, 42.5
0, 4545, 42.25
0, 4546, 42.0
0, 4547, 41.75
0, 4548, 41.5
0, 4549, 41.25
0, 4550, 41.0
0, 4551, 40.75
0, 4552, 40.5
0, 4553, 40.25
0, 4554, 40.0
0, 4555, 39.75
0, 4556, 39.5
0, 4557, 39.25
0, 4558, 39.0
0, 4559, 38.75
0, 4560, 38.5
0, 4561, 38.25
0, 4562, 38.0
0, 4563, 37.75
0, 4564, 37.5
0, 4565, 37.25
0, 4566, 37.0
0, 4567, 36.75
0, 4568, 36.5
0, 4569, 36.25
0, 4570, 36.0
0, 4571, 35.75
0, 4572, 35.5
0, 4573, 35.25
0, 4574, 35.0
0, 4575, 34.75
0, 4576, 34.5
0, 4577, 34.25
0, 4578, 34.0
0, 4579, 33.75
0, 4580, 33.5
0, 4581, 33.25
0, 4582, 33.0
0, 4583, 32.75
0, 4584, 32.5
0, 4585, 32.25
0, 4586, 32.0
0, 4587, 31.75
0, 4588, 31.5
0, 4589, 31.25
0, 4590, 31.0
0, 4591, 30.75
0, 4592, 30.5
0, 4593, 30.25
0, 4594, 30.0
0, 4595, 29.75
0, 4596, 29.5
0, 4597, 29.25
0, 4598, 29.0
0, 4599, 28.75
0, 4600, 28.5
0, 4601, 28.25
0, 4602, 28.0
0, 4603, 27.75
0, 4604, 27.5
0, 4605, 27.25
0, 4606, 27.0
0, 4607, 26.75
0, 4608, 26.5
0, 4609, 26.25
0, 4610, 26.0
0, 4611, 25.75
0, 4612, 25.5
0, 4613, 25.25
0, 4614, 25.0
0, 4615, 24.75
0, 4616, 24.5
0, 4617, 24.25
0, 4618, 24.0
0, 4619, 23.75
0, 4620, 23.5
0, 4621, 23.25
0, 4622, 23.0
0, 4623, 22.75
0, 4624, 22.5
0, 4625, 22.25
0, 4626, 22.0
0, 4627, 21.75
0, 4628, 21.5
0, 4629, 21.25
0, 4630, 21.0
0, 4631, 20.75
0, 4632, 20.5
0, 4633, 20.25
0, 4634, 20.0
0, 4635, 19.75
0, 4636, 19.5
0, 4637, 19.25
0, 4638, 19.0
0, 4639, 18.75
0, 4640, 18.5
0, 4641, 18.25
0, 4642, 18.0
0, 4643, 17.75
0, 4644, 17.5
0, 4645, 17.25
0, 4646, 17.0
0, 4647, 16.75
0, 4648, 16.5
0, 4649, 16.25
0, 4650, 16.0
0, 4651, 15.75
0, 4652, 15.5
0, 4653, 15.75
0, 4654, 16.0
0, 4655, 16.25
0, 4656, 16.5
0, 4657, 16.75
0, 4658, 17.0
0, 4659, 17.25
0, 4660, 17.5
0, 4661, 17.75
0, 4662, 18.0
0, 4663, 18.25
0, 4664, 18.5
0, 4665, 18.75
0, 4666, 19.0
0, 4667, 19.25
0, 4668, 19.5
0, 4669, 19.75
0, 4670, 20.0
0, 4671, 20.25
0, 4672, 20.5
0, 4673, 20.75
0, 4674, 21.0
0, 4675, 21.25
0, 4676, 21.5
0, 4677, 21.75
0, 4678, 22.0
0, 4679, 22.25
0, 4680, 22.5
0, 4681, 22.75
0, 4682, 23.0
0, 4683, 23.25
0, 4684, 23.5
0, 4685, 23.75
0, 4686, 24.0
0, 4687, 24.25
0, 4688, 24.5
0, 4689, 24.75
0, 4690, 25.0
0, 4691, 25.25
0, 4692, 25.5
0, 4693, 25.75
0, 4694, 26.0
0, 4695, 26.25
0, 4696, 26.5
0, 4697, 26.75
0, 4698, 27.0
0, 4699, 27.25
0, 4700, 27.5
0, 4701, 27.75
0, 4702, 28.0
0, 4703, 28.25
0, 4704, 28.5
0, 4705, 28.75
0, 4706, 29.0
0, 4707, 29.25
0, 4708, 29.5
0, 4709, 29.75
0, 4710, 30.0
0, 4711, 30.25
0, 4712, 30.5
0, 4713, 30.75
0, 4714, 31.0
0, 4715, 31.25
0, 4716, 31.5
0, 4717, 31.75
0, 4718, 32.0
0, 4719, 32.25
0, 4720, 32.5
0, 4721, 32.75
0, 4722, 33.0
0, 4723, 33.25
0, 4724, 33.5
0, 4725, 33.75
0, 4726, 34.0
0, 4727, 34.25
0, 4728, 34.5
0, 4729, 34.75
0, 4730, 35.0
0, 4731, 35.25
0, 4732, 35.5
0, 4733, 35.75
0, 4734, 36.0
0, 4735, 36.25
0, 4736, 36.5
0, 4737, 36.75
0, 4738, 37.0
0, 4739, 37.25
0, 4740, 37.5
0, 4741, 37.75
0, 4742, 38.0
0, 4743, 38.25
0, 4744, 38.5
0, 4745, 38.75
0, 4746, 39.0
0, 4747, 39.25
0, 4748, 39.5
0, 4749, 39.75
0, 4750, 40.0
0, 4751, 40.25
0, 4752, 40.5
0, 4753, 40.75
0, 4754, 41.0
0, 4755, 41.25
0, 4756, 41.5
0, 4757, 41.75
0, 4758, 42.0
0, 4759, 42.25
0, 4760, 42.5
0, 4761, 42.75
0, 4762, 43.0
0, 4763, 43.25
0, 4764, 43.5
0, 4765, 43.75
0, 4766, 44.0
0, 4767, 44.25
0, 4768, 44.5
0, 4769, 44.75
0, 4770, 45.0
0, 4771, 45.25
0, 4772, 45.5
0, 4773, 45.75
0, 4774, 46.0
0, 4775, 46.25
0, 4776, 46.5
0, 4777, 46.75
0, 4778, 47.0
0, 4779, 47.25
0, 4780, 47.5
0, 4781, 47.75
0, 4782, 48.0
0, 4783, 48.25
0, 4784, 48.5
0, 4785, 48.75
0, 4786, 49.0
0, 4787, 49.25
0, 4788, 49.5
0, 4789, 49.75
0, 4790, 50.0
0, 4791, 50.25
0, 4792, 50.5
0, 4793, 50.75
0, 4794, 51.0
0, 4795, 51.25
0, 4796, 51.5
0, 4797, 51.75
0, 4798, 52.0
0, 4799, 52.25
0, 4800, 52.5
0, 4801, 52.75
0, 4802, 53.0
0, 4803, 53.25
0, 4804, 53.5
0, 4805, 53.75
0, 4806, 54.0
0, 4807, 54.25
0, 4808, 54.5
0, 4809, 54.75
0, 4810, 55.0
0, 4811, 55.25
0, 4812, 55.5
0, 4813, 55.75
0, 4814, 56.0
0, 4815, 56.25
0, 4816, 56.5
0, 4817, 56.75
0, 4818, 57.0
0, 4819, 57.25
0, 4820, 57.5
0, 4821, 57.75
0, 4822, 58.0
0, 4823, 58.25
0, 4824, 58.0
0, 4825, 57.75
0, 4826, 57.5
0, 4827, 57.25
0, 4828, 57.0
0, 4829, 56.75
0, 4830, 56.5
0, 4831, 56.25
0, 4832, 56.0
0, 4833, 55.75
0, 4834, 55.5
0, 4835, 55.25
0, 4836, 55.0
0, 4837, 54.75
0, 4838, 54.5
0, 4839, 54.25
0, 4840, 54.0
0, 4841, 53.75
0, 4842, 53.5
0, 4843, 53.25
0, 4844, 53.0
0, 4845, 52.75
0, 4846, 52.5
0, 4847, 52.25
0, 4848, 52.0
0, 4849, 51.75
0, 4850, 51.5
0, 4851, 51.25
0, 4852, 51.0
0, 4853, 50.75
0, 4854, 50.5
0, 4855, 50.25
0, 4856, 50.0
0, 4857, 49.75
0, 4858, 49.5
0, 4859, 49.25
0, 4860, 49.0
0, 4861, 48.75
0, 4862, 48.5
0, 4863, 48.25
0, 4864, 48.0
0, 4865, 47.75
0, 4866, 47.5
0, 4867, 47.25
0, 4868, 47.0
0, 4869, 46.75
0, 4870, 46.5
0, 4871, 46.25
0, 4872, 46.0
0, 4873, 45.75
0, 4874, 45.5
0, 4875, 45.25
0, 4876, 45.0
0, 4877, 44.75
0, 4878, 44.5
0, 4879, 44.25
0, 4880, 44.0
0, 4881, 43.75
0, 4882, 43.5
0, 4883, 43.25
0, 4884, 43.0
0, 4885, 42.75
0, 4886, 42.5
0, 4887, 42.25
0, 4888, 42.0
0, 4889, 41.75
0, 4890, 41.5
0, 4891, 41.25
0, 4892, 41.0
0, 4893, 40.75
0, 4894, 40.5
0, 4895, 40.25
0, 4896, 40.0
0, 4897, 39.75
0, 4898, 39.5
0, 4899, 39.25
0, 4900, 39.0
0, 4901, 38.75
0, 4902, 38.5
0, 4903, 38.25
0, 4904, 38.0
0, 4905, 37.75
0, 4906, 37.5
0, 4907, 37.25
0, 4908, 37.0
0, 4909, 36.75
0, 4910, 36.5
0, 4911, 36.25
0, 4912, 36.0
0, 4913, 35.75
0, 4914, 35.5
0, 4915, 35.25
0, 4916, 35.0
0, 4917, 34.75
0, 4918, 34.5
0, 4919, 34.25
0, 4920, 34.0
0, 4921, 33.75
0, 4922, 33.5
0, 4923, 33.25
0, 4924, 33.0
0, 4925, 32.75
0, 4926, 32.5
0, 4927, 32.25
0, 4928, 32.0
0, 4929, 31.75
0, 4930, 31.5
0, 4931, 31.25
0, 4932, 31.0
0, 4933, 30.75
0, 4934, 30.5
0, 4935, 30.25
0, 4936, 30.0
0, 4937, 29.75
0, 4938, 29.5
0, 4939, 29.25
0, 4940, 29.0
0, 4941, 28.75
0, 4942, 28.5
0, 4943, 28.25
0, 4944, 28.0
0, 4945, 27.75
0, 4946, 27.5
0, 4947, 27.75
0, 4948, 28.0
0, 4949, 28.25
0, 4950, 28.0
0, 4951, 28.25
0, 4952, 28.5
0, 4953, 28.75
0, 4954, 29.0
0, 4955, 29.25
0, 4956, 29.5
0, 4957, 29.75
0, 4958, 30.0
0, 4959, 30.25
0, 4960, 30.5
0, 4961, 30.75
0, 4962, 31.0
0, 4963, 31.25
0, 4964, 31.5
0, 4965, 31.75
0, 4966, 32.0
0, 4967, 32.25
0, 4968, 32.5
0, 4969, 32.75
0, 4970, 33.0
0, 4971, 33.25
0, 4972, 33.5
0, 4973, 33.75
0, 4974, 34.0
0, 4975, 34.25
0, 4976, 34.5
0, 4977, 34.75
0, 4978, 35.0
0, 4979, 35.25
0, 4980, 35.5
0, 4981, 35.75
0, 4982, 36.0
0, 4983, 36.25
0, 4984, 36.5
0, 4985, 36.75
0, 4986, 37.0
0, 4987, 37.25
0, 4988, 37.5
0, 4989, 37.75
0, 4990, 38.0
0, 4991, 38.25
0, 4992, 38.5
0, 4993, 38.75
0, 4994, 39.0
0, 4995, 39.25
0, 4996, 39.5
0, 4997, 39.75
0, 4998, 40.0
0, 4999, 39.75
