Replication, Day, Arrival Amount
0, 0, 30.0
0, 1, 30.25
0, 2, 30.5
0, 3, 30.75
0, 4, 31.0
0, 5, 31.25
0, 6, 31.5
0, 7, 31.75
0, 8, 32.0
0, 9, 32.25
0, 10, 32.5
0, 11, 32.75
0, 12, 33.0
0, 13, 33.25
0, 14, 33.5
0, 15, 33.75
0, 16, 34.0
0, 17, 34.25
0, 18, 34.5
0, 19, 34.75
0, 20, 35.0
0, 21, 35.25
0, 22, 35.5
0, 23, 35.75
0, 24, 36.0
0, 25, 36.25
0, 26, 36.5
0, 27, 36.75
0, 28, 37.0
0, 29, 37.25
0, 30, 37.5
0, 31, 37.75
0, 32, 38.0
0, 33, 38.25
0, 34, 38.5
0, 35, 38.75
0, 36, 39.0
0, 37, 39.25
0, 38, 39.5
0, 39, 39.75
0, 40, 40.0
0, 41, 40.25
0, 42, 40.5
0, 43, 40.75
0, 44, 41.0
0, 45, 41.25
0, 46, 41.5
0, 47, 41.75
0, 48, 42.0
0, 49, 42.25
0, 50, 42.5
0, 51, 42.75
0, 52, 43.0
0, 53, 43.25
0, 54, 43.5
0, 55, 43.75
0, 56, 44.0
0, 57, 44.25
0, 58, 44.5
0, 59, 44.75
0, 60, 45.0
0, 61, 45.25
0, 62, 45.5
0, 63, 45.75
0, 64, 45.5
0, 65, 45.25
0, 66, 45.0
0, 67, 44.75
0, 68, 44.5
0, 69, 44.25
0, 70, 44.0
0, 71, 43.75
0, 72, 43.5
0, 73, 43.25
0, 74, 43.0
0, 75, 42.75
0, 76, 42.5
0, 77, 42.25
0, 78, 42.0
0, 79, 41.75
0, 80, 41.5
0, 81, 41.25
0, 82, 41.0
0, 83, 40.75
0, 84, 40.5
0, 85, 40.25
0, 86, 40.0
0, 87, 39.75
0, 88, 39.5
0, 89, 39.25
0, 90, 39.0
0, 91, 38.75
0, 92, 38.5
0, 93, 38.25
0, 94, 38.0
0, 95, 37.75
0, 96, 37.5
0, 97, 37.25
0, 98, 37.0
0, 99, 36.75
0, 100, 36.5
0, 101, 36.25
0, 102, 36.0
0, 103, 35.75
0, 104, 35.5
0, 105, 35.25
0, 106, 35.0
0, 107, 34.75
0, 108, 34.5
0, 109, 34.25
0, 110, 34.0
0, 111, 33.75
0, 112, 33.5
0, 113, 33.25
0, 114, 33.0
0, 115, 32.75
0, 116, 32.5
0, 117, 32.25
0, 118, 32.0
0, 119, 31.75
0, 120, 31.5
0, 121, 31.25
0, 122, 31.0
0, 123, 30.75
0, 124, 30.5
0, 125, 30.25
0, 126, 30.0
0, 127, 29.75
0, 128, 29.5
0, 129, 29.25
0, 130, 29.0
0, 131, 28.75
0, 132, 28.5
0, 133, 28.25
0, 134, 28.0
0, 135, 27.75
0, 136, 27.5
0, 137, 27.25
0, 138, 27.0
0, 139, 26.75
0, 140, 26.5
0, 141, 26.25
0, 142, 26.0
0, 143, 25.75
0, 144, 25.5
0, 145, 25.25
0, 146, 25.0
0, 147, 24.75
0, 148, 24.5
0, 149, 24.25
0, 150, 24.0
0, 151, 23.75
0, 152, 23.5
0, 153, 23.25
0, 154, 23.0
0, 155, 22.75
0, 156, 22.5
0, 157, 22.25
0, 158, 22.0
0, 159, 21.75
0, 160, 21.5
0, 161, 21.25
0, 162, 21.0
0, 163, 20.75
0, 164, 20.5
0, 165, 20.25
0, 166, 20.0
0, 167, 19.75
0, 168, 19.5
0, 169, 19.25
0, 170, 19.0
0, 171, 18.75
0, 172, 18.5
0, 173, 18.25
0, 174, 18.0
0, 175, 17.75
0, 176, 17.5
0, 177, 17.25
0, 178, 17.0
0, 179, 16.75
0, 180, 16.5
0, 181, 16.25
0, 182, 16.0
0, 183, 15.75
0, 184, 15.5
0, 185, 15.25
0, 186, 15.0
0, 187, 14.75
0, 188, 14.5
0, 189, 14.25
0, 190, 14.0
0, 191, 13.75
0, 192, 13.5
0, 193, 13.25
0, 194, 13.0
0, 195, 12.75
0, 196, 12.5
0, 197, 12.25
0, 198, 12.0
0, 199, 11.75
0, 200, 11.5
0, 201, 11.25
0, 202, 11.0
0, 203, 10.75
0, 204, 10.5
0, 205, 10.25
0, 206, 10.0
0, 207, 9.75
0, 208, 9.5
0, 209, 9.25
0, 210, 9.0
0, 211, 8.75
0, 212, 8.5
0, 213, 8.25
0, 214, 8.0
0, 215, 7.75
0, 216, 7.5
0, 217, 7.25
0, 218, 7.0
0, 219, 6.75
0, 220, 6.5
0, 221, 6.25
0, 222, 6.0
0, 223, 5.75
0, 224, 5.5
0, 225, 5.25
0, 226, 5.0
0, 227, 4.75
0, 228, 4.5
0, 229, 4.25
0, 230, 4.0
0, 231, 3.75
0, 232, 3.5
0, 233, 3.25
0, 234, 3.0
0, 235, 2.75
0, 236, 2.5
0, 237, 2.25
0, 238, 2.0
0, 239, 1.75
0, 240, 1.5
0, 241, 1.25
0, 242, 1.0
0, 243, 0.75
0, 244, 0.75
0, 245, 0.75
0, 246, 0.75
0, 247, 0.75
0, 248, 0.75
0, 249, 0.75
0, 250, 0.75
0, 251, 1.0
0, 252, 1.25
0, 253, 1.5
0, 254, 1.75
0, 255, 2.0
0, 256, 2.25
0, 257, 2.5
0, 258, 2.75
0, 259, 3.0
0, 260, 3.25
0, 261, 3.5
0, 262, 3.75
0, 263, 4.0
0, 264, 4.25
0, 265, 4.5
0, 266, 4.75
0, 267, 5.0
0, 268, 5.25
0, 269, 5.5
0, 270, 5.75
0, 271, 6.0
0, 272, 6.25
0, 273, 6.5
0, 274, 6.75
0, 275, 7.0
0, 276, 7.25
0, 277, 7.5
0, 278, 7.75
0, 279, 8.0
0, 280, 8.25
0, 281, 8.5
0, 282, 8.75
0, 283, 9.0
0, 284, 9.25
0, 285, 9.5
0, 286, 9.75
0, 287, 10.0
0, 288, 10.25
0, 289, 10.5
0, 290, 10.75
0, 291, 11.0
0, 292, 11.25
0, 293, 11.5
0, 294, 11.75
0, 295, 12.0
0, 296, 12.25
0, 297, 12.5
0, 298, 12.75
0, 299, 13.0
0, 300, 13.25
0, 301, 13.5
0, 302, 13.75
0, 303, 14.0
0, 304, 14.25
0, 305, 14.5
0, 306, 14.75
0, 307, 15.0
0, 308, 15.25
0, 309, 15.5
0, 310, 15.75
0, 311, 16.0
0, 312, 16.25
0, 313, 16.5
0, 314, 16.75
0, 315, 17.0
0, 316, 17.25
0, 317, 17.5
0, 318, 17.75
0, 319, 18.0
0, 320, 18.25
0, 321, 18.5
0, 322, 18.75
0, 323, 19.0
0, 324, 19.25
0, 325, 19.5
0, 326, 19.75
0, 327, 20.0
0, 328, 20.25
0, 329, 20.5
0, 330, 20.75
0, 331, 21.0
0, 332, 21.25
0, 333, 21.5
0, 334, 21.75
0, 335, 22.0
0, 336, 22.25
0, 337, 22.5
0, 338, 22.75
0, 339, 23.0
0, 340, 23.25
0, 341, 23.5
0, 342, 23.75
0, 343, 24.0
0, 344, 24.25
0, 345, 24.5
0, 346, 24.75
0, 347, 25.0
0, 348, 25.25
0, 349, 25.5
0, 350, 25.75
0, 351, 26.0
0, 352, 26.25
0, 353, 26.5
0, 354, 26.75
0, 355, 27.0
0, 356, 27.25
0, 357, 27.5
0, 358, 27.75
0, 359, 28.0
0, 360, 28.25
0, 361, 28.5
0, 362, 28.75
0, 363, 29.0
0, 364, 29.25
0, 365, 29.5
0, 366, 29.75
0, 367, 30.0
0, 368, 30.25
0, 369, 30.5
0, 370, 30.75
0, 371, 31.0
0, 372, 31.25
0, 373, 31.5
0, 374, 31.75
0, 375, 32.0
0, 376, 32.25
0, 377, 32.5
0, 378, 32.75
0, 379, 33.0
0, 380, 33.25
0, 381, 33.5
0, 382, 33.75
0, 383, 34.0
0, 384, 34.25
0, 385, 34.5
0, 386, 34.75
0, 387, 35.0
0, 388, 35.25
0, 389, 35.5
0, 390, 35.75
0, 391, 36.0
0, 392, 36.25
0, 393, 36.5
0, 394, 36.75
0, 395, 37.0
0, 396, 37.25
0, 397, 37.5
0, 398, 37.75
0, 399, 38.0
0, 400, 38.25
0, 401, 38.5
0, 402, 38.75
0, 403, 39.0
0, 404, 39.25
0, 405, 39.5
0, 406, 39.75
0, 407, 40.0
0, 408, 40.25
0, 409, 40.5
0, 410, 40.75
0, 411, 41.0
0, 412, 41.25
0, 413, 41.5
0, 414, 41.75
0, 415, 42.0
0, 416, 42.25
0, 417, 42.5
0, 418, 42.75
0, 419, 43.0
0, 420, 43.25
0, 421, 43.0
0, 422, 42.75
0, 423, 42.5
0, 424, 42.25
0, 425, 42.0
0, 426, 41.75
0, 427, 41.5
0, 428, 41.25
0, 429, 41.0
0, 430, 40.75
0, 431, 40.5
0, 432, 40.25
0, 433, 40.0
0, 434, 39.75
0, 435, 39.5
0, 436, 39.25
0, 437, 39.0
0, 438, 38.75
0, 439, 38.5
0, 440, 38.25
0, 441, 38.0
0, 442, 37.75
0, 443, 37.5
0, 444, 37.25
0, 445, 37.0
0, 446, 36.75
0, 447, 36.5
0, 448, 36.25
0, 449, 36.0
0, 450, 35.75
0, 451, 35.5
0, 452, 35.25
0, 453, 35.0
0, 454, 34.75
0, 455, 34.5
0, 456, 34.25
0, 457, 34.0
0, 458, 33.75
0, 459, 33.5
0, 460, 33.25
0, 461, 33.0
0, 462, 32.75
0, 463, 32.5
0, 464, 32.25
0, 465, 32.0
0, 466, 31.75
0, 467, 31.5
0, 468, 31.25
0, 469, 31.0
0, 470, 30.75
0, 471, 30.5
0, 472, 30.25
0, 473, 30.0
0, 474, 29.75
0, 475, 29.5
0, 476, 29.25
0, 477, 29.0
0, 478, 28.75
0, 479, 28.5
0, 480, 28.25
0, 481, 28.0
0, 482, 27.75
0, 483, 27.5
0, 484, 27.25
0, 485, 27.0
0, 486, 26.75
0, 487, 26.5
0, 488, 26.25
0, 489, 26.0
0, 490, 25.75
0, 491, 25.5
0, 492, 25.25
0, 493, 25.0
0, 494, 24.75
0, 495, 24.5
0, 496, 24.25
0, 497, 24.0
0, 498, 23.75
0, 499, 23.5
0, 500, 23.25
0, 501, 23.0
0, 502, 22.75
0, 503, 22.5
0, 504, 22.25
0, 505, 22.0
0, 506, 21.75
0, 507, 21.5
0, 508, 21.25
0, 509, 21.0
0, 510, 20.75
0, 511, 20.5
0, 512, 20.25
0, 513, 20.0
0, 514, 19.75
0, 515, 19.5
0, 516, 19.25
0, 517, 19.0
0, 518, 18.75
0, 519, 18.5
0, 520, 18.25
0, 521, 18.0
0, 522, 17.75
0, 523, 17.5
0, 524, 17.25
0, 525, 17.0
0, 526, 16.75
0, 527, 16.5
0, 528, 16.25
0, 529, 16.0
0, 530, 15.75
0, 531, 15.5
0, 532, 15.25
0, 533, 15.0
0, 534, 14.75
0, 535, 14.5
0, 536, 14.25
0, 537, 14.0
0, 538, 13.75
0, 539, 13.5
0, 540, 13.25
0, 541, 13.0
0, 542, 12.75
0, 543, 12.5
0, 544, 12.25
0, 545, 12.0
0, 546, 11.75
0, 547, 11.5
0, 548, 11.25
0, 549, 11.0
0, 550, 10.75
0, 551, 10.5
0, 552, 10.25
0, 553, 10.0
0, 554, 9.75
0, 555, 9.5
0, 556, 9.25
0, 557, 9.0
0, 558, 8.75
0, 559, 8.5
0, 560, 8.25
0, 561, 8.0
0, 562, 7.75
0, 563, 7.5
0, 564, 7.25
0, 565, 7.0
0, 566, 6.75
0, 567, 6.5
0, 568, 6.25
0, 569, 6.0
0, 570, 5.75
0, 571, 5.5
0, 572, 5.25
0, 573, 5.0
0, 574, 4.75
0, 575, 4.5
0, 576, 4.25
0, 577, 4.0
0, 578, 3.75
0, 579, 3.5
0, 580, 3.25
0, 581, 3.0
0, 582, 2.75
0, 583, 2.5
0, 584, 2.25
0, 585, 2.0
0, 586, 1.75
0, 587, 1.5
0, 588, 1.25
0, 589, 1.0
0, 590, 0.75
0, 591, 0.75
0, 592, 0.75
0, 593, 0.75
0, 594, 0.75
0, 595, 0.75
0, 596, 0.75
0, 597, 1.0
0, 598, 1.25
0, 599, 1.5
0, 600, 1.75
0, 601, 2.0
0, 602, 2.25
0, 603, 2.5
0, 604, 2.75
0, 605, 3.0
0, 606, 3.25
0, 607, 3.5
0, 608, 3.75
0, 609, 4.0
0, 610, 4.25
0, 611, 4.5
0, 612, 4.75
0, 613, 5.0
0, 614, 5.25
0, 615, 5.5
0, 616, 5.75
0, 617, 6.0
0, 618, 6.25
0, 619, 6.5
0, 620, 6.75
0, 621, 7.0
0, 622, 7.25
0, 623, 7.5
0, 624, 7.75
0, 625, 8.0
0, 626, 8.25
0, 627, 8.5
0, 628, 8.75
0, 629, 9.0
0, 630, 9.25
0, 631, 9.5
0, 632, 9.75
0, 633, 10.0
0, 634, 10.25
0, 635, 10.5
0, 636, 10.75
0, 637, 11.0
0, 638, 11.25
0, 639, 11.5
0, 640, 11.75
0, 641, 12.0
0, 642, 12.25
0, 643, 12.5
0, 644, 12.75
0, 645, 13.0
0, 646, 13.25
0, 647, 13.5
0, 648, 13.75
0, 649, 14.0
0, 650, 14.25
0, 651, 14.5
0, 652, 14.75
0, 653, 15.0
0, 654, 15.25
0, 655, 15.5
0, 656, 15.75
0, 657, 16.0
0, 658, 16.25
0, 659, 16.5
0, 660, 16.75
0, 661, 17.0
0, 662, 17.25
0, 663, 17.5
0, 664, 17.75
0, 665, 18.0
0, 666, 18.25
0, 667, 18.5
0, 668, 18.75
0, 669, 19.0
0, 670, 19.25
0, 671, 19.5
0, 672, 19.75
0, 673, 20.0
0, 674, 20.25
0, 675, 20.5
0, 676, 20.75
0, 677, 21.0
0, 678, 21.25
0, 679, 21.5
0, 680, 21.75
0, 681, 22.0
0, 682, 22.25
0, 683, 22.5
0, 684, 22.75
0, 685, 23.0
0, 686, 23.25
0, 687, 23.5
0, 688, 23.75
0, 689, 24.0
0, 690, 24.25
0, 691, 24.5
0, 692, 24.75
0, 693, 25.0
0, 694, 25.25
0, 695, 25.5
0, 696, 25.75
0, 697, 26.0
0, 698, 26.25
0, 699, 26.5
0, 700, 26.75
0, 701, 27.0
0, 702, 27.25
0, 703, 27.5
0, 704, 27.75
0, 705, 28.0
0, 706, 28.25
0, 707, 28.5
0, 708, 28.75
0, 709, 29.0
0, 710, 29.25
0, 711, 29.5
0, 712, 29.75
0, 713, 30.0
0, 714, 30.25
0, 715, 30.5
0, 716, 30.75
0, 717, 31.0
0, 718, 31.25
0, 719, 31.5
0, 720, 31.75
0, 721, 32.0
0, 722, 32.25
0, 723, 32.5
0, 724, 32.75
0, 725, 33.0
0, 726, 33.25
0, 727, 33.5
0, 728, 33.75
0, 729, 34.0
0, 730, 34.25
0, 731, 34.5
0, 732, 34.75
0, 733, 35.0
0, 734, 35.25
0, 735, 35.5
0, 736, 35.75
0, 737, 36.0
0, 738, 36.25
0, 739, 36.5
0, 740, 36.75
0, 741, 37.0
0, 742, 37.25
0, 743, 37.5
0, 744, 37.75
0, 745, 37.5
0, 746, 37.25
0, 747, 37.0
0, 748, 36.75
0, 749, 36.5
0, 750, 36.25
0, 751, 36.0
0, 752, 35.75
0, 753, 35.5
0, 754, 35.25
0, 755, 35.0
0, 756, 34.75
0, 757, 34.5
0, 758, 34.25
0, 759, 34.0
0, 760, 33.75
0, 761, 33.5
0, 762, 33.25
0, 763, 33.0
0, 764, 32.75
0, 765, 32.5
0, 766, 32.25
0, 767, 32.0
0, 768, 31.75
0, 769, 31.5
0, 770, 31.25
0, 771, 31.0
0, 772, 30.75
0, 773, 30.5
0, 774, 30.25
0, 775, 30.0
0, 776, 29.75
0, 777, 29.5
0, 778, 29.25
0, 779, 29.0
0, 780, 28.75
0, 781, 28.5
0, 782, 28.25
0, 783, 28.0
0, 784, 27.75
0, 785, 27.5
0, 786, 27.25
0, 787, 27.0
0, 788, 26.75
0, 789, 26.5
0, 790, 26.25
0, 791, 26.0
0, 792, 25.75
0, 793, 25.5
0, 794, 25.25
0, 795, 25.0
0, 796, 24.75
0, 797, 24.5
0, 798, 24.25
0, 799, 24.0
0, 800, 23.75
0, 801, 23.5
0, 802, 23.25
0, 803, 23.0
0, 804, 22.75
0, 805, 22.5
0, 806, 22.25
0, 807, 22.0
0, 808, 21.75
0, 809, 21.5
0, 810, 21.25
0, 811, 21.0
0, 812, 20.75
0, 813, 20.5
0, 814, 20.25
0, 815, 20.0
0, 816, 19.75
0, 817, 19.5
0, 818, 19.25
0, 819, 19.0
0, 820, 18.75
0, 821, 18.5
0, 822, 18.25
0, 823, 18.0
0, 824, 17.75
0, 825, 17.5
0, 826, 17.25
0, 827, 17.0
0, 828, 16.75
0, 829, 16.5
0, 830, 16.25
0, 831, 16.0
0, 832, 15.75
0, 833, 15.5
0, 834, 15.25
0, 835, 15.0
0, 836, 14.75
0, 837, 14.5
0, 838, 14.25
0, 839, 14.0
0, 840, 13.75
0, 841, 13.5
0, 842, 13.25
0, 843, 13.0
0, 844, 12.75
0, 845, 12.5
0, 846, 12.25
0, 847, 12.0
0, 848, 11.75
0, 849, 11.5
0, 850, 11.25
0, 851, 11.0
0, 852, 10.75
0, 853, 10.5
0, 854, 10.25
0, 855, 10.0
0, 856, 9.75
0, 857, 9.5
0, 858, 9.25
0, 859, 9.0
0, 860, 8.75
0, 861, 8.5
0, 862, 8.25
0, 863, 8.0
0, 864, 7.75
0, 865, 7.5
0, 866, 7.25
0, 867, 7.0
0, 868, 6.75
0, 869, 6.5
0, 870, 6.25
0, 871, 6.0
0, 872, 5.75
0, 873, 5.5
0, 874, 5.25
0, 875, 5.0
0, 876, 4.75
0, 877, 4.5
0, 878, 4.25
0, 879, 4.0
0, 880, 3.75
0, 881, 3.5
0, 882, 3.25
0, 883, 3.0
0, 884, 2.75
0, 885, 2.5
0, 886, 2.25
0, 887, 2.0
0, 888, 1.75
0, 889, 1.5
0, 890, 1.25
0, 891, 1.0
0, 892, 0.75
0, 893, 0.75
0, 894, 0.75
0, 895, 0.75
0, 896, 0.75
0, 897, 0.75
0, 898, 0.75
0, 899, 0.75
0, 900, 0.75
0, 901, 0.75
0, 902, 0.75
0, 903, 0.75
0, 904, 0.75
0, 905, 0.75
0, 906, 0.75
0, 907, 0.75
0, 908, 0.75
0, 909, 0.75
0, 910, 0.75
0, 911, 0.75
0, 912, 0.75
0, 913, 0.75
0, 914, 0.75
0, 915, 0.75
0, 916, 0.75
0, 917, 0.75
0, 918, 0.75
0, 919, 0.75
0, 920, 0.75
0, 921, 0.75
0, 922, 0.75
0, 923, 0.75
0, 924, 0.75
0, 925, 0.75
0, 926, 0.75
0, 927, 0.75
0, 928, 0.75
0, 929, 0.75
0, 930, 0.75
0, 931, 0.75
0, 932, 0.75
0, 933, 0.75
0, 934, 0.75
0, 935, 0.75
0, 936, 0.75
0, 937, 0.75
0, 938, 0.75
0, 939, 0.75
0, 940, 0.75
0, 941, 0.75
0, 942, 0.75
0, 943, 0.75
0, 944, 0.75
0, 945, 0.75
0, 946, 0.75
0, 947, 0.75
0, 948, 0.75
0, 949, 0.75
0, 950, 0.75
0, 951, 0.75
0, 952, 0.75
0, 953, 0.75
0, 954, 0.75
0, 955, 0.75
0, 956, 0.75
0, 957, 0.75
0, 958, 0.75
0, 959, 0.75
0, 960, 0.75
0, 961, 0.75
0, 962, 0.75
0, 963, 0.75
0, 964, 0.75
0, 965, 0.75
0, 966, 0.75
0, 967, 0.75
0, 968, 0.75
0, 969, 0.75
0, 970, 0.75
0, 971, 0.75
0, 972, 0.75
0, 973, 0.75
0, 974, 0.75
0, 975, 0.75
0, 976, 0.75
0, 977, 0.75
0, 978, 0.75
0, 979, 0.75
0, 980, 0.75
0, 981, 0.75
0, 982, 0.75
0, 983, 0.75
0, 984, 0.75
0, 985, 0.75
0, 986, 0.75
0, 987, 0.75
0, 988, 0.75
0, 989, 0.75
0, 990, 0.75
0, 991, 0.75
0, 992, 0.75
0, 993, 0.75
0, 994, 0.75
0, 995, 0.75
0, 996, 0.75
0, 997, 0.75
0, 998, 0.75
0, 999, 0.75
0, 1000, 0.75
0, 1001, 0.75
0, 1002, 0.75
0, 1003, 0.75
0, 1004, 0.75
0, 1005, 0.75
0, 1006, 0.75
0, 1007, 0.75
0, 1008, 0.75
0, 1009, 0.75
0, 1010, 0.75
0, 1011, 0.75
0, 1012, 0.75
0, 1013, 0.75
0, 1014, 0.75
0, 1015, 0.75
0, 1016, 0.75
0, 1017, 0.75
0, 1018, 0.75
0, 1019, 0.75
0, 1020, 0.75
0, 1021, 0.75
0, 1022, 0.75
0, 1023, 0.75
0, 1024, 0.75
0, 1025, 0.75
0, 1026, 0.75
0, 1027, 0.75
0, 1028, 0.75
0, 1029, 0.75
0, 1030, 0.75
0, 1031, 0.75
0, 1032, 0.75
0, 1033, 0.75
0, 1034, 0.75
0, 1035, 0.75
0, 1036, 0.75
0, 1037, 0.75
0, 1038, 0.75
0, 1039, 0.75
0, 1040, 0.75
0, 1041, 0.75
0, 1042, 0.75
0, 1043, 0.75
0, 1044, 0.75
0, 1045, 0.75
0, 1046, 0.75
0, 1047, 0.75
0, 1048, 0.75
0, 1049, 0.75
0, 1050, 0.75
0, 1051, 0.75
0, 1052, 0.75
0, 1053, 0.75
0, 1054, 0.75
0, 1055, 0.75
0, 1056, 0.75
0, 1057, 0.75
0, 1058, 0.75
0, 1059, 0.75
0, 1060, 0.75
0, 1061, 0.75
0, 1062, 0.75
0, 1063, 0.75
0, 1064, 0.75
0, 1065, 0.75
0, 1066, 0.75
0, 1067, 0.75
0, 1068, 0.75
0, 1069, 0.75
0, 1070, 0.75
0, 1071, 0.75
0, 1072, 0.75
0, 1073, 0.75
0, 1074, 0.75
0, 1075, 0.75
0, 1076, 0.75
0, 1077, 0.75
0, 1078, 0.75
0, 1079, 0.75
0, 1080, 0.75
0, 1081, 0.75
0, 1082, 0.75
0, 1083, 0.75
0, 1084, 0.75
0, 1085, 0.75
0, 1086, 0.75
0, 1087, 0.75
0, 1088, 0.75
0, 1089, 0.75
0, 1090, 0.75
0, 1091, 0.75
0, 1092, 0.75
0, 1093, 0.75
0, 1094, 0.75
0, 1095, 0.75
0, 1096, 0.75
0, 1097, 0.75
0, 1098, 0.75
0, 1099, 0.75
0, 1100, 0.75
0, 1101, 0.75
0, 1102, 0.75
0, 1103, 0.75
0, 1104, 0.75
0, 1105, 0.75
0, 1106, 0.75
0, 1107, 0.75
0, 1108, 0.75
0, 1109, 0.75
0, 1110, 0.75
0, 1111, 0.75
0, 1112, 0.75
0, 1113, 0.75
0, 1114, 0.75
0, 1115, 0.75
0, 1116, 0.75
0, 1117, 0.75
0, 1118, 0.75
0, 1119, 0.75
0, 1120, 0.75
0, 1121, 0.75
0, 1122, 0.75
0, 1123, 0.75
0, 1124, 0.75
0, 1125, 0.75
0, 1126, 0.75
0, 1127, 0.75
0, 1128, 0.75
0, 1129, 0.75
0, 1130, 0.75
0, 1131, 0.75
0, 1132, 0.75
0, 1133, 0.75
0, 1134, 0.75
0, 1135, 0.75
0, 1136, 0.75
0, 1137, 0.75
0, 1138, 0.75
0, 1139, 0.75
0, 1140, 0.75
0, 1141, 0.75
0, 1142, 0.75
0, 1143, 0.75
0, 1144, 0.75
0, 1145, 0.75
0, 1146, 0.75
0, 1147, 0.75
0, 1148, 0.75
0, 1149, 0.75
0, 1150, 0.75
0, 1151, 0.75
0, 1152, 0.75
0, 1153, 0.75
0, 1154, 0.75
0, 1155, 0.75
0, 1156, 0.75
0, 1157, 0.75
0, 1158, 0.75
0, 1159, 0.75
0, 1160, 0.75
0, 1161, 0.75
0, 1162, 0.75
0, 1163, 0.75
0, 1164, 0.75
0, 1165, 0.75
0, 1166, 0.75
0, 1167, 0.75
0, 1168, 0.75
0, 1169, 0.75
0, 1170, 0.75
0, 1171, 0.75
0, 1172, 0.75
0, 1173, 0.75
0, 1174, 0.75
0, 1175, 0.75
0, 1176, 0.75
0, 1177, 0.75
0, 1178, 0.75
0, 1179, 0.75
0, 1180, 0.75
0, 1181, 0.75
0, 1182, 0.75
0, 1183, 0.75
0, 1184, 0.75
0, 1185, 0.75
0, 1186, 0.75
0, 1187, 0.75
0, 1188, 0.75
0, 1189, 0.75
0, 1190, 0.75
0, 1191, 0.75
0, 1192, 0.75
0, 1193, 0.75
0, 1194, 0.75
0, 1195, 0.75
0, 1196, 0.75
0, 1197, 0.75
0, 1198, 0.75
0, 1199, 0.75
0, 1200, 0.75
0, 1201, 0.75
0, 1202, 0.75
0, 1203, 0.75
0, 1204, 0.75
0, 1205, 0.75
0, 1206, 0.75
0, 1207, 0.75
0, 1208, 0.75
0, 1209, 0.75
0, 1210, 0.75
0, 1211, 0.75
0, 1212, 0.75
0, 1213, 0.75
0, 1214, 0.75
0, 1215, 0.75
0, 1216, 0.75
0, 1217, 0.75
0, 1218, 0.75
0, 1219, 0.75
0, 1220, 0.75
0, 1221, 0.75
0, 1222, 0.75
0, 1223, 0.75
0, 1224, 0.75
0, 1225, 0.75
0, 1226, 0.75
0, 1227, 0.75
0, 1228, 0.75
0, 1229, 0.75
0, 1230, 0.75
0, 1231, 0.75
0, 1232, 0.75
0, 1233, 0.75
0, 1234, 0.75
0, 1235, 0.75
0, 1236, 0.75
0, 1237, 0.75
0, 1238, 0.75
0, 1239, 0.75
0, 1240, 0.75
0, 1241, 0.75
0, 1242, 0.75
0, 1243, 0.75
0, 1244, 0.75
0, 1245, 0.75
0, 1246, 0.75
0, 1247, 0.75
0, 1248, 0.75
0, 1249, 0.75
0, 1250, 0.75
0, 1251, 0.75
0, 1252, 0.75
0, 1253, 0.75
0, 1254, 0.75
0, 1255, 0.75
0, 1256, 0.75
0, 1257, 0.75
0, 1258, 0.75
0, 1259, 0.75
0, 1260, 0.75
0, 1261, 0.75
0, 1262, 0.75
0, 1263, 0.75
0, 1264, 0.75
0, 1265, 0.75
0, 1266, 0.75
0, 1267, 0.75
0, 1268, 0.75
0, 1269, 0.75
0, 1270, 0.75
0, 1271, 0.75
0, 1272, 0.75
0, 1273, 0.75
0, 1274, 0.75
0, 1275, 0.75
0, 1276, 0.75
0, 1277, 0.75
0, 1278, 0.75
0, 1279, 0.75
0, 1280, 0.75
0, 1281, 0.75
0, 1282, 0.75
0, 1283, 0.75
0, 1284, 0.75
0, 1285, 0.75
0, 1286, 0.75
0, 1287, 0.75
0, 1288, 0.75
0, 1289, 0.75
0, 1290, 0.75
0, 1291, 0.75
0, 1292, 0.75
0, 1293, 0.75
0, 1294, 0.75
0, 1295, 0.75
0, 1296, 0.75
0, 1297, 0.75
0, 1298, 0.75
0, 1299, 0.75
0, 1300, 0.75
0, 1301, 0.75
0, 1302, 0.75
0, 1303, 0.75
0, 1304, 0.75
0, 1305, 0.75
0, 1306, 0.75
0, 1307, 0.75
0, 1308, 0.75
0, 1309, 0.75
0, 1310, 0.75
0, 1311, 0.75
0, 1312, 0.75
0, 1313, 0.75
0, 1314, 0.75
0, 1315, 0.75
0, 1316, 0.75
0, 1317, 0.75
0, 1318, 0.75
0, 1319, 0.75
0, 1320, 0.75
0, 1321, 0.75
0, 1322, 0.75
0, 1323, 0.75
0, 1324, 0.75
0, 1325, 0.75
0, 1326, 0.75
0, 1327, 0.75
0, 1328, 0.75
0, 1329, 0.75
0, 1330, 0.75
0, 1331, 0.75
0, 1332, 0.75
0, 1333, 0.75
0, 1334, 0.75
0, 1335, 0.75
0, 1336, 0.75
0, 1337, 0.75
0, 1338, 0.75
0, 1339, 0.75
0, 1340, 0.75
0, 1341, 0.75
0, 1342, 0.75
0, 1343, 0.75
0, 1344, 0.75
0, 1345, 0.75
0, 1346, 0.75
0, 1347, 0.75
0, 1348, 0.75
0, 1349, 0.75
0, 1350, 0.75
0, 1351, 0.75
0, 1352, 0.75
0, 1353, 0.75
0, 1354, 0.75
0, 1355, 0.75
0, 1356, 0.75
0, 1357, 0.75
0, 1358, 0.75
0, 1359, 0.75
0, 1360, 0.75
0, 1361, 0.75
0, 1362, 0.75
0, 1363, 0.75
0, 1364, 0.75
0, 1365, 0.75
0, 1366, 0.75
0, 1367, 0.75
0, 1368, 0.75
0, 1369, 0.75
0, 1370, 0.75
0, 1371, 0.75
0, 1372, 0.75
0, 1373, 0.75
0, 1374, 0.75
0, 1375, 0.75
0, 1376, 0.75
0, 1377, 0.75
0, 1378, 0.75
0, 1379, 0.75
0, 1380, 0.75
0, 1381, 0.75
0, 1382, 0.75
0, 1383, 0.75
0, 1384, 0.75
0, 1385, 0.75
0, 1386, 0.75
0, 1387, 0.75
0, 1388, 0.75
0, 1389, 0.75
0, 1390, 0.75
0, 1391, 0.75
0, 1392, 0.75
0, 1393, 0.75
0, 1394, 0.75
0, 1395, 0.75
0, 1396, 0.75
0, 1397, 0.75
0, 1398, 0.75
0, 1399, 0.75
0, 1400, 0.75
0, 1401, 0.75
0, 1402, 0.75
0, 1403, 0.75
0, 1404, 0.75
0, 1405, 0.75
0, 1406, 0.75
0, 1407, 0.75
0, 1408, 0.75
0, 1409, 0.75
0, 1410, 0.75
0, 1411, 0.75
0, 1412, 0.75
0, 1413, 0.75
0, 1414, 0.75
0, 1415, 0.75
0, 1416, 0.75
0, 1417, 0.75
0, 1418, 0.75
0, 1419, 0.75
0, 1420, 0.75
0, 1421, 0.75
0, 1422, 0.75
0, 1423, 0.75
0, 1424, 0.75
0, 1425, 0.75
0, 1426, 0.75
0, 1427, 0.75
0, 1428, 0.75
0, 1429, 0.75
0, 1430, 0.75
0, 1431, 0.75
0, 1432, 0.75
0, 1433, 0.75
0, 1434, 0.75
0, 1435, 0.75
0, 1436, 0.75
0, 1437, 0.75
0, 1438, 0.75
0, 1439, 0.75
0, 1440, 0.75
0, 1441, 0.75
0, 1442, 0.75
0, 1443, 0.75
0, 1444, 0.75
0, 1445, 0.75
0, 1446, 0.75
0, 1447, 0.75
0, 1448, 0.75
0, 1449, 0.75
0, 1450, 0.75
0, 1451, 0.75
0, 1452, 0.75
0, 1453, 0.75
0, 1454, 0.75
0, 1455, 0.75
0, 1456, 0.75
0, 1457, 0.75
0, 1458, 0.75
0, 1459, 0.75
0, 1460, 0.75
0, 1461, 0.75
0, 1462, 0.75
0, 1463, 0.75
0, 1464, 0.75
0, 1465, 0.75
0, 1466, 0.75
0, 1467, 0.75
0, 1468, 0.75
0, 1469, 0.75
0, 1470, 0.75
0, 1471, 0.75
0, 1472, 0.75
0, 1473, 0.75
0, 1474, 0.75
0, 1475, 0.75
0, 1476, 0.75
0, 1477, 0.75
0, 1478, 0.75
0, 1479, 0.75
0, 1480, 0.75
0, 1481, 0.75
0, 1482, 0.75
0, 1483, 0.75
0, 1484, 0.75
0, 1485, 0.75
0, 1486, 0.75
0, 1487, 0.75
0, 1488, 0.75
0, 1489, 0.75
0, 1490, 0.75
0, 1491, 0.75
0, 1492, 0.75
0, 1493, 0.75
0, 1494, 0.75
0, 1495, 0.75
0, 1496, 0.75
0, 1497, 0.75
0, 1498, 0.75
0, 1499, 0.75
0, 1500, 0.75
0, 1501, 0.75
0, 1502, 0.75
0, 1503, 0.75
0, 1504, 0.75
0, 1505, 0.75
0, 1506, 0.75
0, 1507, 0.75
0, 1508, 0.75
0, 1509, 0.75
0, 1510, 0.75
0, 1511, 0.75
0, 1512, 0.75
0, 1513, 0.75
0, 1514, 0.75
0, 1515, 0.75
0, 1516, 0.75
0, 1517, 0.75
0, 1518, 0.75
0, 1519, 0.75
0, 1520, 0.75
0, 1521, 0.75
0, 1522, 0.75
0, 1523, 0.75
0, 1524, 0.75
0, 1525, 0.75
0, 1526, 0.75
0, 1527, 0.75
0, 1528, 0.75
0, 1529, 0.75
0, 1530, 0.75
0, 1531, 0.75
0, 1532, 0.75
0, 1533, 0.75
0, 1534, 0.75
0, 1535, 0.75
0, 1536, 0.75
0, 1537, 0.75
0, 1538, 0.75
0, 1539, 0.75
0, 1540, 0.75
0, 1541, 0.75
0, 1542, 0.75
0, 1543, 0.75
0, 1544, 0.75
0, 1545, 0.75
0, 1546, 0.75
0, 1547, 0.75
0, 1548, 0.75
0, 1549, 0.75
0, 1550, 0.75
0, 1551, 0.75
0, 1552, 0.75
0, 1553, 0.75
0, 1554, 0.75
0, 1555, 0.75
0, 1556, 0.75
0, 1557, 0.75
0, 1558, 0.75
0, 1559, 0.75
0, 1560, 0.75
0, 1561, 0.75
0, 1562, 0.75
0, 1563, 0.75
0, 1564, 0.75
0, 1565, 0.75
0, 1566, 0.75
0, 1567, 0.75
0, 1568, 0.75
0, 1569, 0.75
0, 1570, 0.75
0, 1571, 0.75
0, 1572, 0.75
0, 1573, 0.75
0, 1574, 0.75
0, 1575, 0.75
0, 1576, 0.75
0, 1577, 0.75
0, 1578, 0.75
0, 1579, 0.75
0, 1580, 0.75
0, 1581, 0.75
0, 1582, 0.75
0, 1583, 0.75
0, 1584, 0.75
0, 1585, 0.75
0, 1586, 0.75
0, 1587, 0.75
0, 1588, 0.75
0, 1589, 0.75
0, 1590, 0.75
0, 1591, 0.75
0, 1592, 0.75
0, 1593, 0.75
0, 1594, 0.75
0, 1595, 0.75
0, 1596, 0.75
0, 1597, 0.75
0, 1598, 0.75
0, 1599, 0.75
0, 1600, 0.75
0, 1601, 0.75
0, 1602, 0.75
0, 1603, 0.75
0, 1604, 0.75
0, 1605, 0.75
0, 1606, 0.75
0, 1607, 0.75
0, 1608, 0.75
0, 1609, 0.75
0, 1610, 0.75
0, 1611, 0.75
0, 1612, 0.75
0, 1613, 0.75
0, 1614, 0.75
0, 1615, 0.75
0, 1616, 0.75
0, 1617, 0.75
0, 1618, 0.75
0, 1619, 0.75
0, 1620, 0.75
0, 1621, 0.75
0, 1622, 0.75
0, 1623, 0.75
0, 1624, 0.75
0, 1625, 0.75
0, 1626, 0.75
0, 1627, 0.75
0, 1628, 0.75
0, 1629, 0.75
0, 1630, 0.75
0, 1631, 0.75
0, 1632, 0.75
0, 1633, 0.75
0, 1634, 0.75
0, 1635, 0.75
0, 1636, 0.75
0, 1637, 0.75
0, 1638, 0.75
0, 1639, 0.75
0, 1640, 0.75
0, 1641, 0.75
0, 1642, 0.75
0, 1643, 0.75
0, 1644, 0.75
0, 1645, 0.75
0, 1646, 0.75
0, 1647, 0.75
0, 1648, 0.75
0, 1649, 0.75
0, 1650, 0.75
0, 1651, 0.75
0, 1652, 0.75
0, 1653, 0.75
0, 1654, 0.75
0, 1655, 0.75
0, 1656, 0.75
0, 1657, 0.75
0, 1658, 0.75
0, 1659, 0.75
0, 1660, 0.75
0, 1661, 0.75
0, 1662, 0.75
0, 1663, 0.75
0, 1664, 0.75
0, 1665, 0.75
0, 1666, 0.75
0, 1667, 0.75
0, 1668, 0.75
0, 1669, 0.75
0, 1670, 0.75
0, 1671, 0.75
0, 1672, 1.0
0, 1673, 1.25
0, 1674, 1.0
0, 1675, 0.75
0, 1676, 0.75
0, 1677, 0.75
0, 1678, 1.0
0, 1679, 1.25
0, 1680, 1.5
0, 1681, 1.75
0, 1682, 2.0
0, 1683, 2.25
0, 1684, 2.5
0, 1685, 2.75
0, 1686, 3.0
0, 1687, 3.25
0, 1688, 3.5
0, 1689, 3.75
0, 1690, 4.0
0, 1691, 4.25
0, 1692, 4.5
0, 1693, 4.75
0, 1694, 5.0
0, 1695, 5.25
0, 1696, 5.5
0, 1697, 5.75
0, 1698, 6.0
0, 1699, 6.25
0, 1700, 6.5
0, 1701, 6.75
0, 1702, 7.0
0, 1703, 7.25
0, 1704, 7.5
0, 1705, 7.75
0, 1706, 8.0
0, 1707, 8.25
0, 1708, 8.5
0, 1709, 8.75
0, 1710, 9.0
0, 1711, 9.25
0, 1712, 9.5
0, 1713, 9.75
0, 1714, 10.0
0, 1715, 10.25
0, 1716, 10.5
0, 1717, 10.75
0, 1718, 11.0
0, 1719, 11.25
0, 1720, 11.5
0, 1721, 11.75
0, 1722, 12.0
0, 1723, 11.75
0, 1724, 12.0
0, 1725, 12.25
0, 1726, 12.5
0, 1727, 12.25
0, 1728, 12.5
0, 1729, 12.75
0, 1730, 12.5
0, 1731, 12.25
0, 1732, 12.0
0, 1733, 11.75
0, 1734, 11.5
0, 1735, 11.25
0, 1736, 11.0
0, 1737, 10.75
0, 1738, 10.5
0, 1739, 10.25
0, 1740, 10.0
0, 1741, 9.75
0, 1742, 9.5
0, 1743, 9.25
0, 1744, 9.0
0, 1745, 8.75
0, 1746, 8.5
0, 1747, 8.25
0, 1748, 8.0
0, 1749, 7.75
0, 1750, 7.5
0, 1751, 7.25
0, 1752, 7.0
0, 1753, 6.75
0, 1754, 6.5
0, 1755, 6.25
0, 1756, 6.0
0, 1757, 5.75
0, 1758, 5.5
0, 1759, 5.25
0, 1760, 5.0
0, 1761, 4.75
0, 1762, 4.5
0, 1763, 4.25
0, 1764, 4.0
0, 1765, 3.75
0, 1766, 3.5
0, 1767, 3.25
0, 1768, 3.0
0, 1769, 2.75
0, 1770, 2.5
0, 1771, 2.25
0, 1772, 2.0
0, 1773, 1.75
0, 1774, 1.5
0, 1775, 1.25
0, 1776, 1.0
0, 1777, 0.75
0, 1778, 0.75
0, 1779, 0.75
0, 1780, 0.75
0, 1781, 0.75
0, 1782, 0.75
0, 1783, 0.75
0, 1784, 0.75
0, 1785, 0.75
0, 1786, 0.75
0, 1787, 0.75
0, 1788, 0.75
0, 1789, 0.75
0, 1790, 0.75
0, 1791, 0.75
0, 1792, 0.75
0, 1793, 0.75
0, 1794, 0.75
0, 1795, 0.75
0, 1796, 0.75
0, 1797, 0.75
0, 1798, 0.75
0, 1799, 0.75
0, 1800, 0.75
0, 1801, 0.75
0, 1802, 0.75
0, 1803, 0.75
0, 1804, 0.75
0, 1805, 0.75
0, 1806, 0.75
0, 1807, 0.75
0, 1808, 0.75
0, 1809, 0.75
0, 1810, 0.75
0, 1811, 0.75
0, 1812, 0.75
0, 1813, 0.75
0, 1814, 0.75
0, 1815, 0.75
0, 1816, 0.75
0, 1817, 0.75
0, 1818, 0.75
0, 1819, 0.75
0, 1820, 0.75
0, 1821, 0.75
0, 1822, 0.75
0, 1823, 0.75
0, 1824, 0.75
0, 1825, 0.75
0, 1826, 0.75
0, 1827, 0.75
0, 1828, 0.75
0, 1829, 0.75
0, 1830, 0.75
0, 1831, 0.75
0, 1832, 0.75
0, 1833, 0.75
0, 1834, 0.75
0, 1835, 0.75
0, 1836, 0.75
0, 1837, 0.75
0, 1838, 0.75
0, 1839, 0.75
0, 1840, 1.0
0, 1841, 0.75
0, 1842, 0.75
0, 1843, 0.75
0, 1844, 0.75
0, 1845, 0.75
0, 1846, 0.75
0, 1847, 1.0
0, 1848, 1.25
0, 1849, 1.0
0, 1850, 0.75
0, 1851, 1.0
0, 1852, 1.25
0, 1853, 1.5
0, 1854, 1.75
0, 1855, 2.0
0, 1856, 2.25
0, 1857, 2.5
0, 1858, 2.75
0, 1859, 3.0
0, 1860, 3.25
0, 1861, 3.5
0, 1862, 3.75
0, 1863, 4.0
0, 1864, 4.25
0, 1865, 4.5
0, 1866, 4.75
0, 1867, 5.0
0, 1868, 5.25
0, 1869, 5.5
0, 1870, 5.75
0, 1871, 5.5
0, 1872, 5.25
0, 1873, 5.0
0, 1874, 4.75
0, 1875, 5.0
0, 1876, 4.75
0, 1877, 4.5
0, 1878, 4.25
0, 1879, 4.0
0, 1880, 3.75
0, 1881, 3.5
0, 1882, 3.25
0, 1883, 3.0
0, 1884, 2.75
0, 1885, 2.5
0, 1886, 2.25
0, 1887, 2.0
0, 1888, 1.75
0, 1889, 1.5
0, 1890, 1.25
0, 1891, 1.0
0, 1892, 0.75
0, 1893, 0.75
0, 1894, 0.75
0, 1895, 0.75
0, 1896, 0.75
0, 1897, 0.75
0, 1898, 0.75
0, 1899, 0.75
0, 1900, 0.75
0, 1901, 0.75
0, 1902, 0.75
0, 1903, 0.75
0, 1904, 0.75
0, 1905, 0.75
0, 1906, 0.75
0, 1907, 0.75
0, 1908, 0.75
0, 1909, 0.75
0, 1910, 0.75
0, 1911, 0.75
0, 1912, 0.75
0, 1913, 0.75
0, 1914, 0.75
0, 1915, 0.75
0, 1916, 0.75
0, 1917, 1.0
0, 1918, 1.25
0, 1919, 1.0
0, 1920, 0.75
0, 1921, 0.75
0, 1922, 0.75
0, 1923, 1.0
0, 1924, 1.25
0, 1925, 1.5
0, 1926, 1.25
0, 1927, 1.0
0, 1928, 0.75
0, 1929, 0.75
0, 1930, 1.0
0, 1931, 1.25
0, 1932, 1.5
0, 1933, 1.75
0, 1934, 2.0
0, 1935, 2.25
0, 1936, 2.5
0, 1937, 2.75
0, 1938, 3.0
0, 1939, 3.25
0, 1940, 3.0
0, 1941, 2.75
0, 1942, 3.0
0, 1943, 3.25
0, 1944, 3.5
0, 1945, 3.75
0, 1946, 4.0
0, 1947, 4.25
0, 1948, 4.5
0, 1949, 4.75
0, 1950, 5.0
0, 1951, 5.25
0, 1952, 5.5
0, 1953, 5.75
0, 1954, 6.0
0, 1955, 6.25
0, 1956, 6.5
0, 1957, 6.75
0, 1958, 7.0
0, 1959, 7.25
0, 1960, 7.5
0, 1961, 7.75
0, 1962, 7.5
0, 1963, 7.75
0, 1964, 8.0
0, 1965, 8.25
0, 1966, 8.5
0, 1967, 8.75
0, 1968, 8.5
0, 1969, 8.25
0, 1970, 8.5
0, 1971, 8.75
0, 1972, 9.0
0, 1973, 9.25
0, 1974, 9.5
0, 1975, 9.25
0, 1976, 9.0
0, 1977, 8.75
0, 1978, 8.5
0, 1979, 8.25
0, 1980, 8.0
0, 1981, 7.75
0, 1982, 7.5
0, 1983, 7.25
0, 1984, 7.0
0, 1985, 6.75
0, 1986, 6.5
0, 1987, 6.25
0, 1988, 6.0
0, 1989, 5.75
0, 1990, 5.5
0, 1991, 5.25
0, 1992, 5.0
0, 1993, 4.75
0, 1994, 4.5
0, 1995, 4.25
0, 1996, 4.0
0, 1997, 3.75
0, 1998, 3.5
0, 1999, 3.25
0, 2000, 3.0
0, 2001, 2.75
0, 2002, 2.5
0, 2003, 2.25
0, 2004, 2.0
0, 2005, 1.75
0, 2006, 1.5
0, 2007, 1.25
0, 2008, 1.0
0, 2009, 0.75
0, 2010, 0.75
0, 2011, 0.75
0, 2012, 0.75
0, 2013, 0.75
0, 2014, 0.75
0, 2015, 0.75
0, 2016, 0.75
0, 2017, 0.75
0, 2018, 0.75
0, 2019, 0.75
0, 2020, 0.75
0, 2021, 0.75
0, 2022, 1.0
0, 2023, 1.25
0, 2024, 1.0
0, 2025, 0.75
0, 2026, 0.75
0, 2027, 0.75
0, 2028, 0.75
0, 2029, 1.0
0, 2030, 1.25
0, 2031, 1.0
0, 2032, 0.75
0, 2033, 0.75
0, 2034, 0.75
0, 2035, 0.75
0, 2036, 1.0
0, 2037, 1.25
0, 2038, 1.0
0, 2039, 0.75
0, 2040, 0.75
0, 2041, 0.75
0, 2042, 0.75
0, 2043, 1.0
0, 2044, 1.25
0, 2045, 1.0
0, 2046, 0.75
0, 2047, 0.75
0, 2048, 0.75
0, 2049, 0.75
0, 2050, 1.0
0, 2051, 1.25
0, 2052, 1.0
0, 2053, 0.75
0, 2054, 0.75
0, 2055, 0.75
0, 2056, 1.0
0, 2057, 1.25
0, 2058, 1.5
0, 2059, 1.25
0, 2060, 1.5
0, 2061, 1.25
0, 2062, 1.5
0, 2063, 1.75
0, 2064, 2.0
0, 2065, 2.25
0, 2066, 2.5
0, 2067, 2.75
0, 2068, 3.0
0, 2069, 3.25
0, 2070, 3.5
0, 2071, 3.75
0, 2072, 4.0
0, 2073, 4.25
0, 2074, 4.5
0, 2075, 4.75
0, 2076, 5.0
0, 2077, 5.25
0, 2078, 5.5
0, 2079, 5.75
0, 2080, 6.0
0, 2081, 6.25
0, 2082, 6.5
0, 2083, 6.75
0, 2084, 7.0
0, 2085, 7.25
0, 2086, 7.5
0, 2087, 7.75
0, 2088, 7.5
0, 2089, 7.25
0, 2090, 7.0
0, 2091, 6.75
0, 2092, 7.0
0, 2093, 7.25
0, 2094, 7.0
0, 2095, 6.75
0, 2096, 6.5
0, 2097, 6.25
0, 2098, 6.0
0, 2099, 5.75
0, 2100, 5.5
0, 2101, 5.25
0, 2102, 5.0
0, 2103, 4.75
0, 2104, 4.5
0, 2105, 4.25
0, 2106, 4.0
0, 2107, 3.75
0, 2108, 3.5
0, 2109, 3.25
0, 2110, 3.0
0, 2111, 2.75
0, 2112, 2.5
0, 2113, 2.25
0, 2114, 2.0
0, 2115, 1.75
0, 2116, 1.5
0, 2117, 1.25
0, 2118, 1.0
0, 2119, 0.75
0, 2120, 0.75
0, 2121, 0.75
0, 2122, 0.75
0, 2123, 0.75
0, 2124, 0.75
0, 2125, 0.75
0, 2126, 0.75
0, 2127, 1.0
0, 2128, 1.25
0, 2129, 1.0
0, 2130, 0.75
0, 2131, 0.75
0, 2132, 0.75
0, 2133, 0.75
0, 2134, 1.0
0, 2135, 1.25
0, 2136, 1.0
0, 2137, 0.75
0, 2138, 0.75
0, 2139, 1.0
0, 2140, 1.25
0, 2141, 1.5
0, 2142, 1.75
0, 2143, 1.5
0, 2144, 1.75
0, 2145, 2.0
0, 2146, 2.25
0, 2147, 2.5
0, 2148, 2.75
0, 2149, 3.0
0, 2150, 3.25
0, 2151, 3.5
0, 2152, 3.75
0, 2153, 4.0
0, 2154, 4.25
0, 2155, 4.5
0, 2156, 4.75
0, 2157, 5.0
0, 2158, 5.25
0, 2159, 5.5
0, 2160, 5.75
0, 2161, 6.0
0, 2162, 6.25
0, 2163, 6.5
0, 2164, 6.25
0, 2165, 6.0
0, 2166, 5.75
0, 2167, 5.5
0, 2168, 5.75
0, 2169, 6.0
0, 2170, 6.25
0, 2171, 6.0
0, 2172, 6.25
0, 2173, 6.0
0, 2174, 5.75
0, 2175, 5.5
0, 2176, 5.75
0, 2177, 6.0
0, 2178, 5.75
0, 2179, 5.5
0, 2180, 5.25
0, 2181, 5.0
0, 2182, 4.75
0, 2183, 4.5
0, 2184, 4.25
0, 2185, 4.0
0, 2186, 3.75
0, 2187, 3.5
0, 2188, 3.25
0, 2189, 3.0
0, 2190, 3.25
0, 2191, 3.0
0, 2192, 2.75
0, 2193, 2.5
0, 2194, 2.25
0, 2195, 2.0
0, 2196, 2.25
0, 2197, 2.5
0, 2198, 2.75
0, 2199, 3.0
0, 2200, 3.25
0, 2201, 3.5
0, 2202, 3.25
0, 2203, 3.0
0, 2204, 3.25
0, 2205, 3.5
0, 2206, 3.25
0, 2207, 3.0
0, 2208, 2.75
0, 2209, 2.5
0, 2210, 2.25
0, 2211, 2.5
0, 2212, 2.75
0, 2213, 2.5
0, 2214, 2.75
0, 2215, 2.5
0, 2216, 2.75
0, 2217, 3.0
0, 2218, 3.25
0, 2219, 3.5
0, 2220, 3.75
0, 2221, 4.0
0, 2222, 4.25
0, 2223, 4.5
0, 2224, 4.75
0, 2225, 5.0
0, 2226, 5.25
0, 2227, 5.0
0, 2228, 5.25
0, 2229, 5.5
0, 2230, 5.75
0, 2231, 6.0
0, 2232, 6.25
0, 2233, 6.5
0, 2234, 6.75
0, 2235, 7.0
0, 2236, 6.75
0, 2237, 6.5
0, 2238, 6.25
0, 2239, 6.5
0, 2240, 6.25
0, 2241, 6.0
0, 2242, 5.75
0, 2243, 5.5
0, 2244, 5.25
0, 2245, 5.5
0, 2246, 5.75
0, 2247, 6.0
0, 2248, 5.75
0, 2249, 5.5
0, 2250, 5.75
0, 2251, 6.0
0, 2252, 6.25
0, 2253, 6.5
0, 2254, 6.75
0, 2255, 6.5
0, 2256, 6.75
0, 2257, 7.0
0, 2258, 7.25
0, 2259, 7.5
0, 2260, 7.75
0, 2261, 8.0
0, 2262, 8.25
0, 2263, 8.5
0, 2264, 8.75
0, 2265, 9.0
0, 2266, 9.25
0, 2267, 9.5
0, 2268, 9.75
0, 2269, 10.0
0, 2270, 10.25
0, 2271, 10.5
0, 2272, 10.75
0, 2273, 11.0
0, 2274, 11.25
0, 2275, 11.5
0, 2276, 11.75
0, 2277, 12.0
0, 2278, 12.25
0, 2279, 12.5
0, 2280, 12.75
0, 2281, 13.0
0, 2282, 13.25
0, 2283, 13.5
0, 2284, 13.75
0, 2285, 14.0
0, 2286, 13.75
0, 2287, 14.0
0, 2288, 14.25
0, 2289, 14.5
0, 2290, 14.25
0, 2291, 14.0
0, 2292, 13.75
0, 2293, 13.5
0, 2294, 13.25
0, 2295, 13.5
0, 2296, 13.25
0, 2297, 13.0
0, 2298, 12.75
0, 2299, 12.5
0, 2300, 12.25
0, 2301, 12.0
0, 2302, 11.75
0, 2303, 11.5
0, 2304, 11.25
0, 2305, 11.0
0, 2306, 10.75
0, 2307, 10.5
0, 2308, 10.25
0, 2309, 10.0
0, 2310, 9.75
0, 2311, 9.5
0, 2312, 9.25
0, 2313, 9.0
0, 2314, 8.75
0, 2315, 8.5
0, 2316, 8.25
0, 2317, 8.0
0, 2318, 7.75
0, 2319, 7.5
0, 2320, 7.25
0, 2321, 7.0
0, 2322, 6.75
0, 2323, 6.5
0, 2324, 6.25
0, 2325, 6.0
0, 2326, 5.75
0, 2327, 5.5
0, 2328, 5.25
0, 2329, 5.0
0, 2330, 4.75
0, 2331, 4.5
0, 2332, 4.25
0, 2333, 4.0
0, 2334, 3.75
0, 2335, 3.5
0, 2336, 3.25
0, 2337, 3.0
0, 2338, 2.75
0, 2339, 2.5
0, 2340, 2.25
0, 2341, 2.0
0, 2342, 1.75
0, 2343, 1.5
0, 2344, 1.75
0, 2345, 2.0
0, 2346, 1.75
0, 2347, 2.0
0, 2348, 2.25
0, 2349, 2.5
0, 2350, 2.75
0, 2351, 3.0
0, 2352, 3.25
0, 2353, 3.5
0, 2354, 3.75
0, 2355, 4.0
0, 2356, 4.25
0, 2357, 4.5
0, 2358, 4.75
0, 2359, 5.0
0, 2360, 5.25
0, 2361, 5.5
0, 2362, 5.75
0, 2363, 6.0
0, 2364, 6.25
0, 2365, 6.5
0, 2366, 6.75
0, 2367, 7.0
0, 2368, 7.25
0, 2369, 7.5
0, 2370, 7.75
0, 2371, 8.0
0, 2372, 8.25
0, 2373, 8.5
0, 2374, 8.75
0, 2375, 9.0
0, 2376, 9.25
0, 2377, 9.5
0, 2378, 9.75
0, 2379, 10.0
0, 2380, 10.25
0, 2381, 10.5
0, 2382, 10.75
0, 2383, 11.0
0, 2384, 11.25
0, 2385, 11.5
0, 2386, 11.75
0, 2387, 12.0
0, 2388, 12.25
0, 2389, 12.5
0, 2390, 12.75
0, 2391, 13.0
0, 2392, 13.25
0, 2393, 13.5
0, 2394, 13.75
0, 2395, 14.0
0, 2396, 14.25
0, 2397, 14.5
0, 2398, 14.75
0, 2399, 15.0
0, 2400, 15.25
0, 2401, 15.5
0, 2402, 15.75
0, 2403, 16.0
0, 2404, 16.25
0, 2405, 16.5
0, 2406, 16.75
0, 2407, 17.0
0, 2408, 17.25
0, 2409, 17.5
0, 2410, 17.75
0, 2411, 18.0
0, 2412, 18.25
0, 2413, 18.5
0, 2414, 18.75
0, 2415, 19.0
0, 2416, 18.75
0, 2417, 18.5
0, 2418, 18.25
0, 2419, 18.0
0, 2420, 17.75
0, 2421, 17.5
0, 2422, 17.25
0, 2423, 17.0
0, 2424, 16.75
0, 2425, 16.5
0, 2426, 16.25
0, 2427, 16.0
0, 2428, 15.75
0, 2429, 15.5
0, 2430, 15.25
0, 2431, 15.0
0, 2432, 14.75
0, 2433, 14.5
0, 2434, 14.25
0, 2435, 14.0
0, 2436, 13.75
0, 2437, 13.5
0, 2438, 13.25
0, 2439, 13.0
0, 2440, 12.75
0, 2441, 12.5
0, 2442, 12.25
0, 2443, 12.0
0, 2444, 11.75
0, 2445, 11.5
0, 2446, 11.25
0, 2447, 11.0
0, 2448, 10.75
0, 2449, 10.5
0, 2450, 10.25
0, 2451, 10.0
0, 2452, 9.75
0, 2453, 9.5
0, 2454, 9.25
0, 2455, 9.0
0, 2456, 8.75
0, 2457, 8.5
0, 2458, 8.25
0, 2459, 8.0
0, 2460, 7.75
0, 2461, 7.5
0, 2462, 7.25
0, 2463, 7.0
0, 2464, 6.75
0, 2465, 6.5
0, 2466, 6.25
0, 2467, 6.0
0, 2468, 5.75
0, 2469, 5.5
0, 2470, 5.25
0, 2471, 5.0
0, 2472, 4.75
0, 2473, 4.5
0, 2474, 4.25
0, 2475, 4.0
0, 2476, 3.75
0, 2477, 3.5
0, 2478, 3.25
0, 2479, 3.0
0, 2480, 2.75
0, 2481, 2.5
0, 2482, 2.25
0, 2483, 2.0
0, 2484, 2.25
0, 2485, 2.5
0, 2486, 2.25
0, 2487, 2.0
0, 2488, 2.25
0, 2489, 2.5
0, 2490, 2.75
0, 2491, 3.0
0, 2492, 3.25
0, 2493, 3.5
0, 2494, 3.75
0, 2495, 4.0
0, 2496, 4.25
0, 2497, 4.5
0, 2498, 4.75
0, 2499, 5.0
0, 2500, 5.25
0, 2501, 5.5
0, 2502, 5.75
0, 2503, 6.0
0, 2504, 6.25
0, 2505, 6.5
0, 2506, 6.75
0, 2507, 7.0
0, 2508, 7.25
0, 2509, 7.5
0, 2510, 7.75
0, 2511, 8.0
0, 2512, 8.25
0, 2513, 8.5
0, 2514, 8.75
0, 2515, 9.0
0, 2516, 9.25
0, 2517, 9.5
0, 2518, 9.75
0, 2519, 10.0
0, 2520, 10.25
0, 2521, 10.5
0, 2522, 10.75
0, 2523, 11.0
0, 2524, 11.25
0, 2525, 11.5
0, 2526, 11.75
0, 2527, 12.0
0, 2528, 12.25
0, 2529, 12.5
0, 2530, 12.75
0, 2531, 13.0
0, 2532, 13.25
0, 2533, 13.5
0, 2534, 13.75
0, 2535, 14.0
0, 2536, 14.25
0, 2537, 14.5
0, 2538, 14.75
0, 2539, 15.0
0, 2540, 15.25
0, 2541, 15.5
0, 2542, 15.75
0, 2543, 16.0
0, 2544, 16.25
0, 2545, 16.5
0, 2546, 16.75
0, 2547, 17.0
0, 2548, 17.25
0, 2549, 17.5
0, 2550, 17.75
0, 2551, 18.0
0, 2552, 18.25
0, 2553, 18.5
0, 2554, 18.75
0, 2555, 19.0
0, 2556, 19.25
0, 2557, 19.5
0, 2558, 19.75
0, 2559, 20.0
0, 2560, 20.25
0, 2561, 20.5
0, 2562, 20.75
0, 2563, 21.0
0, 2564, 21.25
0, 2565, 21.5
0, 2566, 21.75
0, 2567, 22.0
0, 2568, 22.25
0, 2569, 22.5
0, 2570, 22.75
0, 2571, 23.0
0, 2572, 23.25
0, 2573, 23.5
0, 2574, 23.75
0, 2575, 24.0
0, 2576, 24.25
0, 2577, 24.5
0, 2578, 24.75
0, 2579, 25.0
0, 2580, 25.25
0, 2581, 25.5
0, 2582, 25.75
0, 2583, 26.0
0, 2584, 26.25
0, 2585, 26.5
0, 2586, 26.75
0, 2587, 27.0
0, 2588, 27.25
0, 2589, 27.5
0, 2590, 27.75
0, 2591, 28.0
0, 2592, 28.25
0, 2593, 28.5
0, 2594, 28.75
0, 2595, 29.0
0, 2596, 29.25
0, 2597, 29.5
0, 2598, 29.25
0, 2599, 29.0
0, 2600, 28.75
0, 2601, 28.5
0, 2602, 28.25
0, 2603, 28.0
0, 2604, 27.75
0, 2605, 27.5
0, 2606, 27.25
0, 2607, 27.0
0, 2608, 26.75
0, 2609, 26.5
0, 2610, 26.25
0, 2611, 26.0
0, 2612, 25.75
0, 2613, 25.5
0, 2614, 25.25
0, 2615, 25.0
0, 2616, 24.75
0, 2617, 24.5
0, 2618, 24.25
0, 2619, 24.0
0, 2620, 23.75
0, 2621, 23.5
0, 2622, 23.25
0, 2623, 23.0
0, 2624, 22.75
0, 2625, 22.5
0, 2626, 22.25
0, 2627, 22.0
0, 2628, 21.75
0, 2629, 21.5
0, 2630, 21.25
0, 2631, 21.0
0, 2632, 20.75
0, 2633, 20.5
0, 2634, 20.25
0, 2635, 20.0
0, 2636, 19.75
0, 2637, 19.5
0, 2638, 19.25
0, 2639, 19.0
0, 2640, 18.75
0, 2641, 18.5
0, 2642, 18.25
0, 2643, 18.0
0, 2644, 17.75
0, 2645, 17.5
0, 2646, 17.25
0, 2647, 17.0
0, 2648, 16.75
0, 2649, 16.5
0, 2650, 16.25
0, 2651, 16.0
0, 2652, 15.75
0, 2653, 15.5
0, 2654, 15.25
0, 2655, 15.0
0, 2656, 14.75
0, 2657, 14.5
0, 2658, 14.25
0, 2659, 14.0
0, 2660, 13.75
0, 2661, 13.5
0, 2662, 13.25
0, 2663, 13.0
0, 2664, 12.75
0, 2665, 12.5
0, 2666, 12.25
0, 2667, 12.0
0, 2668, 11.75
0, 2669, 11.5
0, 2670, 11.25
0, 2671, 11.0
0, 2672, 10.75
0, 2673, 10.5
0, 2674, 10.25
0, 2675, 10.0
0, 2676, 9.75
0, 2677, 9.5
0, 2678, 9.25
0, 2679, 9.0
0, 2680, 8.75
0, 2681, 8.5
0, 2682, 8.25
0, 2683, 8.0
0, 2684, 7.75
0, 2685, 7.5
0, 2686, 7.25
0, 2687, 7.5
0, 2688, 7.75
0, 2689, 8.0
0, 2690, 8.25
0, 2691, 8.5
0, 2692, 8.75
0, 2693, 9.0
0, 2694, 9.25
0, 2695, 9.5
0, 2696, 9.75
0, 2697, 10.0
0, 2698, 10.25
0, 2699, 10.5
0, 2700, 10.75
0, 2701, 11.0
0, 2702, 11.25
0, 2703, 11.5
0, 2704, 11.75
0, 2705, 12.0
0, 2706, 12.25
0, 2707, 12.5
0, 2708, 12.75
0, 2709, 13.0
0, 2710, 13.25
0, 2711, 13.5
0, 2712, 13.75
0, 2713, 14.0
0, 2714, 14.25
0, 2715, 14.5
0, 2716, 14.75
0, 2717, 15.0
0, 2718, 15.25
0, 2719, 15.5
0, 2720, 15.75
0, 2721, 16.0
0, 2722, 16.25
0, 2723, 16.5
0, 2724, 16.75
0, 2725, 17.0
0, 2726, 17.25
0, 2727, 17.5
0, 2728, 17.75
0, 2729, 18.0
0, 2730, 18.25
0, 2731, 18.5
0, 2732, 18.75
0, 2733, 19.0
0, 2734, 19.25
0, 2735, 19.5
0, 2736, 19.75
0, 2737, 20.0
0, 2738, 20.25
0, 2739, 20.5
0, 2740, 20.75
0, 2741, 21.0
0, 2742, 21.25
0, 2743, 21.5
0, 2744, 21.75
0, 2745, 22.0
0, 2746, 22.25
0, 2747, 22.5
0, 2748, 22.75
0, 2749, 23.0
0, 2750, 23.25
0, 2751, 23.5
0, 2752, 23.75
0, 2753, 24.0
0, 2754, 24.25
0, 2755, 24.5
0, 2756, 24.75
0, 2757, 25.0
0, 2758, 25.25
0, 2759, 25.5
0, 2760, 25.25
0, 2761, 25.0
0, 2762, 24.75
0, 2763, 25.0
0, 2764, 25.25
0, 2765, 25.0
0, 2766, 24.75
0, 2767, 24.5
0, 2768, 24.25
0, 2769, 24.0
0, 2770, 23.75
0, 2771, 23.5
0, 2772, 23.25
0, 2773, 23.0
0, 2774, 22.75
0, 2775, 22.5
0, 2776, 22.25
0, 2777, 22.0
0, 2778, 21.75
0, 2779, 21.5
0, 2780, 21.25
0, 2781, 21.0
0, 2782, 20.75
0, 2783, 20.5
0, 2784, 20.25
0, 2785, 20.0
0, 2786, 19.75
0, 2787, 19.5
0, 2788, 19.25
0, 2789, 19.0
0, 2790, 18.75
0, 2791, 18.5
0, 2792, 18.25
0, 2793, 18.0
0, 2794, 17.75
0, 2795, 17.5
0, 2796, 17.25
0, 2797, 17.0
0, 2798, 16.75
0, 2799, 16.5
0, 2800, 16.25
0, 2801, 16.0
0, 2802, 15.75
0, 2803, 15.5
0, 2804, 15.25
0, 2805, 15.0
0, 2806, 14.75
0, 2807, 14.5
0, 2808, 14.25
0, 2809, 14.0
0, 2810, 13.75
0, 2811, 13.5
0, 2812, 13.25
0, 2813, 13.5
0, 2814, 13.25
0, 2815, 13.0
0, 2816, 12.75
0, 2817, 12.5
0, 2818, 12.75
0, 2819, 13.0
0, 2820, 13.25
0, 2821, 13.5
0, 2822, 13.75
0, 2823, 14.0
0, 2824, 14.25
0, 2825, 14.5
0, 2826, 14.75
0, 2827, 15.0
0, 2828, 15.25
0, 2829, 15.5
0, 2830, 15.75
0, 2831, 16.0
0, 2832, 16.25
0, 2833, 16.5
0, 2834, 16.75
0, 2835, 17.0
0, 2836, 17.25
0, 2837, 17.5
0, 2838, 17.75
0, 2839, 18.0
0, 2840, 18.25
0, 2841, 18.5
0, 2842, 18.75
0, 2843, 19.0
0, 2844, 19.25
0, 2845, 19.5
0, 2846, 19.75
0, 2847, 20.0
0, 2848, 20.25
0, 2849, 20.5
0, 2850, 20.75
0, 2851, 21.0
0, 2852, 21.25
0, 2853, 21.5
0, 2854, 21.75
0, 2855, 22.0
0, 2856, 22.25
0, 2857, 22.5
0, 2858, 22.75
0, 2859, 23.0
0, 2860, 23.25
0, 2861, 23.5
0, 2862, 23.75
0, 2863, 24.0
0, 2864, 23.75
0, 2865, 23.5
0, 2866, 23.25
0, 2867, 23.0
0, 2868, 22.75
0, 2869, 22.5
0, 2870, 22.25
0, 2871, 22.0
0, 2872, 21.75
0, 2873, 21.5
0, 2874, 21.25
0, 2875, 21.0
0, 2876, 20.75
0, 2877, 20.5
0, 2878, 20.25
0, 2879, 20.0
0, 2880, 19.75
0, 2881, 19.5
0, 2882, 19.25
0, 2883, 19.0
0, 2884, 18.75
0, 2885, 18.5
0, 2886, 18.25
0, 2887, 18.0
0, 2888, 17.75
0, 2889, 17.5
0, 2890, 17.25
0, 2891, 17.0
0, 2892, 16.75
0, 2893, 16.5
0, 2894, 16.25
0, 2895, 16.0
0, 2896, 15.75
0, 2897, 15.5
0, 2898, 15.25
0, 2899, 15.0
0, 2900, 14.75
0, 2901, 14.5
0, 2902, 14.25
0, 2903, 14.0
0, 2904, 13.75
0, 2905, 13.5
0, 2906, 13.25
0, 2907, 13.0
0, 2908, 12.75
0, 2909, 12.5
0, 2910, 12.25
0, 2911, 12.0
0, 2912, 11.75
0, 2913, 11.5
0, 2914, 11.25
0, 2915, 11.0
0, 2916, 11.25
0, 2917, 11.5
0, 2918, 11.75
0, 2919, 12.0
0, 2920, 12.25
0, 2921, 12.5
0, 2922, 12.75
0, 2923, 13.0
0, 2924, 13.25
0, 2925, 13.5
0, 2926, 13.75
0, 2927, 14.0
0, 2928, 14.25
0, 2929, 14.5
0, 2930, 14.75
0, 2931, 15.0
0, 2932, 15.25
0, 2933, 15.5
0, 2934, 15.75
0, 2935, 16.0
0, 2936, 16.25
0, 2937, 16.5
0, 2938, 16.75
0, 2939, 17.0
0, 2940, 17.25
0, 2941, 17.5
0, 2942, 17.75
0, 2943, 18.0
0, 2944, 18.25
0, 2945, 18.5
0, 2946, 18.75
0, 2947, 19.0
0, 2948, 19.25
0, 2949, 19.5
0, 2950, 19.75
0, 2951, 20.0
0, 2952, 20.25
0, 2953, 20.5
0, 2954, 20.75
0, 2955, 21.0
0, 2956, 21.25
0, 2957, 21.5
0, 2958, 21.75
0, 2959, 22.0
0, 2960, 22.25
0, 2961, 22.5
0, 2962, 22.75
0, 2963, 22.5
0, 2964, 22.25
0, 2965, 22.0
0, 2966, 22.25
0, 2967, 22.5
0, 2968, 22.25
0, 2969, 22.0
0, 2970, 21.75
0, 2971, 21.5
0, 2972, 21.25
0, 2973, 21.0
0, 2974, 20.75
0, 2975, 20.5
0, 2976, 20.25
0, 2977, 20.0
0, 2978, 19.75
0, 2979, 19.5
0, 2980, 19.25
0, 2981, 19.0
0, 2982, 18.75
0, 2983, 18.5
0, 2984, 18.25
0, 2985, 18.0
0, 2986, 17.75
0, 2987, 17.5
0, 2988, 17.25
0, 2989, 17.0
0, 2990, 16.75
0, 2991, 16.5
0, 2992, 16.25
0, 2993, 16.0
0, 2994, 15.75
0, 2995, 15.5
0, 2996, 15.25
0, 2997, 15.0
0, 2998, 14.75
0, 2999, 14.5
0, 3000, 14.25
0, 3001, 14.0
0, 3002, 13.75
0, 3003, 13.5
0, 3004, 13.25
0, 3005, 13.0
0, 3006, 12.75
0, 3007, 12.5
0, 3008, 12.25
0, 3009, 12.0
0, 3010, 11.75
0, 3011, 11.5
0, 3012, 11.25
0, 3013, 11.0
0, 3014, 10.75
0, 3015, 10.5
0, 3016, 10.25
0, 3017, 10.0
0, 3018, 9.75
0, 3019, 9.5
0, 3020, 9.25
0, 3021, 9.0
0, 3022, 9.25
0, 3023, 9.5
0, 3024, 9.75
0, 3025, 10.0
0, 3026, 10.25
0, 3027, 10.5
0, 3028, 10.75
0, 3029, 11.0
0, 3030, 11.25
0, 3031, 11.5
0, 3032, 11.75
0, 3033, 12.0
0, 3034, 12.25
0, 3035, 12.5
0, 3036, 12.75
0, 3037, 13.0
0, 3038, 13.25
0, 3039, 13.5
0, 3040, 13.75
0, 3041, 14.0
0, 3042, 14.25
0, 3043, 14.5
0, 3044, 14.75
0, 3045, 15.0
0, 3046, 15.25
0, 3047, 15.5
0, 3048, 15.75
0, 3049, 16.0
0, 3050, 16.25
0, 3051, 16.5
0, 3052, 16.75
0, 3053, 17.0
0, 3054, 17.25
0, 3055, 17.5
0, 3056, 17.75
0, 3057, 18.0
0, 3058, 18.25
0, 3059, 18.5
0, 3060, 18.75
0, 3061, 19.0
0, 3062, 19.25
0, 3063, 19.5
0, 3064, 19.75
0, 3065, 20.0
0, 3066, 20.25
0, 3067, 20.0
0, 3068, 20.25
0, 3069, 20.0
0, 3070, 19.75
0, 3071, 19.5
0, 3072, 19.75
0, 3073, 19.5
0, 3074, 19.25
0, 3075, 19.0
0, 3076, 18.75
0, 3077, 18.5
0, 3078, 18.25
0, 3079, 18.0
0, 3080, 17.75
0, 3081, 17.5
0, 3082, 17.25
0, 3083, 17.0
0, 3084, 16.75
0, 3085, 16.5
0, 3086, 16.25
0, 3087, 16.0
0, 3088, 15.75
0, 3089, 15.5
0, 3090, 15.25
0, 3091, 15.0
0, 3092, 14.75
0, 3093, 14.5
0, 3094, 14.25
0, 3095, 14.0
0, 3096, 13.75
0, 3097, 13.5
0, 3098, 13.25
0, 3099, 13.0
0, 3100, 12.75
0, 3101, 12.5
0, 3102, 12.25
0, 3103, 12.0
0, 3104, 11.75
0, 3105, 11.5
0, 3106, 11.25
0, 3107, 11.0
0, 3108, 10.75
0, 3109, 10.5
0, 3110, 10.25
0, 3111, 10.0
0, 3112, 9.75
0, 3113, 10.0
0, 3114, 10.25
0, 3115, 10.5
0, 3116, 10.25
0, 3117, 10.0
0, 3118, 10.25
0, 3119, 10.5
0, 3120, 10.75
0, 3121, 11.0
0, 3122, 11.25
0, 3123, 11.5
0, 3124, 11.75
0, 3125, 12.0
0, 3126, 12.25
0, 3127, 12.5
0, 3128, 12.75
0, 3129, 13.0
0, 3130, 13.25
0, 3131, 13.5
0, 3132, 13.75
0, 3133, 14.0
0, 3134, 14.25
0, 3135, 14.5
0, 3136, 14.75
0, 3137, 15.0
0, 3138, 15.25
0, 3139, 15.5
0, 3140, 15.75
0, 3141, 16.0
0, 3142, 16.25
0, 3143, 16.5
0, 3144, 16.75
0, 3145, 17.0
0, 3146, 17.25
0, 3147, 17.5
0, 3148, 17.75
0, 3149, 18.0
0, 3150, 17.75
0, 3151, 17.5
0, 3152, 17.25
0, 3153, 17.0
0, 3154, 16.75
0, 3155, 16.5
0, 3156, 16.25
0, 3157, 16.0
0, 3158, 15.75
0, 3159, 15.5
0, 3160, 15.25
0, 3161, 15.0
0, 3162, 14.75
0, 3163, 14.5
0, 3164, 14.25
0, 3165, 14.0
0, 3166, 13.75
0, 3167, 13.5
0, 3168, 13.25
0, 3169, 13.0
0, 3170, 12.75
0, 3171, 12.5
0, 3172, 12.25
0, 3173, 12.0
0, 3174, 11.75
0, 3175, 11.5
0, 3176, 11.25
0, 3177, 11.0
0, 3178, 10.75
0, 3179, 10.5
0, 3180, 10.25
0, 3181, 10.0
0, 3182, 9.75
0, 3183, 9.5
0, 3184, 9.25
0, 3185, 9.0
0, 3186, 8.75
0, 3187, 8.5
0, 3188, 8.25
0, 3189, 8.0
0, 3190, 7.75
0, 3191, 7.5
0, 3192, 7.25
0, 3193, 7.0
0, 3194, 6.75
0, 3195, 6.5
0, 3196, 6.25
0, 3197, 6.0
0, 3198, 5.75
0, 3199, 5.5
0, 3200, 5.25
0, 3201, 5.0
0, 3202, 4.75
0, 3203, 4.5
0, 3204, 4.75
0, 3205, 5.0
0, 3206, 5.25
0, 3207, 5.0
0, 3208, 5.25
0, 3209, 5.5
0, 3210, 5.75
0, 3211, 6.0
0, 3212, 6.25
0, 3213, 6.5
0, 3214, 6.75
0, 3215, 7.0
0, 3216, 7.25
0, 3217, 7.5
0, 3218, 7.75
0, 3219, 8.0
0, 3220, 8.25
0, 3221, 8.5
0, 3222, 8.75
0, 3223, 9.0
0, 3224, 9.25
0, 3225, 9.5
0, 3226, 9.75
0, 3227, 10.0
0, 3228, 10.25
0, 3229, 10.5
0, 3230, 10.75
0, 3231, 11.0
0, 3232, 11.25
0, 3233, 11.5
0, 3234, 11.75
0, 3235, 12.0
0, 3236, 12.25
0, 3237, 12.5
0, 3238, 12.75
0, 3239, 13.0
0, 3240, 13.25
0, 3241, 13.5
0, 3242, 13.75
0, 3243, 14.0
0, 3244, 14.25
0, 3245, 14.5
0, 3246, 14.75
0, 3247, 15.0
0, 3248, 15.25
0, 3249, 15.5
0, 3250, 15.75
0, 3251, 16.0
0, 3252, 16.25
0, 3253, 16.5
0, 3254, 16.75
0, 3255, 17.0
0, 3256, 17.25
0, 3257, 17.0
0, 3258, 16.75
0, 3259, 16.5
0, 3260, 16.25
0, 3261, 16.5
0, 3262, 16.25
0, 3263, 16.0
0, 3264, 15.75
0, 3265, 15.5
0, 3266, 15.25
0, 3267, 15.0
0, 3268, 14.75
0, 3269, 14.5
0, 3270, 14.25
0, 3271, 14.0
0, 3272, 13.75
0, 3273, 13.5
0, 3274, 13.25
0, 3275, 13.0
0, 3276, 12.75
0, 3277, 12.5
0, 3278, 12.25
0, 3279, 12.0
0, 3280, 11.75
0, 3281, 11.5
0, 3282, 11.25
0, 3283, 11.0
0, 3284, 10.75
0, 3285, 10.5
0, 3286, 10.25
0, 3287, 10.0
0, 3288, 9.75
0, 3289, 9.5
0, 3290, 9.25
0, 3291, 9.0
0, 3292, 8.75
0, 3293, 8.5
0, 3294, 8.25
0, 3295, 8.0
0, 3296, 7.75
0, 3297, 7.5
0, 3298, 7.25
0, 3299, 7.0
0, 3300, 6.75
0, 3301, 6.5
0, 3302, 6.25
0, 3303, 6.0
0, 3304, 5.75
0, 3305, 5.5
0, 3306, 5.25
0, 3307, 5.0
0, 3308, 4.75
0, 3309, 4.5
0, 3310, 4.25
0, 3311, 4.0
0, 3312, 3.75
0, 3313, 3.5
0, 3314, 3.25
0, 3315, 3.0
0, 3316, 2.75
0, 3317, 2.5
0, 3318, 2.25
0, 3319, 2.0
0, 3320, 1.75
0, 3321, 1.5
0, 3322, 1.25
0, 3323, 1.0
0, 3324, 0.75
0, 3325, 0.75
0, 3326, 0.75
0, 3327, 0.75
0, 3328, 0.75
0, 3329, 0.75
0, 3330, 0.75
0, 3331, 0.75
0, 3332, 0.75
0, 3333, 0.75
0, 3334, 0.75
0, 3335, 0.75
0, 3336, 0.75
0, 3337, 0.75
0, 3338, 0.75
0, 3339, 0.75
0, 3340, 0.75
0, 3341, 0.75
0, 3342, 0.75
0, 3343, 0.75
0, 3344, 0.75
0, 3345, 0.75
0, 3346, 0.75
0, 3347, 0.75
0, 3348, 0.75
0, 3349, 0.75
0, 3350, 0.75
0, 3351, 0.75
0, 3352, 0.75
0, 3353, 0.75
0, 3354, 0.75
0, 3355, 0.75
0, 3356, 0.75
0, 3357, 0.75
0, 3358, 0.75
0, 3359, 1.0
0, 3360, 1.25
0, 3361, 1.0
0, 3362, 0.75
0, 3363, 1.0
0, 3364, 1.25
0, 3365, 1.5
0, 3366, 1.75
0, 3367, 2.0
0, 3368, 2.25
0, 3369, 2.5
0, 3370, 2.75
0, 3371, 3.0
0, 3372, 3.25
0, 3373, 3.5
0, 3374, 3.75
0, 3375, 4.0
0, 3376, 4.25
0, 3377, 4.5
0, 3378, 4.75
0, 3379, 5.0
0, 3380, 5.25
0, 3381, 5.5
0, 3382, 5.75
0, 3383, 6.0
0, 3384, 6.25
0, 3385, 6.5
0, 3386, 6.75
0, 3387, 7.0
0, 3388, 7.25
0, 3389, 7.5
0, 3390, 7.75
0, 3391, 8.0
0, 3392, 8.25
0, 3393, 8.5
0, 3394, 8.75
0, 3395, 9.0
0, 3396, 9.25
0, 3397, 9.5
0, 3398, 9.75
0, 3399, 10.0
0, 3400, 10.25
0, 3401, 10.5
0, 3402, 10.75
0, 3403, 11.0
0, 3404, 11.25
0, 3405, 11.5
0, 3406, 11.75
0, 3407, 12.0
0, 3408, 12.25
0, 3409, 12.5
0, 3410, 12.75
0, 3411, 13.0
0, 3412, 12.75
0, 3413, 12.5
0, 3414, 12.25
0, 3415, 12.0
0, 3416, 11.75
0, 3417, 11.5
0, 3418, 11.25
0, 3419, 11.0
0, 3420, 10.75
0, 3421, 10.5
0, 3422, 10.25
0, 3423, 10.0
0, 3424, 9.75
0, 3425, 9.5
0, 3426, 9.25
0, 3427, 9.0
0, 3428, 8.75
0, 3429, 8.5
0, 3430, 8.25
0, 3431, 8.0
0, 3432, 7.75
0, 3433, 7.5
0, 3434, 7.25
0, 3435, 7.0
0, 3436, 6.75
0, 3437, 6.5
0, 3438, 6.25
0, 3439, 6.0
0, 3440, 5.75
0, 3441, 5.5
0, 3442, 5.25
0, 3443, 5.0
0, 3444, 4.75
0, 3445, 4.5
0, 3446, 4.25
0, 3447, 4.0
0, 3448, 3.75
0, 3449, 3.5
0, 3450, 3.25
0, 3451, 3.0
0, 3452, 2.75
0, 3453, 2.5
0, 3454, 2.25
0, 3455, 2.0
0, 3456, 1.75
0, 3457, 1.5
0, 3458, 1.25
0, 3459, 1.0
0, 3460, 0.75
0, 3461, 0.75
0, 3462, 0.75
0, 3463, 0.75
0, 3464, 0.75
0, 3465, 0.75
0, 3466, 0.75
0, 3467, 0.75
0, 3468, 0.75
0, 3469, 0.75
0, 3470, 0.75
0, 3471, 0.75
0, 3472, 0.75
0, 3473, 0.75
0, 3474, 0.75
0, 3475, 0.75
0, 3476, 0.75
0, 3477, 0.75
0, 3478, 1.0
0, 3479, 0.75
0, 3480, 0.75
0, 3481, 0.75
0, 3482, 1.0
0, 3483, 0.75
0, 3484, 0.75
0, 3485, 1.0
0, 3486, 1.25
0, 3487, 1.5
0, 3488, 1.75
0, 3489, 2.0
0, 3490, 2.25
0, 3491, 2.5
0, 3492, 2.75
0, 3493, 3.0
0, 3494, 3.25
0, 3495, 3.5
0, 3496, 3.75
0, 3497, 4.0
0, 3498, 4.25
0, 3499, 4.5
0, 3500, 4.75
0, 3501, 5.0
0, 3502, 5.25
0, 3503, 5.5
0, 3504, 5.75
0, 3505, 6.0
0, 3506, 6.25
0, 3507, 6.5
0, 3508, 6.75
0, 3509, 7.0
0, 3510, 7.25
0, 3511, 7.5
0, 3512, 7.75
0, 3513, 8.0
0, 3514, 8.25
0, 3515, 8.5
0, 3516, 8.75
0, 3517, 9.0
0, 3518, 9.25
0, 3519, 9.5
0, 3520, 9.75
0, 3521, 10.0
0, 3522, 10.25
0, 3523, 10.5
0, 3524, 10.75
0, 3525, 11.0
0, 3526, 10.75
0, 3527, 11.0
0, 3528, 11.25
0, 3529, 11.0
0, 3530, 10.75
0, 3531, 10.5
0, 3532, 10.25
0, 3533, 10.0
0, 3534, 9.75
0, 3535, 9.5
0, 3536, 9.25
0, 3537, 9.0
0, 3538, 8.75
0, 3539, 8.5
0, 3540, 8.25
0, 3541, 8.0
0, 3542, 7.75
0, 3543, 7.5
0, 3544, 7.25
0, 3545, 7.0
0, 3546, 6.75
0, 3547, 6.5
0, 3548, 6.25
0, 3549, 6.0
0, 3550, 5.75
0, 3551, 5.5
0, 3552, 5.25
0, 3553, 5.0
0, 3554, 4.75
0, 3555, 4.5
0, 3556, 4.25
0, 3557, 4.0
0, 3558, 3.75
0, 3559, 3.5
0, 3560, 3.25
0, 3561, 3.0
0, 3562, 2.75
0, 3563, 2.5
0, 3564, 2.25
0, 3565, 2.0
0, 3566, 1.75
0, 3567, 1.5
0, 3568, 1.25
0, 3569, 1.0
0, 3570, 0.75
0, 3571, 0.75
0, 3572, 0.75
0, 3573, 0.75
0, 3574, 0.75
0, 3575, 0.75
0, 3576, 0.75
0, 3577, 0.75
0, 3578, 0.75
0, 3579, 0.75
0, 3580, 0.75
0, 3581, 0.75
0, 3582, 0.75
0, 3583, 0.75
0, 3584, 0.75
0, 3585, 0.75
0, 3586, 0.75
0, 3587, 0.75
0, 3588, 0.75
0, 3589, 0.75
0, 3590, 1.0
0, 3591, 1.25
0, 3592, 1.0
0, 3593, 0.75
0, 3594, 0.75
0, 3595, 0.75
0, 3596, 0.75
0, 3597, 1.0
0, 3598, 1.25
0, 3599, 1.0
0, 3600, 1.25
0, 3601, 1.5
0, 3602, 1.75
0, 3603, 2.0
0, 3604, 2.25
0, 3605, 2.5
0, 3606, 2.75
0, 3607, 3.0
0, 3608, 3.25
0, 3609, 3.5
0, 3610, 3.75
0, 3611, 4.0
0, 3612, 4.25
0, 3613, 4.5
0, 3614, 4.75
0, 3615, 5.0
0, 3616, 5.25
0, 3617, 5.5
0, 3618, 5.75
0, 3619, 6.0
0, 3620, 6.25
0, 3621, 6.5
0, 3622, 6.75
0, 3623, 7.0
0, 3624, 7.25
0, 3625, 7.5
0, 3626, 7.75
0, 3627, 8.0
0, 3628, 8.25
0, 3629, 8.5
0, 3630, 8.75
0, 3631, 9.0
0, 3632, 9.25
0, 3633, 9.5
0, 3634, 9.75
0, 3635, 10.0
0, 3636, 10.25
0, 3637, 10.5
0, 3638, 10.75
0, 3639, 11.0
0, 3640, 11.25
0, 3641, 11.0
0, 3642, 10.75
0, 3643, 10.5
0, 3644, 10.25
0, 3645, 10.0
0, 3646, 9.75
0, 3647, 9.5
0, 3648, 9.25
0, 3649, 9.0
0, 3650, 8.75
0, 3651, 8.5
0, 3652, 8.25
0, 3653, 8.0
0, 3654, 7.75
0, 3655, 7.5
0, 3656, 7.25
0, 3657, 7.0
0, 3658, 6.75
0, 3659, 6.5
0, 3660, 6.25
0, 3661, 6.0
0, 3662, 5.75
0, 3663, 5.5
0, 3664, 5.25
0, 3665, 5.0
0, 3666, 4.75
0, 3667, 4.5
0, 3668, 4.25
0, 3669, 4.0
0, 3670, 3.75
0, 3671, 3.5
0, 3672, 3.25
0, 3673, 3.0
0, 3674, 2.75
0, 3675, 2.5
0, 3676, 2.25
0, 3677, 2.0
0, 3678, 1.75
0, 3679, 1.5
0, 3680, 1.25
0, 3681, 1.0
0, 3682, 0.75
0, 3683, 0.75
0, 3684, 0.75
0, 3685, 0.75
0, 3686, 0.75
0, 3687, 0.75
0, 3688, 0.75
0, 3689, 0.75
0, 3690, 0.75
0, 3691, 0.75
0, 3692, 0.75
0, 3693, 0.75
0, 3694, 0.75
0, 3695, 0.75
0, 3696, 0.75
0, 3697, 0.75
0, 3698, 0.75
0, 3699, 0.75
0, 3700, 0.75
0, 3701, 0.75
0, 3702, 0.75
0, 3703, 0.75
0, 3704, 0.75
0, 3705, 0.75
0, 3706, 0.75
0, 3707, 0.75
0, 3708, 0.75
0, 3709, 0.75
0, 3710, 0.75
0, 3711, 0.75
0, 3712, 0.75
0, 3713, 0.75
0, 3714, 0.75
0, 3715, 0.75
0, 3716, 1.0
0, 3717, 1.25
0, 3718, 1.0
0, 3719, 0.75
0, 3720, 0.75
0, 3721, 1.0
0, 3722, 1.25
0, 3723, 1.5
0, 3724, 1.75
0, 3725, 2.0
0, 3726, 2.25
0, 3727, 2.5
0, 3728, 2.75
0, 3729, 3.0
0, 3730, 3.25
0, 3731, 3.5
0, 3732, 3.75
0, 3733, 4.0
0, 3734, 3.75
0, 3735, 3.5
0, 3736, 3.25
0, 3737, 3.5
0, 3738, 3.75
0, 3739, 3.5
0, 3740, 3.75
0, 3741, 4.0
0, 3742, 4.25
0, 3743, 4.5
0, 3744, 4.75
0, 3745, 5.0
0, 3746, 5.25
0, 3747, 5.5
0, 3748, 5.75
0, 3749, 6.0
0, 3750, 6.25
0, 3751, 6.5
0, 3752, 6.75
0, 3753, 7.0
0, 3754, 7.25
0, 3755, 7.5
0, 3756, 7.75
0, 3757, 8.0
0, 3758, 8.25
0, 3759, 8.5
0, 3760, 8.75
0, 3761, 8.5
0, 3762, 8.25
0, 3763, 8.0
0, 3764, 7.75
0, 3765, 7.5
0, 3766, 7.25
0, 3767, 7.0
0, 3768, 6.75
0, 3769, 6.5
0, 3770, 6.25
0, 3771, 6.0
0, 3772, 5.75
0, 3773, 5.5
0, 3774, 5.25
0, 3775, 5.0
0, 3776, 4.75
0, 3777, 4.5
0, 3778, 4.25
0, 3779, 4.0
0, 3780, 3.75
0, 3781, 3.5
0, 3782, 3.25
0, 3783, 3.0
0, 3784, 2.75
0, 3785, 2.5
0, 3786, 2.25
0, 3787, 2.0
0, 3788, 1.75
0, 3789, 1.5
0, 3790, 1.25
0, 3791, 1.0
0, 3792, 0.75
0, 3793, 0.75
0, 3794, 0.75
0, 3795, 0.75
0, 3796, 0.75
0, 3797, 0.75
0, 3798, 0.75
0, 3799, 0.75
0, 3800, 1.0
0, 3801, 1.25
0, 3802, 1.0
0, 3803, 1.25
0, 3804, 1.5
0, 3805, 1.75
0, 3806, 2.0
0, 3807, 2.25
0, 3808, 2.5
0, 3809, 2.75
0, 3810, 3.0
0, 3811, 3.25
0, 3812, 3.5
0, 3813, 3.75
0, 3814, 4.0
0, 3815, 4.25
0, 3816, 4.0
0, 3817, 3.75
0, 3818, 4.0
0, 3819, 4.25
0, 3820, 4.5
0, 3821, 4.75
0, 3822, 5.0
0, 3823, 4.75
0, 3824, 4.5
0, 3825, 4.75
0, 3826, 5.0
0, 3827, 5.25
0, 3828, 5.5
0, 3829, 5.75
0, 3830, 5.5
0, 3831, 5.25
0, 3832, 5.0
0, 3833, 4.75
0, 3834, 4.5
0, 3835, 4.75
0, 3836, 5.0
0, 3837, 4.75
0, 3838, 4.5
0, 3839, 4.25
0, 3840, 4.0
0, 3841, 3.75
0, 3842, 4.0
0, 3843, 3.75
0, 3844, 3.5
0, 3845, 3.25
0, 3846, 3.0
0, 3847, 2.75
0, 3848, 2.5
0, 3849, 2.75
0, 3850, 3.0
0, 3851, 2.75
0, 3852, 2.5
0, 3853, 2.25
0, 3854, 2.0
0, 3855, 2.25
0, 3856, 2.5
0, 3857, 2.75
0, 3858, 3.0
0, 3859, 3.25
0, 3860, 3.5
0, 3861, 3.75
0, 3862, 4.0
0, 3863, 4.25
0, 3864, 4.5
0, 3865, 4.75
0, 3866, 5.0
0, 3867, 5.25
0, 3868, 5.5
0, 3869, 5.75
0, 3870, 6.0
0, 3871, 6.25
0, 3872, 6.5
0, 3873, 6.75
0, 3874, 7.0
0, 3875, 6.75
0, 3876, 7.0
0, 3877, 7.25
0, 3878, 7.5
0, 3879, 7.75
0, 3880, 7.5
0, 3881, 7.25
0, 3882, 7.0
0, 3883, 7.25
0, 3884, 7.5
0, 3885, 7.75
0, 3886, 7.5
0, 3887, 7.25
0, 3888, 7.0
0, 3889, 6.75
0, 3890, 6.5
0, 3891, 6.25
0, 3892, 6.0
0, 3893, 5.75
0, 3894, 5.5
0, 3895, 5.25
0, 3896, 5.0
0, 3897, 4.75
0, 3898, 4.5
0, 3899, 4.25
0, 3900, 4.0
0, 3901, 3.75
0, 3902, 3.5
0, 3903, 3.25
0, 3904, 3.0
0, 3905, 2.75
0, 3906, 2.5
0, 3907, 2.25
0, 3908, 2.0
0, 3909, 1.75
0, 3910, 1.5
0, 3911, 1.25
0, 3912, 1.0
0, 3913, 0.75
0, 3914, 0.75
0, 3915, 0.75
0, 3916, 0.75
0, 3917, 0.75
0, 3918, 0.75
0, 3919, 0.75
0, 3920, 0.75
0, 3921, 0.75
0, 3922, 0.75
0, 3923, 0.75
0, 3924, 0.75
0, 3925, 0.75
0, 3926, 1.0
0, 3927, 0.75
0, 3928, 0.75
0, 3929, 0.75
0, 3930, 0.75
0, 3931, 0.75
0, 3932, 0.75
0, 3933, 1.0
0, 3934, 1.25
0, 3935, 1.0
0, 3936, 1.25
0, 3937, 1.5
0, 3938, 1.75
0, 3939, 2.0
0, 3940, 2.25
0, 3941, 2.5
0, 3942, 2.75
0, 3943, 3.0
0, 3944, 3.25
0, 3945, 3.5
0, 3946, 3.75
0, 3947, 4.0
0, 3948, 4.25
0, 3949, 4.5
0, 3950, 4.75
0, 3951, 5.0
0, 3952, 5.25
0, 3953, 5.5
0, 3954, 5.75
0, 3955, 6.0
0, 3956, 6.25
0, 3957, 6.5
0, 3958, 6.75
0, 3959, 7.0
0, 3960, 7.25
0, 3961, 7.5
0, 3962, 7.75
0, 3963, 7.5
0, 3964, 7.25
0, 3965, 7.0
0, 3966, 6.75
0, 3967, 6.5
0, 3968, 6.25
0, 3969, 6.0
0, 3970, 5.75
0, 3971, 5.5
0, 3972, 5.25
0, 3973, 5.0
0, 3974, 4.75
0, 3975, 4.5
0, 3976, 4.25
0, 3977, 4.0
0, 3978, 3.75
0, 3979, 3.5
0, 3980, 3.25
0, 3981, 3.0
0, 3982, 2.75
0, 3983, 2.5
0, 3984, 2.25
0, 3985, 2.0
0, 3986, 1.75
0, 3987, 1.5
0, 3988, 1.25
0, 3989, 1.5
0, 3990, 1.75
0, 3991, 1.5
0, 3992, 1.75
0, 3993, 2.0
0, 3994, 2.25
0, 3995, 2.5
0, 3996, 2.75
0, 3997, 3.0
0, 3998, 3.25
0, 3999, 3.5
0, 4000, 3.75
0, 4001, 4.0
0, 4002, 4.25
0, 4003, 4.5
0, 4004, 4.75
0, 4005, 5.0
0, 4006, 5.25
0, 4007, 5.5
0, 4008, 5.75
0, 4009, 6.0
0, 4010, 6.25
0, 4011, 6.5
0, 4012, 6.75
0, 4013, 7.0
0, 4014, 7.25
0, 4015, 7.5
0, 4016, 7.75
0, 4017, 8.0
0, 4018, 8.25
0, 4019, 8.5
0, 4020, 8.75
0, 4021, 9.0
0, 4022, 9.25
0, 4023, 9.5
0, 4024, 9.75
0, 4025, 10.0
0, 4026, 10.25
0, 4027, 10.5
0, 4028, 10.75
0, 4029, 11.0
0, 4030, 11.25
0, 4031, 11.5
0, 4032, 11.75
0, 4033, 12.0
0, 4034, 12.25
0, 4035, 12.5
0, 4036, 12.75
0, 4037, 13.0
0, 4038, 13.25
0, 4039, 13.5
0, 4040, 13.75
0, 4041, 14.0
0, 4042, 14.25
0, 4043, 14.5
0, 4044, 14.75
0, 4045, 15.0
0, 4046, 14.75
0, 4047, 14.5
0, 4048, 14.25
0, 4049, 14.0
0, 4050, 13.75
0, 4051, 13.5
0, 4052, 13.25
0, 4053, 13.0
0, 4054, 12.75
0, 4055, 12.5
0, 4056, 12.25
0, 4057, 12.0
0, 4058, 11.75
0, 4059, 11.5
0, 4060, 11.25
0, 4061, 11.0
0, 4062, 10.75
0, 4063, 10.5
0, 4064, 10.25
0, 4065, 10.0
0, 4066, 9.75
0, 4067, 9.5
0, 4068, 9.25
0, 4069, 9.0
0, 4070, 8.75
0, 4071, 8.5
0, 4072, 8.25
0, 4073, 8.0
0, 4074, 7.75
0, 4075, 7.5
0, 4076, 7.25
0, 4077, 7.0
0, 4078, 6.75
0, 4079, 6.5
0, 4080, 6.25
0, 4081, 6.0
0, 4082, 5.75
0, 4083, 5.5
0, 4084, 5.25
0, 4085, 5.0
0, 4086, 4.75
0, 4087, 4.5
0, 4088, 4.25
0, 4089, 4.0
0, 4090, 3.75
0, 4091, 3.5
0, 4092, 3.25
0, 4093, 3.0
0, 4094, 2.75
0, 4095, 2.5
0, 4096, 2.25
0, 4097, 2.0
0, 4098, 1.75
0, 4099, 1.5
0, 4100, 1.25
0, 4101, 1.0
0, 4102, 0.75
0, 4103, 0.75
0, 4104, 0.75
0, 4105, 0.75
0, 4106, 0.75
0, 4107, 0.75
0, 4108, 0.75
0, 4109, 0.75
0, 4110, 0.75
0, 4111, 0.75
0, 4112, 0.75
0, 4113, 0.75
0, 4114, 0.75
0, 4115, 0.75
0, 4116, 0.75
0, 4117, 0.75
0, 4118, 0.75
0, 4119, 0.75
0, 4120, 0.75
0, 4121, 0.75
0, 4122, 0.75
0, 4123, 0.75
0, 4124, 0.75
0, 4125, 0.75
0, 4126, 0.75
0, 4127, 0.75
0, 4128, 0.75
0, 4129, 0.75
0, 4130, 0.75
0, 4131, 0.75
0, 4132, 0.75
0, 4133, 0.75
0, 4134, 0.75
0, 4135, 0.75
0, 4136, 0.75
0, 4137, 0.75
0, 4138, 0.75
0, 4139, 0.75
0, 4140, 0.75
0, 4141, 0.75
0, 4142, 0.75
0, 4143, 0.75
0, 4144, 0.75
0, 4145, 0.75
0, 4146, 0.75
0, 4147, 0.75
0, 4148, 0.75
0, 4149, 0.75
0, 4150, 0.75
0, 4151, 0.75
0, 4152, 0.75
0, 4153, 0.75
0, 4154, 0.75
0, 4155, 0.75
0, 4156, 0.75
0, 4157, 0.75
0, 4158, 0.75
0, 4159, 0.75
0, 4160, 0.75
0, 4161, 0.75
0, 4162, 0.75
0, 4163, 0.75
0, 4164, 0.75
0, 4165, 0.75
0, 4166, 0.75
0, 4167, 0.75
0, 4168, 0.75
0, 4169, 0.75
0, 4170, 0.75
0, 4171, 0.75
0, 4172, 0.75
0, 4173, 0.75
0, 4174, 0.75
0, 4175, 0.75
0, 4176, 0.75
0, 4177, 0.75
0, 4178, 1.0
0, 4179, 0.75
0, 4180, 0.75
0, 4181, 0.75
0, 4182, 0.75
0, 4183, 0.75
0, 4184, 0.75
0, 4185, 1.0
0, 4186, 1.25
0, 4187, 1.0
0, 4188, 0.75
0, 4189, 0.75
0, 4190, 1.0
0, 4191, 1.25
0, 4192, 1.5
0, 4193, 1.75
0, 4194, 2.0
0, 4195, 2.25
0, 4196, 2.5
0, 4197, 2.75
0, 4198, 3.0
0, 4199, 3.25
0, 4200, 3.5
0, 4201, 3.75
0, 4202, 4.0
0, 4203, 4.25
0, 4204, 4.5
0, 4205, 4.75
0, 4206, 5.0
0, 4207, 5.25
0, 4208, 5.0
0, 4209, 4.75
0, 4210, 4.5
0, 4211, 4.25
0, 4212, 4.0
0, 4213, 4.25
0, 4214, 4.5
0, 4215, 4.25
0, 4216, 4.0
0, 4217, 3.75
0, 4218, 3.5
0, 4219, 3.75
0, 4220, 4.0
0, 4221, 4.25
0, 4222, 4.5
0, 4223, 4.75
0, 4224, 5.0
0, 4225, 5.25
0, 4226, 5.5
0, 4227, 5.75
0, 4228, 6.0
0, 4229, 6.25
0, 4230, 6.5
0, 4231, 6.75
0, 4232, 7.0
0, 4233, 7.25
0, 4234, 7.5
0, 4235, 7.75
0, 4236, 8.0
0, 4237, 8.25
0, 4238, 8.5
0, 4239, 8.75
0, 4240, 9.0
0, 4241, 9.25
0, 4242, 9.5
0, 4243, 9.75
0, 4244, 10.0
0, 4245, 10.25
0, 4246, 10.5
0, 4247, 10.75
0, 4248, 11.0
0, 4249, 11.25
0, 4250, 11.5
0, 4251, 11.75
0, 4252, 12.0
0, 4253, 12.25
0, 4254, 12.5
0, 4255, 12.75
0, 4256, 13.0
0, 4257, 13.25
0, 4258, 13.5
0, 4259, 13.75
0, 4260, 14.0
0, 4261, 14.25
0, 4262, 14.5
0, 4263, 14.75
0, 4264, 14.5
0, 4265, 14.25
0, 4266, 14.0
0, 4267, 14.25
0, 4268, 14.0
0, 4269, 14.25
0, 4270, 14.0
0, 4271, 13.75
0, 4272, 13.5
0, 4273, 13.25
0, 4274, 13.0
0, 4275, 12.75
0, 4276, 12.5
0, 4277, 12.25
0, 4278, 12.0
0, 4279, 11.75
0, 4280, 11.5
0, 4281, 11.25
0, 4282, 11.0
0, 4283, 10.75
0, 4284, 10.5
0, 4285, 10.25
0, 4286, 10.0
0, 4287, 9.75
0, 4288, 9.5
0, 4289, 9.25
0, 4290, 9.0
0, 4291, 8.75
0, 4292, 8.5
0, 4293, 8.25
0, 4294, 8.0
0, 4295, 7.75
0, 4296, 7.5
0, 4297, 7.25
0, 4298, 7.0
0, 4299, 6.75
0, 4300, 6.5
0, 4301, 6.25
0, 4302, 6.0
0, 4303, 5.75
0, 4304, 5.5
0, 4305, 5.25
0, 4306, 5.0
0, 4307, 4.75
0, 4308, 4.5
0, 4309, 4.25
0, 4310, 4.0
0, 4311, 3.75
0, 4312, 3.5
0, 4313, 3.25
0, 4314, 3.0
0, 4315, 2.75
0, 4316, 2.5
0, 4317, 2.25
0, 4318, 2.0
0, 4319, 1.75
0, 4320, 1.5
0, 4321, 1.25
0, 4322, 1.0
0, 4323, 0.75
0, 4324, 0.75
0, 4325, 0.75
0, 4326, 0.75
0, 4327, 0.75
0, 4328, 0.75
0, 4329, 0.75
0, 4330, 0.75
0, 4331, 0.75
0, 4332, 0.75
0, 4333, 0.75
0, 4334, 0.75
0, 4335, 0.75
0, 4336, 0.75
0, 4337, 0.75
0, 4338, 0.75
0, 4339, 0.75
0, 4340, 0.75
0, 4341, 0.75
0, 4342, 0.75
0, 4343, 0.75
0, 4344, 0.75
0, 4345, 0.75
0, 4346, 0.75
0, 4347, 0.75
0, 4348, 0.75
0, 4349, 0.75
0, 4350, 0.75
0, 4351, 0.75
0, 4352, 0.75
0, 4353, 0.75
0, 4354, 0.75
0, 4355, 0.75
0, 4356, 0.75
0, 4357, 0.75
0, 4358, 0.75
0, 4359, 0.75
0, 4360, 1.0
0, 4361, 1.25
0, 4362, 1.0
0, 4363, 1.25
0, 4364, 1.5
0, 4365, 1.75
0, 4366, 2.0
0, 4367, 2.25
0, 4368, 2.5
0, 4369, 2.75
0, 4370, 3.0
0, 4371, 3.25
0, 4372, 3.5
0, 4373, 3.75
0, 4374, 4.0
0, 4375, 4.25
0, 4376, 4.5
0, 4377, 4.75
0, 4378, 5.0
0, 4379, 5.25
0, 4380, 5.5
0, 4381, 5.75
0, 4382, 6.0
0, 4383, 6.25
0, 4384, 6.5
0, 4385, 6.75
0, 4386, 7.0
0, 4387, 7.25
0, 4388, 7.5
0, 4389, 7.75
0, 4390, 8.0
0, 4391, 8.25
0, 4392, 8.5
0, 4393, 8.75
0, 4394, 9.0
0, 4395, 9.25
0, 4396, 9.5
0, 4397, 9.75
0, 4398, 10.0
0, 4399, 10.25
0, 4400, 10.5
0, 4401, 10.75
0, 4402, 11.0
0, 4403, 11.25
0, 4404, 11.5
0, 4405, 11.75
0, 4406, 12.0
0, 4407, 12.25
0, 4408, 12.5
0, 4409, 12.75
0, 4410, 13.0
0, 4411, 13.25
0, 4412, 13.5
0, 4413, 13.75
0, 4414, 14.0
0, 4415, 14.25
0, 4416, 14.5
0, 4417, 14.75
0, 4418, 14.5
0, 4419, 14.25
0, 4420, 14.0
0, 4421, 13.75
0, 4422, 13.5
0, 4423, 13.25
0, 4424, 13.0
0, 4425, 12.75
0, 4426, 12.5
0, 4427, 12.25
0, 4428, 12.0
0, 4429, 11.75
0, 4430, 11.5
0, 4431, 11.25
0, 4432, 11.0
0, 4433, 10.75
0, 4434, 10.5
0, 4435, 10.25
0, 4436, 10.0
0, 4437, 9.75
0, 4438, 9.5
0, 4439, 9.25
0, 4440, 9.0
0, 4441, 8.75
0, 4442, 8.5
0, 4443, 8.25
0, 4444, 8.0
0, 4445, 7.75
0, 4446, 7.5
0, 4447, 7.25
0, 4448, 7.0
0, 4449, 6.75
0, 4450, 6.5
0, 4451, 6.25
0, 4452, 6.0
0, 4453, 5.75
0, 4454, 5.5
0, 4455, 5.25
0, 4456, 5.0
0, 4457, 4.75
0, 4458, 4.5
0, 4459, 4.25
0, 4460, 4.0
0, 4461, 3.75
0, 4462, 3.5
0, 4463, 3.25
0, 4464, 3.0
0, 4465, 2.75
0, 4466, 2.5
0, 4467, 2.25
0, 4468, 2.0
0, 4469, 1.75
0, 4470, 1.5
0, 4471, 1.25
0, 4472, 1.0
0, 4473, 0.75
0, 4474, 0.75
0, 4475, 0.75
0, 4476, 0.75
0, 4477, 0.75
0, 4478, 0.75
0, 4479, 0.75
0, 4480, 0.75
0, 4481, 0.75
0, 4482, 0.75
0, 4483, 0.75
0, 4484, 0.75
0, 4485, 0.75
0, 4486, 0.75
0, 4487, 0.75
0, 4488, 0.75
0, 4489, 0.75
0, 4490, 0.75
0, 4491, 0.75
0, 4492, 0.75
0, 4493, 0.75
0, 4494, 0.75
0, 4495, 0.75
0, 4496, 0.75
0, 4497, 0.75
0, 4498, 0.75
0, 4499, 0.75
0, 4500, 0.75
0, 4501, 0.75
0, 4502, 0.75
0, 4503, 0.75
0, 4504, 0.75
0, 4505, 1.0
0, 4506, 1.25
0, 4507, 1.5
0, 4508, 1.75
0, 4509, 2.0
0, 4510, 1.75
0, 4511, 2.0
0, 4512, 2.25
0, 4513, 2.5
0, 4514, 2.75
0, 4515, 3.0
0, 4516, 3.25
0, 4517, 3.5
0, 4518, 3.75
0, 4519, 4.0
0, 4520, 4.25
0, 4521, 4.5
0, 4522, 4.75
0, 4523, 5.0
0, 4524, 5.25
0, 4525, 5.5
0, 4526, 5.75
0, 4527, 6.0
0, 4528, 6.25
0, 4529, 6.5
0, 4530, 6.75
0, 4531, 7.0
0, 4532, 7.25
0, 4533, 7.5
0, 4534, 7.75
0, 4535, 8.0
0, 4536, 8.25
0, 4537, 8.5
0, 4538, 8.75
0, 4539, 9.0
0, 4540, 9.25
0, 4541, 9.5
0, 4542, 9.75
0, 4543, 10.0
0, 4544, 10.25
0, 4545, 10.5
0, 4546, 10.75
0, 4547, 11.0
0, 4548, 11.25
0, 4549, 11.5
0, 4550, 11.75
0, 4551, 11.5
0, 4552, 11.75
0, 4553, 11.5
0, 4554, 11.25
0, 4555, 11.0
0, 4556, 11.25
0, 4557, 11.5
0, 4558, 11.25
0, 4559, 11.0
0, 4560, 10.75
0, 4561, 10.5
0, 4562, 10.25
0, 4563, 10.5
0, 4564, 10.75
0, 4565, 10.5
0, 4566, 10.25
0, 4567, 10.0
0, 4568, 9.75
0, 4569, 9.5
0, 4570, 9.75
0, 4571, 9.5
0, 4572, 9.25
0, 4573, 9.0
0, 4574, 8.75
0, 4575, 8.5
0, 4576, 8.25
0, 4577, 8.0
0, 4578, 7.75
0, 4579, 7.5
0, 4580, 7.25
0, 4581, 7.0
0, 4582, 6.75
0, 4583, 6.5
0, 4584, 6.25
0, 4585, 6.0
0, 4586, 5.75
0, 4587, 5.5
0, 4588, 5.25
0, 4589, 5.0
0, 4590, 4.75
0, 4591, 4.5
0, 4592, 4.25
0, 4593, 4.0
0, 4594, 3.75
0, 4595, 3.5
0, 4596, 3.25
0, 4597, 3.0
0, 4598, 2.75
0, 4599, 2.5
0, 4600, 2.25
0, 4601, 2.0
0, 4602, 1.75
0, 4603, 1.5
0, 4604, 1.25
0, 4605, 1.0
0, 4606, 0.75
0, 4607, 0.75
0, 4608, 0.75
0, 4609, 0.75
0, 4610, 0.75
0, 4611, 0.75
0, 4612, 1.0
0, 4613, 0.75
0, 4614, 0.75
0, 4615, 0.75
0, 4616, 0.75
0, 4617, 1.0
0, 4618, 1.25
0, 4619, 1.5
0, 4620, 1.75
0, 4621, 2.0
0, 4622, 2.25
0, 4623, 2.5
0, 4624, 2.75
0, 4625, 3.0
0, 4626, 3.25
0, 4627, 3.5
0, 4628, 3.75
0, 4629, 4.0
0, 4630, 4.25
0, 4631, 4.5
0, 4632, 4.75
0, 4633, 5.0
0, 4634, 5.25
0, 4635, 5.5
0, 4636, 5.75
0, 4637, 6.0
0, 4638, 6.25
0, 4639, 6.5
0, 4640, 6.75
0, 4641, 7.0
0, 4642, 7.25
0, 4643, 7.5
0, 4644, 7.75
0, 4645, 8.0
0, 4646, 8.25
0, 4647, 8.5
0, 4648, 8.75
0, 4649, 9.0
0, 4650, 9.25
0, 4651, 9.5
0, 4652, 9.75
0, 4653, 10.0
0, 4654, 10.25
0, 4655, 10.5
0, 4656, 10.75
0, 4657, 11.0
0, 4658, 11.25
0, 4659, 11.5
0, 4660, 11.75
0, 4661, 12.0
0, 4662, 12.25
0, 4663, 12.5
0, 4664, 12.75
0, 4665, 13.0
0, 4666, 13.25
0, 4667, 13.5
0, 4668, 13.75
0, 4669, 14.0
0, 4670, 13.75
0, 4671, 13.5
0, 4672, 13.25
0, 4673, 13.0
0, 4674, 12.75
0, 4675, 12.5
0, 4676, 12.25
0, 4677, 12.0
0, 4678, 11.75
0, 4679, 11.5
0, 4680, 11.25
0, 4681, 11.0
0, 4682, 10.75
0, 4683, 10.5
0, 4684, 10.25
0, 4685, 10.0
0, 4686, 9.75
0, 4687, 9.5
0, 4688, 9.25
0, 4689, 9.0
0, 4690, 8.75
0, 4691, 8.5
0, 4692, 8.25
0, 4693, 8.0
0, 4694, 7.75
0, 4695, 7.5
0, 4696, 7.25
0, 4697, 7.0
0, 4698, 6.75
0, 4699, 6.5
0, 4700, 6.25
0, 4701, 6.0
0, 4702, 6.25
0, 4703, 6.5
0, 4704, 6.75
0, 4705, 7.0
0, 4706, 7.25
0, 4707, 7.5
0, 4708, 7.75
0, 4709, 8.0
0, 4710, 8.25
0, 4711, 8.5
0, 4712, 8.75
0, 4713, 9.0
0, 4714, 9.25
0, 4715, 9.5
0, 4716, 9.75
0, 4717, 10.0
0, 4718, 10.25
0, 4719, 10.5
0, 4720, 10.75
0, 4721, 11.0
0, 4722, 11.25
0, 4723, 11.5
0, 4724, 11.75
0, 4725, 12.0
0, 4726, 12.25
0, 4727, 12.5
0, 4728, 12.75
0, 4729, 13.0
0, 4730, 13.25
0, 4731, 13.5
0, 4732, 13.75
0, 4733, 14.0
0, 4734, 14.25
0, 4735, 14.5
0, 4736, 14.75
0, 4737, 15.0
0, 4738, 15.25
0, 4739, 15.5
0, 4740, 15.75
0, 4741, 16.0
0, 4742, 16.25
0, 4743, 16.5
0, 4744, 16.75
0, 4745, 17.0
0, 4746, 17.25
0, 4747, 17.5
0, 4748, 17.75
0, 4749, 18.0
0, 4750, 18.25
0, 4751, 18.0
0, 4752, 17.75
0, 4753, 17.5
0, 4754, 17.25
0, 4755, 17.0
0, 4756, 16.75
0, 4757, 16.5
0, 4758, 16.25
0, 4759, 16.0
0, 4760, 15.75
0, 4761, 15.5
0, 4762, 15.25
0, 4763, 15.0
0, 4764, 14.75
0, 4765, 14.5
0, 4766, 14.25
0, 4767, 14.0
0, 4768, 13.75
0, 4769, 13.5
0, 4770, 13.25
0, 4771, 13.0
0, 4772, 12.75
0, 4773, 12.5
0, 4774, 12.25
0, 4775, 12.0
0, 4776, 11.75
0, 4777, 11.5
0, 4778, 11.25
0, 4779, 11.0
0, 4780, 10.75
0, 4781, 10.5
0, 4782, 10.25
0, 4783, 10.0
0, 4784, 9.75
0, 4785, 9.5
0, 4786, 9.25
0, 4787, 9.0
0, 4788, 8.75
0, 4789, 8.5
0, 4790, 8.25
0, 4791, 8.0
0, 4792, 7.75
0, 4793, 7.5
0, 4794, 7.25
0, 4795, 7.0
0, 4796, 6.75
0, 4797, 6.5
0, 4798, 6.25
0, 4799, 6.0
0, 4800, 5.75
0, 4801, 5.5
0, 4802, 5.25
0, 4803, 5.0
0, 4804, 4.75
0, 4805, 4.5
0, 4806, 4.25
0, 4807, 4.0
0, 4808, 3.75
0, 4809, 3.5
0, 4810, 3.25
0, 4811, 3.0
0, 4812, 2.75
0, 4813, 2.5
0, 4814, 2.25
0, 4815, 2.0
0, 4816, 1.75
0, 4817, 1.5
0, 4818, 1.25
0, 4819, 1.0
0, 4820, 0.75
0, 4821, 0.75
0, 4822, 0.75
0, 4823, 0.75
0, 4824, 0.75
0, 4825, 0.75
0, 4826, 0.75
0, 4827, 0.75
0, 4828, 0.75
0, 4829, 0.75
0, 4830, 0.75
0, 4831, 0.75
0, 4832, 0.75
0, 4833, 0.75
0, 4834, 0.75
0, 4835, 1.0
0, 4836, 1.25
0, 4837, 1.5
0, 4838, 1.75
0, 4839, 2.0
0, 4840, 2.25
0, 4841, 2.5
0, 4842, 2.75
0, 4843, 3.0
0, 4844, 3.25
0, 4845, 3.5
0, 4846, 3.75
0, 4847, 4.0
0, 4848, 4.25
0, 4849, 4.5
0, 4850, 4.75
0, 4851, 5.0
0, 4852, 5.25
0, 4853, 5.5
0, 4854, 5.75
0, 4855, 6.0
0, 4856, 6.25
0, 4857, 6.5
0, 4858, 6.75
0, 4859, 7.0
0, 4860, 7.25
0, 4861, 7.5
0, 4862, 7.75
0, 4863, 8.0
0, 4864, 8.25
0, 4865, 8.5
0, 4866, 8.75
0, 4867, 9.0
0, 4868, 9.25
0, 4869, 9.5
0, 4870, 9.75
0, 4871, 10.0
0, 4872, 10.25
0, 4873, 10.5
0, 4874, 10.75
0, 4875, 11.0
0, 4876, 11.25
0, 4877, 11.5
0, 4878, 11.75
0, 4879, 12.0
0, 4880, 12.25
0, 4881, 12.5
0, 4882, 12.75
0, 4883, 13.0
0, 4884, 13.25
0, 4885, 13.5
0, 4886, 13.75
0, 4887, 14.0
0, 4888, 14.25
0, 4889, 14.5
0, 4890, 14.75
0, 4891, 15.0
0, 4892, 15.25
0, 4893, 15.5
0, 4894, 15.75
0, 4895, 16.0
0, 4896, 16.25
0, 4897, 16.5
0, 4898, 16.75
0, 4899, 17.0
0, 4900, 17.25
0, 4901, 17.5
0, 4902, 17.75
0, 4903, 18.0
0, 4904, 18.25
0, 4905, 18.5
0, 4906, 18.75
0, 4907, 19.0
0, 4908, 19.25
0, 4909, 19.5
0, 4910, 19.75
0, 4911, 20.0
0, 4912, 20.25
0, 4913, 20.5
0, 4914, 20.75
0, 4915, 21.0
0, 4916, 21.25
0, 4917, 21.5
0, 4918, 21.75
0, 4919, 22.0
0, 4920, 22.25
0, 4921, 22.5
0, 4922, 22.75
0, 4923, 23.0
0, 4924, 23.25
0, 4925, 23.5
0, 4926, 23.75
0, 4927, 24.0
0, 4928, 24.25
0, 4929, 24.5
0, 4930, 24.75
0, 4931, 25.0
0, 4932, 25.25
0, 4933, 25.5
0, 4934, 25.75
0, 4935, 26.0
0, 4936, 26.25
0, 4937, 26.5
0, 4938, 26.75
0, 4939, 27.0
0, 4940, 27.25
0, 4941, 27.5
0, 4942, 27.75
0, 4943, 27.5
0, 4944, 27.25
0, 4945, 27.0
0, 4946, 26.75
0, 4947, 26.5
0, 4948, 26.25
0, 4949, 26.0
0, 4950, 25.75
0, 4951, 25.5
0, 4952, 25.25
0, 4953, 25.0
0, 4954, 24.75
0, 4955, 24.5
0, 4956, 24.25
0, 4957, 24.0
0, 4958, 23.75
0, 4959, 23.5
0, 4960, 23.25
0, 4961, 23.0
0, 4962, 22.75
0, 4963, 22.5
0, 4964, 22.25
0, 4965, 22.0
0, 4966, 21.75
0, 4967, 21.5
0, 4968, 21.25
0, 4969, 21.0
0, 4970, 20.75
0, 4971, 20.5
0, 4972, 20.25
0, 4973, 20.0
0, 4974, 19.75
0, 4975, 19.5
0, 4976, 19.25
0, 4977, 19.0
0, 4978, 18.75
0, 4979, 18.5
0, 4980, 18.25
0, 4981, 18.0
0, 4982, 17.75
0, 4983, 17.5
0, 4984, 17.25
0, 4985, 17.0
0, 4986, 16.75
0, 4987, 16.5
0, 4988, 16.25
0, 4989, 16.0
0, 4990, 15.75
0, 4991, 15.5
0, 4992, 15.25
0, 4993, 15.0
0, 4994, 14.75
0, 4995, 14.5
0, 4996, 14.25
0, 4997, 14.0
0, 4998, 13.75
0, 4999, 13.5
