Replication, Day, Arrival Amount
0, 0, 30.0
0, 1, 30.25
0, 2, 30.5
0, 3, 30.75
0, 4, 31.0
0, 5, 31.25
0, 6, 31.5
0, 7, 31.75
0, 8, 32.0
0, 9, 32.25
0, 10, 32.5
0, 11, 32.75
0, 12, 33.0
0, 13, 33.25
0, 14, 33.5
0, 15, 33.75
0, 16, 34.0
0, 17, 34.25
0, 18, 34.5
0, 19, 34.75
0, 20, 35.0
0, 21, 35.25
0, 22, 35.5
0, 23, 35.75
0, 24, 36.0
0, 25, 36.25
0, 26, 36.5
0, 27, 36.75
0, 28, 37.0
0, 29, 37.25
0, 30, 37.5
0, 31, 37.75
0, 32, 38.0
0, 33, 38.25
0, 34, 38.5
0, 35, 38.75
0, 36, 39.0
0, 37, 39.25
0, 38, 39.5
0, 39, 39.75
0, 40, 40.0
0, 41, 40.25
0, 42, 40.5
0, 43, 40.75
0, 44, 41.0
0, 45, 41.25
0, 46, 41.5
0, 47, 41.75
0, 48, 42.0
0, 49, 42.25
0, 50, 42.5
0, 51, 42.75
0, 52, 43.0
0, 53, 43.25
0, 54, 43.5
0, 55, 43.75
0, 56, 44.0
0, 57, 44.25
0, 58, 44.5
0, 59, 44.75
0, 60, 45.0
0, 61, 45.25
0, 62, 45.5
0, 63, 45.75
0, 64, 45.5
0, 65, 45.25
0, 66, 45.0
0, 67, 44.75
0, 68, 44.5
0, 69, 44.25
0, 70, 44.0
0, 71, 43.75
0, 72, 43.5
0, 73, 43.25
0, 74, 43.0
0, 75, 42.75
0, 76, 42.5
0, 77, 42.25
0, 78, 42.0
0, 79, 41.75
0, 80, 41.5
0, 81, 41.25
0, 82, 41.0
0, 83, 40.75
0, 84, 40.5
0, 85, 40.25
0, 86, 40.0
0, 87, 39.75
0, 88, 39.5
0, 89, 39.25
0, 90, 39.0
0, 91, 38.75
0, 92, 38.5
0, 93, 38.25
0, 94, 38.0
0, 95, 37.75
0, 96, 37.5
0, 97, 37.25
0, 98, 37.0
0, 99, 36.75
0, 100, 36.5
0, 101, 36.25
0, 102, 36.0
0, 103, 35.75
0, 104, 35.5
0, 105, 35.25
0, 106, 35.0
0, 107, 34.75
0, 108, 34.5
0, 109, 34.25
0, 110, 34.0
0, 111, 33.75
0, 112, 33.5
0, 113, 33.25
0, 114, 33.0
0, 115, 32.75
0, 116, 32.5
0, 117, 32.25
0, 118, 32.0
0, 119, 31.75
0, 120, 31.5
0, 121, 31.25
0, 122, 31.0
0, 123, 30.75
0, 124, 30.5
0, 125, 30.25
0, 126, 30.0
0, 127, 29.75
0, 128, 29.5
0, 129, 29.25
0, 130, 29.0
0, 131, 28.75
0, 132, 28.5
0, 133, 28.25
0, 134, 28.0
0, 135, 27.75
0, 136, 27.5
0, 137, 27.25
0, 138, 27.0
0, 139, 26.75
0, 140, 26.5
0, 141, 26.25
0, 142, 26.0
0, 143, 25.75
0, 144, 25.5
0, 145, 25.25
0, 146, 25.0
0, 147, 24.75
0, 148, 24.5
0, 149, 24.25
0, 150, 24.0
0, 151, 23.75
0, 152, 23.5
0, 153, 23.25
0, 154, 23.0
0, 155, 22.75
0, 156, 22.5
0, 157, 22.25
0, 158, 22.0
0, 159, 21.75
0, 160, 21.5
0, 161, 21.25
0, 162, 21.0
0, 163, 20.75
0, 164, 20.5
0, 165, 20.25
0, 166, 20.0
0, 167, 19.75
0, 168, 19.5
0, 169, 19.25
0, 170, 19.0
0, 171, 18.75
0, 172, 18.5
0, 173, 18.25
0, 174, 18.0
0, 175, 17.75
0, 176, 17.5
0, 177, 17.25
0, 178, 17.0
0, 179, 16.75
0, 180, 16.5
0, 181, 16.25
0, 182, 16.0
0, 183, 15.75
0, 184, 15.5
0, 185, 15.25
0, 186, 15.0
0, 187, 14.75
0, 188, 14.5
0, 189, 14.25
0, 190, 14.0
0, 191, 13.75
0, 192, 13.5
0, 193, 13.25
0, 194, 13.0
0, 195, 12.75
0, 196, 12.5
0, 197, 12.25
0, 198, 12.0
0, 199, 11.75
0, 200, 11.5
0, 201, 11.25
0, 202, 11.0
0, 203, 10.75
0, 204, 10.5
0, 205, 10.25
0, 206, 10.0
0, 207, 9.75
0, 208, 9.5
0, 209, 9.25
0, 210, 9.0
0, 211, 8.75
0, 212, 8.5
0, 213, 8.25
0, 214, 8.0
0, 215, 7.75
0, 216, 7.5
0, 217, 7.25
0, 218, 7.0
0, 219, 6.75
0, 220, 6.5
0, 221, 6.25
0, 222, 6.0
0, 223, 5.75
0, 224, 5.5
0, 225, 5.25
0, 226, 5.0
0, 227, 4.75
0, 228, 4.5
0, 229, 4.25
0, 230, 4.0
0, 231, 3.75
0, 232, 3.5
0, 233, 3.25
0, 234, 3.0
0, 235, 2.75
0, 236, 2.5
0, 237, 2.25
0, 238, 2.0
0, 239, 1.75
0, 240, 1.5
0, 241, 1.25
0, 242, 1.0
0, 243, 0.75
0, 244, 0.75
0, 245, 0.75
0, 246, 0.75
0, 247, 0.75
0, 248, 0.75
0, 249, 0.75
0, 250, 0.75
0, 251, 0.75
0, 252, 0.75
0, 253, 0.75
0, 254, 0.75
0, 255, 0.75
0, 256, 0.75
0, 257, 1.0
0, 258, 1.25
0, 259, 1.5
0, 260, 1.75
0, 261, 2.0
0, 262, 2.25
0, 263, 2.5
0, 264, 2.75
0, 265, 3.0
0, 266, 3.25
0, 267, 3.5
0, 268, 3.75
0, 269, 4.0
0, 270, 4.25
0, 271, 4.5
0, 272, 4.75
0, 273, 5.0
0, 274, 5.25
0, 275, 5.5
0, 276, 5.75
0, 277, 6.0
0, 278, 6.25
0, 279, 6.5
0, 280, 6.75
0, 281, 7.0
0, 282, 7.25
0, 283, 7.5
0, 284, 7.75
0, 285, 8.0
0, 286, 8.25
0, 287, 8.5
0, 288, 8.75
0, 289, 9.0
0, 290, 9.25
0, 291, 9.5
0, 292, 9.75
0, 293, 10.0
0, 294, 10.25
0, 295, 10.5
0, 296, 10.75
0, 297, 11.0
0, 298, 11.25
0, 299, 11.5
0, 300, 11.75
0, 301, 12.0
0, 302, 12.25
0, 303, 12.5
0, 304, 12.75
0, 305, 13.0
0, 306, 13.25
0, 307, 13.5
0, 308, 13.75
0, 309, 14.0
0, 310, 14.25
0, 311, 14.5
0, 312, 14.75
0, 313, 15.0
0, 314, 15.25
0, 315, 15.5
0, 316, 15.75
0, 317, 16.0
0, 318, 16.25
0, 319, 16.5
0, 320, 16.75
0, 321, 17.0
0, 322, 17.25
0, 323, 17.5
0, 324, 17.75
0, 325, 18.0
0, 326, 18.25
0, 327, 18.5
0, 328, 18.75
0, 329, 19.0
0, 330, 19.25
0, 331, 19.5
0, 332, 19.75
0, 333, 20.0
0, 334, 20.25
0, 335, 20.5
0, 336, 20.75
0, 337, 21.0
0, 338, 21.25
0, 339, 21.5
0, 340, 21.75
0, 341, 22.0
0, 342, 22.25
0, 343, 22.5
0, 344, 22.75
0, 345, 23.0
0, 346, 23.25
0, 347, 23.5
0, 348, 23.75
0, 349, 24.0
0, 350, 24.25
0, 351, 24.5
0, 352, 24.75
0, 353, 25.0
0, 354, 25.25
0, 355, 25.5
0, 356, 25.75
0, 357, 26.0
0, 358, 26.25
0, 359, 26.5
0, 360, 26.75
0, 361, 27.0
0, 362, 27.25
0, 363, 27.5
0, 364, 27.75
0, 365, 28.0
0, 366, 28.25
0, 367, 28.5
0, 368, 28.75
0, 369, 29.0
0, 370, 29.25
0, 371, 29.5
0, 372, 29.75
0, 373, 30.0
0, 374, 30.25
0, 375, 30.5
0, 376, 30.75
0, 377, 31.0
0, 378, 31.25
0, 379, 31.5
0, 380, 31.75
0, 381, 32.0
0, 382, 32.25
0, 383, 32.5
0, 384, 32.75
0, 385, 33.0
0, 386, 33.25
0, 387, 33.5
0, 388, 33.75
0, 389, 34.0
0, 390, 34.25
0, 391, 34.5
0, 392, 34.75
0, 393, 35.0
0, 394, 35.25
0, 395, 35.5
0, 396, 35.75
0, 397, 36.0
0, 398, 36.25
0, 399, 36.5
0, 400, 36.75
0, 401, 37.0
0, 402, 37.25
0, 403, 37.5
0, 404, 37.75
0, 405, 38.0
0, 406, 38.25
0, 407, 38.5
0, 408, 38.75
0, 409, 39.0
0, 410, 39.25
0, 411, 39.5
0, 412, 39.75
0, 413, 40.0
0, 414, 40.25
0, 415, 40.5
0, 416, 40.75
0, 417, 41.0
0, 418, 41.25
0, 419, 41.5
0, 420, 41.75
0, 421, 42.0
0, 422, 42.25
0, 423, 42.5
0, 424, 42.75
0, 425, 43.0
0, 426, 43.25
0, 427, 43.0
0, 428, 42.75
0, 429, 42.5
0, 430, 42.25
0, 431, 42.0
0, 432, 41.75
0, 433, 41.5
0, 434, 41.25
0, 435, 41.0
0, 436, 40.75
0, 437, 40.5
0, 438, 40.25
0, 439, 40.0
0, 440, 39.75
0, 441, 39.5
0, 442, 39.25
0, 443, 39.0
0, 444, 38.75
0, 445, 38.5
0, 446, 38.25
0, 447, 38.0
0, 448, 37.75
0, 449, 37.5
0, 450, 37.25
0, 451, 37.0
0, 452, 36.75
0, 453, 36.5
0, 454, 36.25
0, 455, 36.0
0, 456, 35.75
0, 457, 35.5
0, 458, 35.25
0, 459, 35.0
0, 460, 34.75
0, 461, 34.5
0, 462, 34.25
0, 463, 34.0
0, 464, 33.75
0, 465, 33.5
0, 466, 33.25
0, 467, 33.0
0, 468, 32.75
0, 469, 32.5
0, 470, 32.25
0, 471, 32.0
0, 472, 31.75
0, 473, 31.5
0, 474, 31.25
0, 475, 31.0
0, 476, 30.75
0, 477, 30.5
0, 478, 30.25
0, 479, 30.0
0, 480, 29.75
0, 481, 29.5
0, 482, 29.25
0, 483, 29.0
0, 484, 28.75
0, 485, 28.5
0, 486, 28.25
0, 487, 28.0
0, 488, 27.75
0, 489, 27.5
0, 490, 27.25
0, 491, 27.0
0, 492, 26.75
0, 493, 26.5
0, 494, 26.25
0, 495, 26.0
0, 496, 25.75
0, 497, 25.5
0, 498, 25.25
0, 499, 25.0
0, 500, 24.75
0, 501, 24.5
0, 502, 24.25
0, 503, 24.0
0, 504, 23.75
0, 505, 23.5
0, 506, 23.25
0, 507, 23.0
0, 508, 22.75
0, 509, 22.5
0, 510, 22.25
0, 511, 22.0
0, 512, 21.75
0, 513, 21.5
0, 514, 21.25
0, 515, 21.0
0, 516, 20.75
0, 517, 20.5
0, 518, 20.25
0, 519, 20.0
0, 520, 19.75
0, 521, 19.5
0, 522, 19.25
0, 523, 19.0
0, 524, 18.75
0, 525, 18.5
0, 526, 18.25
0, 527, 18.0
0, 528, 17.75
0, 529, 17.5
0, 530, 17.25
0, 531, 17.0
0, 532, 16.75
0, 533, 16.5
0, 534, 16.25
0, 535, 16.0
0, 536, 15.75
0, 537, 15.5
0, 538, 15.25
0, 539, 15.0
0, 540, 14.75
0, 541, 14.5
0, 542, 14.25
0, 543, 14.0
0, 544, 13.75
0, 545, 13.5
0, 546, 13.25
0, 547, 13.0
0, 548, 12.75
0, 549, 12.5
0, 550, 12.25
0, 551, 12.0
0, 552, 11.75
0, 553, 11.5
0, 554, 11.25
0, 555, 11.0
0, 556, 10.75
0, 557, 10.5
0, 558, 10.25
0, 559, 10.0
0, 560, 9.75
0, 561, 9.5
0, 562, 9.25
0, 563, 9.0
0, 564, 8.75
0, 565, 8.5
0, 566, 8.25
0, 567, 8.0
0, 568, 7.75
0, 569, 7.5
0, 570, 7.25
0, 571, 7.0
0, 572, 6.75
0, 573, 6.5
0, 574, 6.25
0, 575, 6.0
0, 576, 5.75
0, 577, 5.5
0, 578, 5.25
0, 579, 5.0
0, 580, 4.75
0, 581, 4.5
0, 582, 4.25
0, 583, 4.0
0, 584, 3.75
0, 585, 3.5
0, 586, 3.25
0, 587, 3.0
0, 588, 2.75
0, 589, 2.5
0, 590, 2.25
0, 591, 2.0
0, 592, 1.75
0, 593, 1.5
0, 594, 1.25
0, 595, 1.0
0, 596, 0.75
0, 597, 0.75
0, 598, 0.75
0, 599, 0.75
0, 600, 0.75
0, 601, 0.75
0, 602, 0.75
0, 603, 0.75
0, 604, 1.0
0, 605, 1.25
0, 606, 1.5
0, 607, 1.75
0, 608, 2.0
0, 609, 2.25
0, 610, 2.5
0, 611, 2.75
0, 612, 3.0
0, 613, 3.25
0, 614, 3.5
0, 615, 3.75
0, 616, 4.0
0, 617, 4.25
0, 618, 4.5
0, 619, 4.75
0, 620, 5.0
0, 621, 5.25
0, 622, 5.5
0, 623, 5.75
0, 624, 6.0
0, 625, 6.25
0, 626, 6.5
0, 627, 6.75
0, 628, 7.0
0, 629, 7.25
0, 630, 7.5
0, 631, 7.75
0, 632, 8.0
0, 633, 8.25
0, 634, 8.5
0, 635, 8.75
0, 636, 9.0
0, 637, 9.25
0, 638, 9.5
0, 639, 9.75
0, 640, 10.0
0, 641, 10.25
0, 642, 10.5
0, 643, 10.75
0, 644, 11.0
0, 645, 11.25
0, 646, 11.5
0, 647, 11.75
0, 648, 12.0
0, 649, 12.25
0, 650, 12.5
0, 651, 12.75
0, 652, 13.0
0, 653, 13.25
0, 654, 13.5
0, 655, 13.75
0, 656, 14.0
0, 657, 14.25
0, 658, 14.5
0, 659, 14.75
0, 660, 15.0
0, 661, 15.25
0, 662, 15.5
0, 663, 15.75
0, 664, 16.0
0, 665, 16.25
0, 666, 16.5
0, 667, 16.75
0, 668, 17.0
0, 669, 17.25
0, 670, 17.5
0, 671, 17.75
0, 672, 18.0
0, 673, 18.25
0, 674, 18.5
0, 675, 18.75
0, 676, 19.0
0, 677, 19.25
0, 678, 19.5
0, 679, 19.75
0, 680, 20.0
0, 681, 20.25
0, 682, 20.5
0, 683, 20.75
0, 684, 21.0
0, 685, 21.25
0, 686, 21.5
0, 687, 21.75
0, 688, 22.0
0, 689, 22.25
0, 690, 22.5
0, 691, 22.75
0, 692, 23.0
0, 693, 23.25
0, 694, 23.5
0, 695, 23.75
0, 696, 24.0
0, 697, 24.25
0, 698, 24.5
0, 699, 24.75
0, 700, 25.0
0, 701, 25.25
0, 702, 25.5
0, 703, 25.75
0, 704, 26.0
0, 705, 26.25
0, 706, 26.5
0, 707, 26.75
0, 708, 27.0
0, 709, 27.25
0, 710, 27.5
0, 711, 27.75
0, 712, 28.0
0, 713, 28.25
0, 714, 28.5
0, 715, 28.75
0, 716, 29.0
0, 717, 29.25
0, 718, 29.5
0, 719, 29.75
0, 720, 30.0
0, 721, 30.25
0, 722, 30.5
0, 723, 30.75
0, 724, 31.0
0, 725, 31.25
0, 726, 31.5
0, 727, 31.75
0, 728, 32.0
0, 729, 32.25
0, 730, 32.5
0, 731, 32.75
0, 732, 33.0
0, 733, 33.25
0, 734, 33.5
0, 735, 33.75
0, 736, 34.0
0, 737, 34.25
0, 738, 34.5
0, 739, 34.75
0, 740, 35.0
0, 741, 35.25
0, 742, 35.5
0, 743, 35.75
0, 744, 36.0
0, 745, 36.25
0, 746, 36.5
0, 747, 36.25
0, 748, 36.0
0, 749, 35.75
0, 750, 35.5
0, 751, 35.25
0, 752, 35.0
0, 753, 34.75
0, 754, 34.5
0, 755, 34.25
0, 756, 34.0
0, 757, 33.75
0, 758, 33.5
0, 759, 33.25
0, 760, 33.0
0, 761, 32.75
0, 762, 32.5
0, 763, 32.25
0, 764, 32.0
0, 765, 31.75
0, 766, 31.5
0, 767, 31.25
0, 768, 31.0
0, 769, 30.75
0, 770, 30.5
0, 771, 30.25
0, 772, 30.0
0, 773, 29.75
0, 774, 29.5
0, 775, 29.25
0, 776, 29.0
0, 777, 28.75
0, 778, 28.5
0, 779, 28.25
0, 780, 28.0
0, 781, 27.75
0, 782, 27.5
0, 783, 27.25
0, 784, 27.0
0, 785, 26.75
0, 786, 26.5
0, 787, 26.25
0, 788, 26.0
0, 789, 25.75
0, 790, 25.5
0, 791, 25.25
0, 792, 25.0
0, 793, 24.75
0, 794, 24.5
0, 795, 24.25
0, 796, 24.0
0, 797, 23.75
0, 798, 23.5
0, 799, 23.25
0, 800, 23.0
0, 801, 22.75
0, 802, 22.5
0, 803, 22.25
0, 804, 22.0
0, 805, 21.75
0, 806, 21.5
0, 807, 21.25
0, 808, 21.0
0, 809, 20.75
0, 810, 20.5
0, 811, 20.25
0, 812, 20.0
0, 813, 19.75
0, 814, 19.5
0, 815, 19.25
0, 816, 19.0
0, 817, 18.75
0, 818, 18.5
0, 819, 18.25
0, 820, 18.0
0, 821, 17.75
0, 822, 17.5
0, 823, 17.25
0, 824, 17.0
0, 825, 16.75
0, 826, 16.5
0, 827, 16.25
0, 828, 16.0
0, 829, 15.75
0, 830, 15.5
0, 831, 15.25
0, 832, 15.0
0, 833, 14.75
0, 834, 14.5
0, 835, 14.25
0, 836, 14.0
0, 837, 13.75
0, 838, 13.5
0, 839, 13.25
0, 840, 13.0
0, 841, 12.75
0, 842, 12.5
0, 843, 12.25
0, 844, 12.0
0, 845, 11.75
0, 846, 11.5
0, 847, 11.25
0, 848, 11.0
0, 849, 10.75
0, 850, 10.5
0, 851, 10.25
0, 852, 10.0
0, 853, 9.75
0, 854, 9.5
0, 855, 9.25
0, 856, 9.0
0, 857, 8.75
0, 858, 8.5
0, 859, 8.25
0, 860, 8.0
0, 861, 7.75
0, 862, 7.5
0, 863, 7.25
0, 864, 7.0
0, 865, 6.75
0, 866, 6.5
0, 867, 6.25
0, 868, 6.0
0, 869, 5.75
0, 870, 5.5
0, 871, 5.25
0, 872, 5.0
0, 873, 4.75
0, 874, 4.5
0, 875, 4.25
0, 876, 4.0
0, 877, 3.75
0, 878, 3.5
0, 879, 3.25
0, 880, 3.0
0, 881, 2.75
0, 882, 2.5
0, 883, 2.25
0, 884, 2.0
0, 885, 1.75
0, 886, 1.5
0, 887, 1.25
0, 888, 1.0
0, 889, 0.75
0, 890, 0.75
0, 891, 0.75
0, 892, 0.75
0, 893, 0.75
0, 894, 0.75
0, 895, 0.75
0, 896, 0.75
0, 897, 0.75
0, 898, 0.75
0, 899, 0.75
0, 900, 0.75
0, 901, 0.75
0, 902, 0.75
0, 903, 0.75
0, 904, 0.75
0, 905, 0.75
0, 906, 0.75
0, 907, 0.75
0, 908, 0.75
0, 909, 0.75
0, 910, 0.75
0, 911, 0.75
0, 912, 0.75
0, 913, 0.75
0, 914, 0.75
0, 915, 0.75
0, 916, 0.75
0, 917, 0.75
0, 918, 0.75
0, 919, 0.75
0, 920, 0.75
0, 921, 0.75
0, 922, 0.75
0, 923, 0.75
0, 924, 0.75
0, 925, 0.75
0, 926, 0.75
0, 927, 0.75
0, 928, 0.75
0, 929, 0.75
0, 930, 0.75
0, 931, 0.75
0, 932, 0.75
0, 933, 0.75
0, 934, 0.75
0, 935, 0.75
0, 936, 0.75
0, 937, 0.75
0, 938, 0.75
0, 939, 0.75
0, 940, 0.75
0, 941, 0.75
0, 942, 0.75
0, 943, 0.75
0, 944, 0.75
0, 945, 0.75
0, 946, 0.75
0, 947, 0.75
0, 948, 0.75
0, 949, 0.75
0, 950, 0.75
0, 951, 0.75
0, 952, 0.75
0, 953, 0.75
0, 954, 0.75
0, 955, 0.75
0, 956, 0.75
0, 957, 0.75
0, 958, 0.75
0, 959, 0.75
0, 960, 0.75
0, 961, 0.75
0, 962, 0.75
0, 963, 0.75
0, 964, 0.75
0, 965, 0.75
0, 966, 0.75
0, 967, 0.75
0, 968, 0.75
0, 969, 0.75
0, 970, 0.75
0, 971, 0.75
0, 972, 0.75
0, 973, 0.75
0, 974, 0.75
0, 975, 0.75
0, 976, 0.75
0, 977, 0.75
0, 978, 0.75
0, 979, 0.75
0, 980, 0.75
0, 981, 0.75
0, 982, 0.75
0, 983, 0.75
0, 984, 0.75
0, 985, 0.75
0, 986, 0.75
0, 987, 0.75
0, 988, 0.75
0, 989, 0.75
0, 990, 0.75
0, 991, 0.75
0, 992, 0.75
0, 993, 0.75
0, 994, 0.75
0, 995, 0.75
0, 996, 0.75
0, 997, 0.75
0, 998, 0.75
0, 999, 0.75
0, 1000, 0.75
0, 1001, 0.75
0, 1002, 0.75
0, 1003, 0.75
0, 1004, 0.75
0, 1005, 0.75
0, 1006, 0.75
0, 1007, 0.75
0, 1008, 0.75
0, 1009, 0.75
0, 1010, 0.75
0, 1011, 0.75
0, 1012, 0.75
0, 1013, 0.75
0, 1014, 0.75
0, 1015, 0.75
0, 1016, 0.75
0, 1017, 0.75
0, 1018, 0.75
0, 1019, 0.75
0, 1020, 0.75
0, 1021, 0.75
0, 1022, 0.75
0, 1023, 0.75
0, 1024, 0.75
0, 1025, 0.75
0, 1026, 0.75
0, 1027, 0.75
0, 1028, 0.75
0, 1029, 0.75
0, 1030, 0.75
0, 1031, 0.75
0, 1032, 0.75
0, 1033, 0.75
0, 1034, 0.75
0, 1035, 0.75
0, 1036, 0.75
0, 1037, 0.75
0, 1038, 0.75
0, 1039, 0.75
0, 1040, 0.75
0, 1041, 0.75
0, 1042, 0.75
0, 1043, 0.75
0, 1044, 0.75
0, 1045, 0.75
0, 1046, 0.75
0, 1047, 0.75
0, 1048, 0.75
0, 1049, 0.75
0, 1050, 0.75
0, 1051, 0.75
0, 1052, 0.75
0, 1053, 0.75
0, 1054, 0.75
0, 1055, 0.75
0, 1056, 0.75
0, 1057, 0.75
0, 1058, 0.75
0, 1059, 0.75
0, 1060, 0.75
0, 1061, 0.75
0, 1062, 0.75
0, 1063, 0.75
0, 1064, 0.75
0, 1065, 0.75
0, 1066, 0.75
0, 1067, 0.75
0, 1068, 0.75
0, 1069, 0.75
0, 1070, 0.75
0, 1071, 0.75
0, 1072, 0.75
0, 1073, 0.75
0, 1074, 0.75
0, 1075, 0.75
0, 1076, 0.75
0, 1077, 0.75
0, 1078, 0.75
0, 1079, 0.75
0, 1080, 0.75
0, 1081, 0.75
0, 1082, 0.75
0, 1083, 0.75
0, 1084, 0.75
0, 1085, 0.75
0, 1086, 0.75
0, 1087, 0.75
0, 1088, 0.75
0, 1089, 0.75
0, 1090, 0.75
0, 1091, 0.75
0, 1092, 0.75
0, 1093, 0.75
0, 1094, 0.75
0, 1095, 0.75
0, 1096, 0.75
0, 1097, 0.75
0, 1098, 0.75
0, 1099, 0.75
0, 1100, 0.75
0, 1101, 0.75
0, 1102, 0.75
0, 1103, 0.75
0, 1104, 0.75
0, 1105, 0.75
0, 1106, 0.75
0, 1107, 0.75
0, 1108, 0.75
0, 1109, 0.75
0, 1110, 0.75
0, 1111, 0.75
0, 1112, 0.75
0, 1113, 0.75
0, 1114, 0.75
0, 1115, 0.75
0, 1116, 0.75
0, 1117, 0.75
0, 1118, 0.75
0, 1119, 0.75
0, 1120, 0.75
0, 1121, 0.75
0, 1122, 0.75
0, 1123, 0.75
0, 1124, 0.75
0, 1125, 0.75
0, 1126, 0.75
0, 1127, 0.75
0, 1128, 0.75
0, 1129, 0.75
0, 1130, 0.75
0, 1131, 0.75
0, 1132, 0.75
0, 1133, 0.75
0, 1134, 0.75
0, 1135, 0.75
0, 1136, 0.75
0, 1137, 0.75
0, 1138, 0.75
0, 1139, 0.75
0, 1140, 0.75
0, 1141, 0.75
0, 1142, 0.75
0, 1143, 0.75
0, 1144, 0.75
0, 1145, 0.75
0, 1146, 0.75
0, 1147, 0.75
0, 1148, 0.75
0, 1149, 0.75
0, 1150, 0.75
0, 1151, 0.75
0, 1152, 0.75
0, 1153, 0.75
0, 1154, 0.75
0, 1155, 0.75
0, 1156, 0.75
0, 1157, 0.75
0, 1158, 0.75
0, 1159, 0.75
0, 1160, 0.75
0, 1161, 0.75
0, 1162, 0.75
0, 1163, 0.75
0, 1164, 0.75
0, 1165, 0.75
0, 1166, 0.75
0, 1167, 0.75
0, 1168, 0.75
0, 1169, 0.75
0, 1170, 0.75
0, 1171, 0.75
0, 1172, 0.75
0, 1173, 0.75
0, 1174, 0.75
0, 1175, 0.75
0, 1176, 0.75
0, 1177, 0.75
0, 1178, 0.75
0, 1179, 0.75
0, 1180, 0.75
0, 1181, 0.75
0, 1182, 0.75
0, 1183, 0.75
0, 1184, 0.75
0, 1185, 0.75
0, 1186, 0.75
0, 1187, 0.75
0, 1188, 0.75
0, 1189, 0.75
0, 1190, 0.75
0, 1191, 0.75
0, 1192, 0.75
0, 1193, 0.75
0, 1194, 0.75
0, 1195, 0.75
0, 1196, 0.75
0, 1197, 0.75
0, 1198, 0.75
0, 1199, 0.75
0, 1200, 0.75
0, 1201, 0.75
0, 1202, 0.75
0, 1203, 0.75
0, 1204, 0.75
0, 1205, 0.75
0, 1206, 0.75
0, 1207, 0.75
0, 1208, 0.75
0, 1209, 0.75
0, 1210, 0.75
0, 1211, 0.75
0, 1212, 0.75
0, 1213, 0.75
0, 1214, 0.75
0, 1215, 0.75
0, 1216, 0.75
0, 1217, 0.75
0, 1218, 0.75
0, 1219, 0.75
0, 1220, 0.75
0, 1221, 0.75
0, 1222, 0.75
0, 1223, 0.75
0, 1224, 0.75
0, 1225, 0.75
0, 1226, 0.75
0, 1227, 0.75
0, 1228, 0.75
0, 1229, 0.75
0, 1230, 0.75
0, 1231, 0.75
0, 1232, 0.75
0, 1233, 0.75
0, 1234, 0.75
0, 1235, 0.75
0, 1236, 0.75
0, 1237, 0.75
0, 1238, 0.75
0, 1239, 0.75
0, 1240, 0.75
0, 1241, 0.75
0, 1242, 0.75
0, 1243, 0.75
0, 1244, 0.75
0, 1245, 0.75
0, 1246, 0.75
0, 1247, 0.75
0, 1248, 0.75
0, 1249, 0.75
0, 1250, 0.75
0, 1251, 0.75
0, 1252, 0.75
0, 1253, 0.75
0, 1254, 0.75
0, 1255, 0.75
0, 1256, 0.75
0, 1257, 0.75
0, 1258, 0.75
0, 1259, 0.75
0, 1260, 0.75
0, 1261, 0.75
0, 1262, 0.75
0, 1263, 0.75
0, 1264, 0.75
0, 1265, 0.75
0, 1266, 0.75
0, 1267, 0.75
0, 1268, 0.75
0, 1269, 0.75
0, 1270, 0.75
0, 1271, 0.75
0, 1272, 0.75
0, 1273, 0.75
0, 1274, 0.75
0, 1275, 0.75
0, 1276, 0.75
0, 1277, 0.75
0, 1278, 0.75
0, 1279, 0.75
0, 1280, 0.75
0, 1281, 0.75
0, 1282, 0.75
0, 1283, 0.75
0, 1284, 0.75
0, 1285, 0.75
0, 1286, 0.75
0, 1287, 0.75
0, 1288, 0.75
0, 1289, 0.75
0, 1290, 0.75
0, 1291, 0.75
0, 1292, 0.75
0, 1293, 0.75
0, 1294, 0.75
0, 1295, 0.75
0, 1296, 0.75
0, 1297, 0.75
0, 1298, 0.75
0, 1299, 0.75
0, 1300, 0.75
0, 1301, 0.75
0, 1302, 0.75
0, 1303, 0.75
0, 1304, 0.75
0, 1305, 0.75
0, 1306, 0.75
0, 1307, 0.75
0, 1308, 0.75
0, 1309, 0.75
0, 1310, 0.75
0, 1311, 0.75
0, 1312, 0.75
0, 1313, 0.75
0, 1314, 0.75
0, 1315, 0.75
0, 1316, 0.75
0, 1317, 0.75
0, 1318, 0.75
0, 1319, 0.75
0, 1320, 0.75
0, 1321, 0.75
0, 1322, 0.75
0, 1323, 0.75
0, 1324, 0.75
0, 1325, 0.75
0, 1326, 0.75
0, 1327, 0.75
0, 1328, 0.75
0, 1329, 0.75
0, 1330, 0.75
0, 1331, 0.75
0, 1332, 0.75
0, 1333, 0.75
0, 1334, 0.75
0, 1335, 0.75
0, 1336, 0.75
0, 1337, 0.75
0, 1338, 0.75
0, 1339, 0.75
0, 1340, 0.75
0, 1341, 0.75
0, 1342, 0.75
0, 1343, 0.75
0, 1344, 0.75
0, 1345, 0.75
0, 1346, 0.75
0, 1347, 0.75
0, 1348, 0.75
0, 1349, 0.75
0, 1350, 0.75
0, 1351, 0.75
0, 1352, 0.75
0, 1353, 0.75
0, 1354, 0.75
0, 1355, 0.75
0, 1356, 0.75
0, 1357, 0.75
0, 1358, 0.75
0, 1359, 0.75
0, 1360, 0.75
0, 1361, 0.75
0, 1362, 0.75
0, 1363, 0.75
0, 1364, 0.75
0, 1365, 0.75
0, 1366, 0.75
0, 1367, 0.75
0, 1368, 0.75
0, 1369, 0.75
0, 1370, 0.75
0, 1371, 0.75
0, 1372, 0.75
0, 1373, 0.75
0, 1374, 0.75
0, 1375, 0.75
0, 1376, 0.75
0, 1377, 0.75
0, 1378, 0.75
0, 1379, 0.75
0, 1380, 0.75
0, 1381, 0.75
0, 1382, 0.75
0, 1383, 0.75
0, 1384, 0.75
0, 1385, 0.75
0, 1386, 0.75
0, 1387, 0.75
0, 1388, 0.75
0, 1389, 0.75
0, 1390, 0.75
0, 1391, 0.75
0, 1392, 0.75
0, 1393, 0.75
0, 1394, 0.75
0, 1395, 0.75
0, 1396, 0.75
0, 1397, 0.75
0, 1398, 0.75
0, 1399, 0.75
0, 1400, 0.75
0, 1401, 0.75
0, 1402, 0.75
0, 1403, 0.75
0, 1404, 0.75
0, 1405, 0.75
0, 1406, 0.75
0, 1407, 0.75
0, 1408, 0.75
0, 1409, 0.75
0, 1410, 0.75
0, 1411, 0.75
0, 1412, 0.75
0, 1413, 0.75
0, 1414, 0.75
0, 1415, 0.75
0, 1416, 0.75
0, 1417, 0.75
0, 1418, 0.75
0, 1419, 0.75
0, 1420, 0.75
0, 1421, 0.75
0, 1422, 0.75
0, 1423, 0.75
0, 1424, 0.75
0, 1425, 0.75
0, 1426, 0.75
0, 1427, 0.75
0, 1428, 0.75
0, 1429, 0.75
0, 1430, 0.75
0, 1431, 0.75
0, 1432, 0.75
0, 1433, 0.75
0, 1434, 0.75
0, 1435, 0.75
0, 1436, 0.75
0, 1437, 0.75
0, 1438, 0.75
0, 1439, 0.75
0, 1440, 0.75
0, 1441, 0.75
0, 1442, 0.75
0, 1443, 0.75
0, 1444, 0.75
0, 1445, 0.75
0, 1446, 0.75
0, 1447, 0.75
0, 1448, 0.75
0, 1449, 0.75
0, 1450, 0.75
0, 1451, 0.75
0, 1452, 0.75
0, 1453, 0.75
0, 1454, 0.75
0, 1455, 0.75
0, 1456, 0.75
0, 1457, 0.75
0, 1458, 0.75
0, 1459, 0.75
0, 1460, 0.75
0, 1461, 0.75
0, 1462, 0.75
0, 1463, 0.75
0, 1464, 0.75
0, 1465, 0.75
0, 1466, 0.75
0, 1467, 0.75
0, 1468, 0.75
0, 1469, 0.75
0, 1470, 0.75
0, 1471, 0.75
0, 1472, 0.75
0, 1473, 0.75
0, 1474, 0.75
0, 1475, 0.75
0, 1476, 0.75
0, 1477, 0.75
0, 1478, 0.75
0, 1479, 0.75
0, 1480, 0.75
0, 1481, 0.75
0, 1482, 0.75
0, 1483, 0.75
0, 1484, 0.75
0, 1485, 0.75
0, 1486, 0.75
0, 1487, 0.75
0, 1488, 0.75
0, 1489, 0.75
0, 1490, 0.75
0, 1491, 0.75
0, 1492, 0.75
0, 1493, 0.75
0, 1494, 0.75
0, 1495, 0.75
0, 1496, 0.75
0, 1497, 0.75
0, 1498, 0.75
0, 1499, 0.75
0, 1500, 0.75
0, 1501, 0.75
0, 1502, 0.75
0, 1503, 0.75
0, 1504, 0.75
0, 1505, 0.75
0, 1506, 0.75
0, 1507, 0.75
0, 1508, 0.75
0, 1509, 0.75
0, 1510, 0.75
0, 1511, 0.75
0, 1512, 0.75
0, 1513, 0.75
0, 1514, 0.75
0, 1515, 0.75
0, 1516, 0.75
0, 1517, 0.75
0, 1518, 0.75
0, 1519, 0.75
0, 1520, 0.75
0, 1521, 0.75
0, 1522, 0.75
0, 1523, 0.75
0, 1524, 0.75
0, 1525, 0.75
0, 1526, 0.75
0, 1527, 0.75
0, 1528, 0.75
0, 1529, 0.75
0, 1530, 0.75
0, 1531, 0.75
0, 1532, 0.75
0, 1533, 0.75
0, 1534, 0.75
0, 1535, 0.75
0, 1536, 0.75
0, 1537, 0.75
0, 1538, 0.75
0, 1539, 0.75
0, 1540, 0.75
0, 1541, 0.75
0, 1542, 0.75
0, 1543, 0.75
0, 1544, 0.75
0, 1545, 0.75
0, 1546, 0.75
0, 1547, 0.75
0, 1548, 0.75
0, 1549, 0.75
0, 1550, 0.75
0, 1551, 0.75
0, 1552, 0.75
0, 1553, 0.75
0, 1554, 0.75
0, 1555, 0.75
0, 1556, 0.75
0, 1557, 0.75
0, 1558, 0.75
0, 1559, 0.75
0, 1560, 0.75
0, 1561, 0.75
0, 1562, 0.75
0, 1563, 0.75
0, 1564, 0.75
0, 1565, 0.75
0, 1566, 0.75
0, 1567, 0.75
0, 1568, 0.75
0, 1569, 0.75
0, 1570, 0.75
0, 1571, 0.75
0, 1572, 0.75
0, 1573, 0.75
0, 1574, 0.75
0, 1575, 0.75
0, 1576, 0.75
0, 1577, 0.75
0, 1578, 0.75
0, 1579, 0.75
0, 1580, 0.75
0, 1581, 0.75
0, 1582, 0.75
0, 1583, 0.75
0, 1584, 0.75
0, 1585, 0.75
0, 1586, 0.75
0, 1587, 0.75
0, 1588, 0.75
0, 1589, 0.75
0, 1590, 0.75
0, 1591, 0.75
0, 1592, 0.75
0, 1593, 0.75
0, 1594, 0.75
0, 1595, 0.75
0, 1596, 0.75
0, 1597, 0.75
0, 1598, 0.75
0, 1599, 0.75
0, 1600, 0.75
0, 1601, 0.75
0, 1602, 0.75
0, 1603, 0.75
0, 1604, 0.75
0, 1605, 0.75
0, 1606, 0.75
0, 1607, 0.75
0, 1608, 0.75
0, 1609, 1.0
0, 1610, 1.25
0, 1611, 1.5
0, 1612, 1.75
0, 1613, 2.0
0, 1614, 2.25
0, 1615, 2.5
0, 1616, 2.75
0, 1617, 3.0
0, 1618, 2.75
0, 1619, 2.5
0, 1620, 2.25
0, 1621, 2.0
0, 1622, 1.75
0, 1623, 2.0
0, 1624, 2.25
0, 1625, 2.0
0, 1626, 1.75
0, 1627, 1.5
0, 1628, 1.25
0, 1629, 1.0
0, 1630, 1.25
0, 1631, 1.5
0, 1632, 1.25
0, 1633, 1.0
0, 1634, 1.25
0, 1635, 1.5
0, 1636, 1.75
0, 1637, 2.0
0, 1638, 2.25
0, 1639, 2.5
0, 1640, 2.75
0, 1641, 3.0
0, 1642, 3.25
0, 1643, 3.5
0, 1644, 3.75
0, 1645, 4.0
0, 1646, 4.25
0, 1647, 4.5
0, 1648, 4.75
0, 1649, 5.0
0, 1650, 5.25
0, 1651, 5.5
0, 1652, 5.75
0, 1653, 6.0
0, 1654, 6.25
0, 1655, 6.5
0, 1656, 6.75
0, 1657, 6.5
0, 1658, 6.75
0, 1659, 7.0
0, 1660, 6.75
0, 1661, 6.5
0, 1662, 6.25
0, 1663, 6.0
0, 1664, 5.75
0, 1665, 5.5
0, 1666, 5.25
0, 1667, 5.0
0, 1668, 4.75
0, 1669, 4.5
0, 1670, 4.25
0, 1671, 4.0
0, 1672, 3.75
0, 1673, 3.5
0, 1674, 3.25
0, 1675, 3.0
0, 1676, 2.75
0, 1677, 2.5
0, 1678, 2.25
0, 1679, 2.0
0, 1680, 1.75
0, 1681, 1.5
0, 1682, 1.25
0, 1683, 1.0
0, 1684, 1.25
0, 1685, 1.5
0, 1686, 1.75
0, 1687, 2.0
0, 1688, 2.25
0, 1689, 2.5
0, 1690, 2.75
0, 1691, 3.0
0, 1692, 3.25
0, 1693, 3.5
0, 1694, 3.75
0, 1695, 4.0
0, 1696, 4.25
0, 1697, 4.5
0, 1698, 4.75
0, 1699, 5.0
0, 1700, 5.25
0, 1701, 5.5
0, 1702, 5.75
0, 1703, 6.0
0, 1704, 6.25
0, 1705, 6.5
0, 1706, 6.75
0, 1707, 7.0
0, 1708, 7.25
0, 1709, 7.5
0, 1710, 7.75
0, 1711, 8.0
0, 1712, 8.25
0, 1713, 8.5
0, 1714, 8.75
0, 1715, 9.0
0, 1716, 9.25
0, 1717, 9.5
0, 1718, 9.75
0, 1719, 10.0
0, 1720, 9.75
0, 1721, 10.0
0, 1722, 10.25
0, 1723, 10.0
0, 1724, 9.75
0, 1725, 9.5
0, 1726, 9.25
0, 1727, 9.0
0, 1728, 8.75
0, 1729, 8.5
0, 1730, 8.25
0, 1731, 8.0
0, 1732, 7.75
0, 1733, 7.5
0, 1734, 7.25
0, 1735, 7.0
0, 1736, 6.75
0, 1737, 6.5
0, 1738, 6.25
0, 1739, 6.0
0, 1740, 5.75
0, 1741, 5.5
0, 1742, 5.25
0, 1743, 5.0
0, 1744, 4.75
0, 1745, 4.5
0, 1746, 4.25
0, 1747, 4.0
0, 1748, 3.75
0, 1749, 3.5
0, 1750, 3.25
0, 1751, 3.0
0, 1752, 2.75
0, 1753, 2.5
0, 1754, 2.25
0, 1755, 2.0
0, 1756, 1.75
0, 1757, 1.5
0, 1758, 1.25
0, 1759, 1.0
0, 1760, 0.75
0, 1761, 0.75
0, 1762, 0.75
0, 1763, 0.75
0, 1764, 0.75
0, 1765, 0.75
0, 1766, 0.75
0, 1767, 0.75
0, 1768, 0.75
0, 1769, 0.75
0, 1770, 1.0
0, 1771, 1.25
0, 1772, 1.0
0, 1773, 0.75
0, 1774, 0.75
0, 1775, 0.75
0, 1776, 0.75
0, 1777, 1.0
0, 1778, 1.25
0, 1779, 1.0
0, 1780, 0.75
0, 1781, 0.75
0, 1782, 0.75
0, 1783, 0.75
0, 1784, 1.0
0, 1785, 1.25
0, 1786, 1.5
0, 1787, 1.25
0, 1788, 1.5
0, 1789, 1.75
0, 1790, 2.0
0, 1791, 2.25
0, 1792, 2.5
0, 1793, 2.75
0, 1794, 3.0
0, 1795, 3.25
0, 1796, 3.5
0, 1797, 3.75
0, 1798, 4.0
0, 1799, 4.25
0, 1800, 4.5
0, 1801, 4.75
0, 1802, 5.0
0, 1803, 5.25
0, 1804, 5.5
0, 1805, 5.75
0, 1806, 6.0
0, 1807, 6.25
0, 1808, 6.5
0, 1809, 6.75
0, 1810, 7.0
0, 1811, 7.25
0, 1812, 7.5
0, 1813, 7.75
0, 1814, 8.0
0, 1815, 8.25
0, 1816, 8.0
0, 1817, 7.75
0, 1818, 7.5
0, 1819, 7.75
0, 1820, 7.5
0, 1821, 7.25
0, 1822, 7.0
0, 1823, 6.75
0, 1824, 6.5
0, 1825, 6.25
0, 1826, 6.0
0, 1827, 5.75
0, 1828, 5.5
0, 1829, 5.25
0, 1830, 5.0
0, 1831, 4.75
0, 1832, 5.0
0, 1833, 5.25
0, 1834, 5.5
0, 1835, 5.25
0, 1836, 5.0
0, 1837, 4.75
0, 1838, 5.0
0, 1839, 5.25
0, 1840, 5.5
0, 1841, 5.75
0, 1842, 5.5
0, 1843, 5.25
0, 1844, 5.0
0, 1845, 4.75
0, 1846, 4.5
0, 1847, 4.75
0, 1848, 5.0
0, 1849, 4.75
0, 1850, 4.5
0, 1851, 4.25
0, 1852, 4.0
0, 1853, 3.75
0, 1854, 4.0
0, 1855, 4.25
0, 1856, 4.0
0, 1857, 3.75
0, 1858, 3.5
0, 1859, 3.25
0, 1860, 3.0
0, 1861, 3.25
0, 1862, 3.5
0, 1863, 3.25
0, 1864, 3.0
0, 1865, 2.75
0, 1866, 2.5
0, 1867, 2.75
0, 1868, 3.0
0, 1869, 3.25
0, 1870, 3.5
0, 1871, 3.25
0, 1872, 3.0
0, 1873, 2.75
0, 1874, 2.5
0, 1875, 2.75
0, 1876, 3.0
0, 1877, 3.25
0, 1878, 3.0
0, 1879, 3.25
0, 1880, 3.5
0, 1881, 3.25
0, 1882, 3.5
0, 1883, 3.75
0, 1884, 3.5
0, 1885, 3.25
0, 1886, 3.0
0, 1887, 2.75
0, 1888, 2.5
0, 1889, 2.25
0, 1890, 2.0
0, 1891, 1.75
0, 1892, 1.5
0, 1893, 1.25
0, 1894, 1.0
0, 1895, 0.75
0, 1896, 0.75
0, 1897, 0.75
0, 1898, 0.75
0, 1899, 0.75
0, 1900, 0.75
0, 1901, 0.75
0, 1902, 0.75
0, 1903, 1.0
0, 1904, 1.25
0, 1905, 1.0
0, 1906, 0.75
0, 1907, 0.75
0, 1908, 0.75
0, 1909, 0.75
0, 1910, 1.0
0, 1911, 1.25
0, 1912, 1.0
0, 1913, 0.75
0, 1914, 1.0
0, 1915, 1.25
0, 1916, 1.5
0, 1917, 1.75
0, 1918, 2.0
0, 1919, 2.25
0, 1920, 2.5
0, 1921, 2.75
0, 1922, 3.0
0, 1923, 3.25
0, 1924, 3.5
0, 1925, 3.75
0, 1926, 4.0
0, 1927, 4.25
0, 1928, 4.5
0, 1929, 4.75
0, 1930, 4.5
0, 1931, 4.75
0, 1932, 5.0
0, 1933, 4.75
0, 1934, 4.5
0, 1935, 4.25
0, 1936, 4.0
0, 1937, 3.75
0, 1938, 4.0
0, 1939, 4.25
0, 1940, 4.0
0, 1941, 3.75
0, 1942, 3.5
0, 1943, 3.25
0, 1944, 3.0
0, 1945, 3.25
0, 1946, 3.5
0, 1947, 3.25
0, 1948, 3.0
0, 1949, 2.75
0, 1950, 2.5
0, 1951, 2.25
0, 1952, 2.5
0, 1953, 2.75
0, 1954, 2.5
0, 1955, 2.25
0, 1956, 2.0
0, 1957, 1.75
0, 1958, 1.5
0, 1959, 1.75
0, 1960, 1.5
0, 1961, 1.25
0, 1962, 1.0
0, 1963, 0.75
0, 1964, 0.75
0, 1965, 1.0
0, 1966, 1.25
0, 1967, 1.5
0, 1968, 1.75
0, 1969, 2.0
0, 1970, 2.25
0, 1971, 2.5
0, 1972, 2.75
0, 1973, 3.0
0, 1974, 3.25
0, 1975, 3.5
0, 1976, 3.75
0, 1977, 4.0
0, 1978, 4.25
0, 1979, 4.5
0, 1980, 4.75
0, 1981, 5.0
0, 1982, 5.25
0, 1983, 5.5
0, 1984, 5.75
0, 1985, 6.0
0, 1986, 6.25
0, 1987, 6.5
0, 1988, 6.75
0, 1989, 7.0
0, 1990, 7.25
0, 1991, 7.5
0, 1992, 7.75
0, 1993, 8.0
0, 1994, 8.25
0, 1995, 8.5
0, 1996, 8.75
0, 1997, 9.0
0, 1998, 9.25
0, 1999, 9.5
0, 2000, 9.75
0, 2001, 10.0
0, 2002, 10.25
0, 2003, 10.5
0, 2004, 10.75
0, 2005, 11.0
0, 2006, 10.75
0, 2007, 10.5
0, 2008, 10.25
0, 2009, 10.0
0, 2010, 9.75
0, 2011, 9.5
0, 2012, 9.25
0, 2013, 9.0
0, 2014, 8.75
0, 2015, 8.5
0, 2016, 8.25
0, 2017, 8.0
0, 2018, 7.75
0, 2019, 7.5
0, 2020, 7.25
0, 2021, 7.0
0, 2022, 6.75
0, 2023, 6.5
0, 2024, 6.25
0, 2025, 6.0
0, 2026, 5.75
0, 2027, 5.5
0, 2028, 5.25
0, 2029, 5.0
0, 2030, 4.75
0, 2031, 4.5
0, 2032, 4.25
0, 2033, 4.0
0, 2034, 3.75
0, 2035, 3.5
0, 2036, 3.25
0, 2037, 3.0
0, 2038, 2.75
0, 2039, 2.5
0, 2040, 2.25
0, 2041, 2.0
0, 2042, 1.75
0, 2043, 1.5
0, 2044, 1.25
0, 2045, 1.0
0, 2046, 0.75
0, 2047, 0.75
0, 2048, 0.75
0, 2049, 0.75
0, 2050, 0.75
0, 2051, 0.75
0, 2052, 0.75
0, 2053, 0.75
0, 2054, 0.75
0, 2055, 0.75
0, 2056, 0.75
0, 2057, 0.75
0, 2058, 0.75
0, 2059, 0.75
0, 2060, 0.75
0, 2061, 0.75
0, 2062, 0.75
0, 2063, 0.75
0, 2064, 0.75
0, 2065, 0.75
0, 2066, 0.75
0, 2067, 0.75
0, 2068, 0.75
0, 2069, 0.75
0, 2070, 0.75
0, 2071, 0.75
0, 2072, 0.75
0, 2073, 0.75
0, 2074, 0.75
0, 2075, 0.75
0, 2076, 0.75
0, 2077, 0.75
0, 2078, 0.75
0, 2079, 0.75
0, 2080, 0.75
0, 2081, 0.75
0, 2082, 0.75
0, 2083, 0.75
0, 2084, 0.75
0, 2085, 0.75
0, 2086, 0.75
0, 2087, 0.75
0, 2088, 0.75
0, 2089, 0.75
0, 2090, 0.75
0, 2091, 0.75
0, 2092, 0.75
0, 2093, 0.75
0, 2094, 0.75
0, 2095, 0.75
0, 2096, 0.75
0, 2097, 0.75
0, 2098, 0.75
0, 2099, 0.75
0, 2100, 0.75
0, 2101, 0.75
0, 2102, 0.75
0, 2103, 0.75
0, 2104, 0.75
0, 2105, 0.75
0, 2106, 0.75
0, 2107, 0.75
0, 2108, 0.75
0, 2109, 0.75
0, 2110, 0.75
0, 2111, 0.75
0, 2112, 0.75
0, 2113, 0.75
0, 2114, 0.75
0, 2115, 0.75
0, 2116, 0.75
0, 2117, 0.75
0, 2118, 0.75
0, 2119, 0.75
0, 2120, 0.75
0, 2121, 0.75
0, 2122, 0.75
0, 2123, 0.75
0, 2124, 0.75
0, 2125, 0.75
0, 2126, 0.75
0, 2127, 1.0
0, 2128, 1.25
0, 2129, 1.0
0, 2130, 1.25
0, 2131, 1.5
0, 2132, 1.75
0, 2133, 2.0
0, 2134, 2.25
0, 2135, 2.5
0, 2136, 2.75
0, 2137, 3.0
0, 2138, 3.25
0, 2139, 3.5
0, 2140, 3.75
0, 2141, 4.0
0, 2142, 4.25
0, 2143, 4.5
0, 2144, 4.75
0, 2145, 5.0
0, 2146, 5.25
0, 2147, 5.5
0, 2148, 5.75
0, 2149, 6.0
0, 2150, 6.25
0, 2151, 6.5
0, 2152, 6.75
0, 2153, 7.0
0, 2154, 7.25
0, 2155, 7.5
0, 2156, 7.75
0, 2157, 8.0
0, 2158, 7.75
0, 2159, 7.5
0, 2160, 7.25
0, 2161, 7.0
0, 2162, 7.25
0, 2163, 7.5
0, 2164, 7.25
0, 2165, 7.0
0, 2166, 6.75
0, 2167, 6.5
0, 2168, 6.25
0, 2169, 6.5
0, 2170, 6.75
0, 2171, 6.5
0, 2172, 6.25
0, 2173, 6.0
0, 2174, 5.75
0, 2175, 5.5
0, 2176, 5.75
0, 2177, 5.5
0, 2178, 5.25
0, 2179, 5.0
0, 2180, 4.75
0, 2181, 4.5
0, 2182, 4.25
0, 2183, 4.0
0, 2184, 3.75
0, 2185, 3.5
0, 2186, 3.25
0, 2187, 3.0
0, 2188, 2.75
0, 2189, 2.5
0, 2190, 2.75
0, 2191, 3.0
0, 2192, 2.75
0, 2193, 2.5
0, 2194, 2.25
0, 2195, 2.5
0, 2196, 2.75
0, 2197, 3.0
0, 2198, 3.25
0, 2199, 3.5
0, 2200, 3.75
0, 2201, 4.0
0, 2202, 3.75
0, 2203, 4.0
0, 2204, 4.25
0, 2205, 4.5
0, 2206, 4.25
0, 2207, 4.0
0, 2208, 3.75
0, 2209, 3.5
0, 2210, 3.25
0, 2211, 3.5
0, 2212, 3.75
0, 2213, 4.0
0, 2214, 4.25
0, 2215, 4.0
0, 2216, 4.25
0, 2217, 4.5
0, 2218, 4.75
0, 2219, 5.0
0, 2220, 5.25
0, 2221, 5.5
0, 2222, 5.75
0, 2223, 6.0
0, 2224, 6.25
0, 2225, 6.5
0, 2226, 6.75
0, 2227, 6.5
0, 2228, 6.75
0, 2229, 7.0
0, 2230, 7.25
0, 2231, 7.0
0, 2232, 7.25
0, 2233, 7.5
0, 2234, 7.25
0, 2235, 7.0
0, 2236, 6.75
0, 2237, 6.5
0, 2238, 6.25
0, 2239, 6.0
0, 2240, 5.75
0, 2241, 5.5
0, 2242, 5.25
0, 2243, 5.5
0, 2244, 5.75
0, 2245, 6.0
0, 2246, 6.25
0, 2247, 6.5
0, 2248, 6.75
0, 2249, 7.0
0, 2250, 7.25
0, 2251, 7.5
0, 2252, 7.75
0, 2253, 8.0
0, 2254, 8.25
0, 2255, 8.5
0, 2256, 8.75
0, 2257, 9.0
0, 2258, 9.25
0, 2259, 9.5
0, 2260, 9.75
0, 2261, 10.0
0, 2262, 10.25
0, 2263, 10.5
0, 2264, 10.75
0, 2265, 11.0
0, 2266, 11.25
0, 2267, 11.5
0, 2268, 11.75
0, 2269, 12.0
0, 2270, 12.25
0, 2271, 12.5
0, 2272, 12.75
0, 2273, 13.0
0, 2274, 13.25
0, 2275, 13.5
0, 2276, 13.75
0, 2277, 14.0
0, 2278, 13.75
0, 2279, 14.0
0, 2280, 14.25
0, 2281, 14.5
0, 2282, 14.75
0, 2283, 14.5
0, 2284, 14.25
0, 2285, 14.0
0, 2286, 13.75
0, 2287, 13.5
0, 2288, 13.25
0, 2289, 13.0
0, 2290, 12.75
0, 2291, 12.5
0, 2292, 12.25
0, 2293, 12.0
0, 2294, 11.75
0, 2295, 11.5
0, 2296, 11.25
0, 2297, 11.0
0, 2298, 10.75
0, 2299, 10.5
0, 2300, 10.25
0, 2301, 10.0
0, 2302, 9.75
0, 2303, 9.5
0, 2304, 9.25
0, 2305, 9.0
0, 2306, 8.75
0, 2307, 8.5
0, 2308, 8.25
0, 2309, 8.0
0, 2310, 7.75
0, 2311, 7.5
0, 2312, 7.25
0, 2313, 7.0
0, 2314, 6.75
0, 2315, 6.5
0, 2316, 6.75
0, 2317, 7.0
0, 2318, 6.75
0, 2319, 6.5
0, 2320, 6.75
0, 2321, 6.5
0, 2322, 6.75
0, 2323, 7.0
0, 2324, 7.25
0, 2325, 7.5
0, 2326, 7.75
0, 2327, 8.0
0, 2328, 7.75
0, 2329, 7.5
0, 2330, 7.75
0, 2331, 8.0
0, 2332, 7.75
0, 2333, 8.0
0, 2334, 8.25
0, 2335, 8.5
0, 2336, 8.75
0, 2337, 9.0
0, 2338, 9.25
0, 2339, 9.5
0, 2340, 9.75
0, 2341, 10.0
0, 2342, 10.25
0, 2343, 10.5
0, 2344, 10.75
0, 2345, 11.0
0, 2346, 11.25
0, 2347, 11.0
0, 2348, 10.75
0, 2349, 11.0
0, 2350, 11.25
0, 2351, 11.5
0, 2352, 11.75
0, 2353, 12.0
0, 2354, 12.25
0, 2355, 12.5
0, 2356, 12.75
0, 2357, 13.0
0, 2358, 13.25
0, 2359, 13.5
0, 2360, 13.75
0, 2361, 14.0
0, 2362, 14.25
0, 2363, 14.5
0, 2364, 14.75
0, 2365, 15.0
0, 2366, 15.25
0, 2367, 15.0
0, 2368, 14.75
0, 2369, 14.5
0, 2370, 14.25
0, 2371, 14.0
0, 2372, 13.75
0, 2373, 13.5
0, 2374, 13.25
0, 2375, 13.0
0, 2376, 12.75
0, 2377, 12.5
0, 2378, 12.25
0, 2379, 12.0
0, 2380, 11.75
0, 2381, 11.5
0, 2382, 11.25
0, 2383, 11.0
0, 2384, 10.75
0, 2385, 10.5
0, 2386, 10.25
0, 2387, 10.0
0, 2388, 9.75
0, 2389, 9.5
0, 2390, 9.25
0, 2391, 9.0
0, 2392, 8.75
0, 2393, 8.5
0, 2394, 8.25
0, 2395, 8.0
0, 2396, 7.75
0, 2397, 7.5
0, 2398, 7.25
0, 2399, 7.0
0, 2400, 6.75
0, 2401, 6.5
0, 2402, 6.25
0, 2403, 6.0
0, 2404, 5.75
0, 2405, 5.5
0, 2406, 5.25
0, 2407, 5.0
0, 2408, 4.75
0, 2409, 4.5
0, 2410, 4.25
0, 2411, 4.0
0, 2412, 3.75
0, 2413, 3.5
0, 2414, 3.25
0, 2415, 3.0
0, 2416, 2.75
0, 2417, 2.5
0, 2418, 2.25
0, 2419, 2.0
0, 2420, 2.25
0, 2421, 2.5
0, 2422, 2.75
0, 2423, 2.5
0, 2424, 2.75
0, 2425, 3.0
0, 2426, 3.25
0, 2427, 3.5
0, 2428, 3.75
0, 2429, 4.0
0, 2430, 4.25
0, 2431, 4.5
0, 2432, 4.75
0, 2433, 5.0
0, 2434, 5.25
0, 2435, 5.5
0, 2436, 5.75
0, 2437, 6.0
0, 2438, 6.25
0, 2439, 6.5
0, 2440, 6.75
0, 2441, 7.0
0, 2442, 7.25
0, 2443, 7.5
0, 2444, 7.75
0, 2445, 8.0
0, 2446, 8.25
0, 2447, 8.5
0, 2448, 8.75
0, 2449, 9.0
0, 2450, 9.25
0, 2451, 9.5
0, 2452, 9.75
0, 2453, 10.0
0, 2454, 10.25
0, 2455, 10.5
0, 2456, 10.75
0, 2457, 11.0
0, 2458, 11.25
0, 2459, 11.5
0, 2460, 11.75
0, 2461, 12.0
0, 2462, 12.25
0, 2463, 12.5
0, 2464, 12.75
0, 2465, 13.0
0, 2466, 13.25
0, 2467, 13.5
0, 2468, 13.75
0, 2469, 14.0
0, 2470, 14.25
0, 2471, 14.5
0, 2472, 14.75
0, 2473, 15.0
0, 2474, 15.25
0, 2475, 15.5
0, 2476, 15.75
0, 2477, 16.0
0, 2478, 16.25
0, 2479, 16.5
0, 2480, 16.75
0, 2481, 17.0
0, 2482, 17.25
0, 2483, 17.5
0, 2484, 17.75
0, 2485, 18.0
0, 2486, 18.25
0, 2487, 18.5
0, 2488, 18.75
0, 2489, 19.0
0, 2490, 19.25
0, 2491, 19.5
0, 2492, 19.75
0, 2493, 20.0
0, 2494, 20.25
0, 2495, 20.5
0, 2496, 20.75
0, 2497, 21.0
0, 2498, 21.25
0, 2499, 21.5
0, 2500, 21.75
0, 2501, 22.0
0, 2502, 22.25
0, 2503, 22.5
0, 2504, 22.75
0, 2505, 23.0
0, 2506, 23.25
0, 2507, 23.0
0, 2508, 22.75
0, 2509, 22.5
0, 2510, 22.25
0, 2511, 22.0
0, 2512, 21.75
0, 2513, 21.5
0, 2514, 21.25
0, 2515, 21.0
0, 2516, 20.75
0, 2517, 20.5
0, 2518, 20.25
0, 2519, 20.0
0, 2520, 19.75
0, 2521, 19.5
0, 2522, 19.25
0, 2523, 19.0
0, 2524, 18.75
0, 2525, 18.5
0, 2526, 18.25
0, 2527, 18.0
0, 2528, 17.75
0, 2529, 17.5
0, 2530, 17.25
0, 2531, 17.0
0, 2532, 16.75
0, 2533, 16.5
0, 2534, 16.25
0, 2535, 16.0
0, 2536, 15.75
0, 2537, 15.5
0, 2538, 15.25
0, 2539, 15.0
0, 2540, 14.75
0, 2541, 14.5
0, 2542, 14.25
0, 2543, 14.0
0, 2544, 13.75
0, 2545, 13.5
0, 2546, 13.25
0, 2547, 13.0
0, 2548, 12.75
0, 2549, 12.5
0, 2550, 12.25
0, 2551, 12.0
0, 2552, 11.75
0, 2553, 12.0
0, 2554, 12.25
0, 2555, 12.5
0, 2556, 12.25
0, 2557, 12.0
0, 2558, 12.25
0, 2559, 12.5
0, 2560, 12.75
0, 2561, 13.0
0, 2562, 13.25
0, 2563, 13.5
0, 2564, 13.75
0, 2565, 14.0
0, 2566, 14.25
0, 2567, 14.5
0, 2568, 14.75
0, 2569, 15.0
0, 2570, 15.25
0, 2571, 15.5
0, 2572, 15.75
0, 2573, 16.0
0, 2574, 16.25
0, 2575, 16.5
0, 2576, 16.75
0, 2577, 17.0
0, 2578, 17.25
0, 2579, 17.5
0, 2580, 17.75
0, 2581, 18.0
0, 2582, 18.25
0, 2583, 18.5
0, 2584, 18.75
0, 2585, 19.0
0, 2586, 19.25
0, 2587, 19.5
0, 2588, 19.75
0, 2589, 20.0
0, 2590, 20.25
0, 2591, 20.5
0, 2592, 20.75
0, 2593, 21.0
0, 2594, 21.25
0, 2595, 21.5
0, 2596, 21.75
0, 2597, 22.0
0, 2598, 22.25
0, 2599, 22.5
0, 2600, 22.75
0, 2601, 23.0
0, 2602, 23.25
0, 2603, 23.5
0, 2604, 23.75
0, 2605, 23.5
0, 2606, 23.25
0, 2607, 23.0
0, 2608, 22.75
0, 2609, 22.5
0, 2610, 22.25
0, 2611, 22.0
0, 2612, 21.75
0, 2613, 21.5
0, 2614, 21.25
0, 2615, 21.0
0, 2616, 20.75
0, 2617, 20.5
0, 2618, 20.25
0, 2619, 20.0
0, 2620, 19.75
0, 2621, 19.5
0, 2622, 19.25
0, 2623, 19.0
0, 2624, 18.75
0, 2625, 18.5
0, 2626, 18.25
0, 2627, 18.0
0, 2628, 17.75
0, 2629, 17.5
0, 2630, 17.25
0, 2631, 17.0
0, 2632, 16.75
0, 2633, 16.5
0, 2634, 16.25
0, 2635, 16.0
0, 2636, 15.75
0, 2637, 15.5
0, 2638, 15.25
0, 2639, 15.0
0, 2640, 14.75
0, 2641, 14.5
0, 2642, 14.25
0, 2643, 14.0
0, 2644, 13.75
0, 2645, 13.5
0, 2646, 13.25
0, 2647, 13.0
0, 2648, 12.75
0, 2649, 12.5
0, 2650, 12.25
0, 2651, 12.0
0, 2652, 11.75
0, 2653, 11.5
0, 2654, 11.25
0, 2655, 11.0
0, 2656, 10.75
0, 2657, 11.0
0, 2658, 11.25
0, 2659, 11.5
0, 2660, 11.75
0, 2661, 12.0
0, 2662, 12.25
0, 2663, 12.5
0, 2664, 12.75
0, 2665, 13.0
0, 2666, 13.25
0, 2667, 13.5
0, 2668, 13.75
0, 2669, 14.0
0, 2670, 14.25
0, 2671, 14.5
0, 2672, 14.75
0, 2673, 15.0
0, 2674, 15.25
0, 2675, 15.5
0, 2676, 15.75
0, 2677, 16.0
0, 2678, 16.25
0, 2679, 16.5
0, 2680, 16.75
0, 2681, 17.0
0, 2682, 17.25
0, 2683, 17.5
0, 2684, 17.75
0, 2685, 18.0
0, 2686, 18.25
0, 2687, 18.5
0, 2688, 18.75
0, 2689, 19.0
0, 2690, 19.25
0, 2691, 19.5
0, 2692, 19.75
0, 2693, 20.0
0, 2694, 20.25
0, 2695, 20.5
0, 2696, 20.75
0, 2697, 21.0
0, 2698, 21.25
0, 2699, 21.5
0, 2700, 21.75
0, 2701, 22.0
0, 2702, 22.25
0, 2703, 22.5
0, 2704, 22.75
0, 2705, 23.0
0, 2706, 23.25
0, 2707, 23.5
0, 2708, 23.75
0, 2709, 24.0
0, 2710, 24.25
0, 2711, 24.5
0, 2712, 24.75
0, 2713, 25.0
0, 2714, 25.25
0, 2715, 25.5
0, 2716, 25.75
0, 2717, 26.0
0, 2718, 26.25
0, 2719, 26.5
0, 2720, 26.75
0, 2721, 27.0
0, 2722, 27.25
0, 2723, 27.0
0, 2724, 26.75
0, 2725, 26.5
0, 2726, 26.25
0, 2727, 26.0
0, 2728, 25.75
0, 2729, 25.5
0, 2730, 25.25
0, 2731, 25.0
0, 2732, 24.75
0, 2733, 24.5
0, 2734, 24.25
0, 2735, 24.0
0, 2736, 23.75
0, 2737, 23.5
0, 2738, 23.25
0, 2739, 23.0
0, 2740, 22.75
0, 2741, 22.5
0, 2742, 22.25
0, 2743, 22.0
0, 2744, 21.75
0, 2745, 21.5
0, 2746, 21.25
0, 2747, 21.0
0, 2748, 20.75
0, 2749, 20.5
0, 2750, 20.25
0, 2751, 20.0
0, 2752, 19.75
0, 2753, 19.5
0, 2754, 19.25
0, 2755, 19.0
0, 2756, 18.75
0, 2757, 18.5
0, 2758, 18.25
0, 2759, 18.0
0, 2760, 17.75
0, 2761, 17.5
0, 2762, 17.25
0, 2763, 17.0
0, 2764, 16.75
0, 2765, 16.5
0, 2766, 16.25
0, 2767, 16.0
0, 2768, 15.75
0, 2769, 15.5
0, 2770, 15.25
0, 2771, 15.0
0, 2772, 14.75
0, 2773, 14.5
0, 2774, 14.25
0, 2775, 14.0
0, 2776, 13.75
0, 2777, 13.5
0, 2778, 13.25
0, 2779, 13.0
0, 2780, 12.75
0, 2781, 12.5
0, 2782, 12.25
0, 2783, 12.0
0, 2784, 11.75
0, 2785, 11.5
0, 2786, 11.25
0, 2787, 11.0
0, 2788, 10.75
0, 2789, 10.5
0, 2790, 10.25
0, 2791, 10.0
0, 2792, 9.75
0, 2793, 9.5
0, 2794, 9.25
0, 2795, 9.0
0, 2796, 8.75
0, 2797, 8.5
0, 2798, 8.25
0, 2799, 8.5
0, 2800, 8.25
0, 2801, 8.0
0, 2802, 7.75
0, 2803, 8.0
0, 2804, 8.25
0, 2805, 8.5
0, 2806, 8.75
0, 2807, 9.0
0, 2808, 9.25
0, 2809, 9.5
0, 2810, 9.75
0, 2811, 10.0
0, 2812, 10.25
0, 2813, 10.5
0, 2814, 10.75
0, 2815, 11.0
0, 2816, 11.25
0, 2817, 11.5
0, 2818, 11.75
0, 2819, 12.0
0, 2820, 12.25
0, 2821, 12.5
0, 2822, 12.75
0, 2823, 13.0
0, 2824, 13.25
0, 2825, 13.5
0, 2826, 13.75
0, 2827, 14.0
0, 2828, 14.25
0, 2829, 14.5
0, 2830, 14.75
0, 2831, 15.0
0, 2832, 15.25
0, 2833, 15.5
0, 2834, 15.75
0, 2835, 16.0
0, 2836, 16.25
0, 2837, 16.5
0, 2838, 16.75
0, 2839, 17.0
0, 2840, 17.25
0, 2841, 17.5
0, 2842, 17.75
0, 2843, 18.0
0, 2844, 18.25
0, 2845, 18.5
0, 2846, 18.75
0, 2847, 19.0
0, 2848, 19.25
0, 2849, 19.5
0, 2850, 19.75
0, 2851, 20.0
0, 2852, 20.25
0, 2853, 20.5
0, 2854, 20.75
0, 2855, 21.0
0, 2856, 21.25
0, 2857, 21.5
0, 2858, 21.75
0, 2859, 22.0
0, 2860, 22.25
0, 2861, 22.5
0, 2862, 22.75
0, 2863, 23.0
0, 2864, 23.25
0, 2865, 23.5
0, 2866, 23.75
0, 2867, 24.0
0, 2868, 24.25
0, 2869, 24.5
0, 2870, 24.75
0, 2871, 25.0
0, 2872, 25.25
0, 2873, 25.5
0, 2874, 25.75
0, 2875, 26.0
0, 2876, 26.25
0, 2877, 26.5
0, 2878, 26.75
0, 2879, 27.0
0, 2880, 27.25
0, 2881, 27.5
0, 2882, 27.75
0, 2883, 28.0
0, 2884, 28.25
0, 2885, 28.5
0, 2886, 28.75
0, 2887, 29.0
0, 2888, 29.25
0, 2889, 29.5
0, 2890, 29.75
0, 2891, 30.0
0, 2892, 30.25
0, 2893, 30.5
0, 2894, 30.75
0, 2895, 31.0
0, 2896, 31.25
0, 2897, 31.5
0, 2898, 31.75
0, 2899, 31.5
0, 2900, 31.25
0, 2901, 31.0
0, 2902, 30.75
0, 2903, 30.5
0, 2904, 30.25
0, 2905, 30.0
0, 2906, 29.75
0, 2907, 29.5
0, 2908, 29.25
0, 2909, 29.0
0, 2910, 28.75
0, 2911, 28.5
0, 2912, 28.25
0, 2913, 28.0
0, 2914, 27.75
0, 2915, 27.5
0, 2916, 27.25
0, 2917, 27.0
0, 2918, 26.75
0, 2919, 26.5
0, 2920, 26.25
0, 2921, 26.0
0, 2922, 25.75
0, 2923, 25.5
0, 2924, 25.25
0, 2925, 25.0
0, 2926, 24.75
0, 2927, 24.5
0, 2928, 24.25
0, 2929, 24.0
0, 2930, 23.75
0, 2931, 23.5
0, 2932, 23.25
0, 2933, 23.0
0, 2934, 22.75
0, 2935, 22.5
0, 2936, 22.25
0, 2937, 22.0
0, 2938, 21.75
0, 2939, 21.5
0, 2940, 21.25
0, 2941, 21.0
0, 2942, 20.75
0, 2943, 20.5
0, 2944, 20.25
0, 2945, 20.0
0, 2946, 19.75
0, 2947, 19.5
0, 2948, 19.25
0, 2949, 19.0
0, 2950, 18.75
0, 2951, 18.5
0, 2952, 18.25
0, 2953, 18.0
0, 2954, 17.75
0, 2955, 17.5
0, 2956, 17.25
0, 2957, 17.0
0, 2958, 16.75
0, 2959, 16.5
0, 2960, 16.25
0, 2961, 16.0
0, 2962, 15.75
0, 2963, 15.5
0, 2964, 15.25
0, 2965, 15.0
0, 2966, 14.75
0, 2967, 14.5
0, 2968, 14.25
0, 2969, 14.0
0, 2970, 13.75
0, 2971, 13.5
0, 2972, 13.25
0, 2973, 13.0
0, 2974, 12.75
0, 2975, 12.5
0, 2976, 12.25
0, 2977, 12.0
0, 2978, 11.75
0, 2979, 11.5
0, 2980, 11.25
0, 2981, 11.0
0, 2982, 10.75
0, 2983, 10.5
0, 2984, 10.25
0, 2985, 10.0
0, 2986, 9.75
0, 2987, 9.5
0, 2988, 9.25
0, 2989, 9.0
0, 2990, 8.75
0, 2991, 8.5
0, 2992, 8.25
0, 2993, 8.0
0, 2994, 7.75
0, 2995, 7.5
0, 2996, 7.25
0, 2997, 7.0
0, 2998, 6.75
0, 2999, 6.5
0, 3000, 6.25
0, 3001, 6.0
0, 3002, 5.75
0, 3003, 5.5
0, 3004, 5.25
0, 3005, 5.0
0, 3006, 4.75
0, 3007, 4.5
0, 3008, 4.25
0, 3009, 4.0
0, 3010, 3.75
0, 3011, 3.5
0, 3012, 3.25
0, 3013, 3.0
0, 3014, 2.75
0, 3015, 2.5
0, 3016, 2.75
0, 3017, 3.0
0, 3018, 3.25
0, 3019, 3.5
0, 3020, 3.75
0, 3021, 4.0
0, 3022, 4.25
0, 3023, 4.5
0, 3024, 4.75
0, 3025, 5.0
0, 3026, 5.25
0, 3027, 5.5
0, 3028, 5.75
0, 3029, 6.0
0, 3030, 6.25
0, 3031, 6.5
0, 3032, 6.75
0, 3033, 7.0
0, 3034, 7.25
0, 3035, 7.5
0, 3036, 7.75
0, 3037, 8.0
0, 3038, 8.25
0, 3039, 8.5
0, 3040, 8.75
0, 3041, 9.0
0, 3042, 9.25
0, 3043, 9.5
0, 3044, 9.75
0, 3045, 10.0
0, 3046, 10.25
0, 3047, 10.5
0, 3048, 10.75
0, 3049, 11.0
0, 3050, 11.25
0, 3051, 11.5
0, 3052, 11.75
0, 3053, 12.0
0, 3054, 12.25
0, 3055, 12.5
0, 3056, 12.75
0, 3057, 13.0
0, 3058, 13.25
0, 3059, 13.5
0, 3060, 13.75
0, 3061, 14.0
0, 3062, 14.25
0, 3063, 14.5
0, 3064, 14.75
0, 3065, 15.0
0, 3066, 15.25
0, 3067, 15.5
0, 3068, 15.75
0, 3069, 16.0
0, 3070, 16.25
0, 3071, 16.5
0, 3072, 16.75
0, 3073, 17.0
0, 3074, 17.25
0, 3075, 17.5
0, 3076, 17.75
0, 3077, 18.0
0, 3078, 18.25
0, 3079, 18.5
0, 3080, 18.75
0, 3081, 19.0
0, 3082, 19.25
0, 3083, 19.5
0, 3084, 19.75
0, 3085, 20.0
0, 3086, 20.25
0, 3087, 20.5
0, 3088, 20.75
0, 3089, 21.0
0, 3090, 21.25
0, 3091, 21.5
0, 3092, 21.75
0, 3093, 22.0
0, 3094, 22.25
0, 3095, 22.5
0, 3096, 22.75
0, 3097, 23.0
0, 3098, 23.25
0, 3099, 23.5
0, 3100, 23.75
0, 3101, 24.0
0, 3102, 24.25
0, 3103, 24.5
0, 3104, 24.75
0, 3105, 25.0
0, 3106, 25.25
0, 3107, 25.5
0, 3108, 25.75
0, 3109, 26.0
0, 3110, 26.25
0, 3111, 26.5
0, 3112, 26.25
0, 3113, 26.0
0, 3114, 25.75
0, 3115, 25.5
0, 3116, 25.25
0, 3117, 25.0
0, 3118, 24.75
0, 3119, 24.5
0, 3120, 24.25
0, 3121, 24.0
0, 3122, 23.75
0, 3123, 23.5
0, 3124, 23.25
0, 3125, 23.0
0, 3126, 22.75
0, 3127, 22.5
0, 3128, 22.25
0, 3129, 22.0
0, 3130, 21.75
0, 3131, 21.5
0, 3132, 21.25
0, 3133, 21.0
0, 3134, 20.75
0, 3135, 20.5
0, 3136, 20.25
0, 3137, 20.0
0, 3138, 19.75
0, 3139, 19.5
0, 3140, 19.25
0, 3141, 19.0
0, 3142, 18.75
0, 3143, 18.5
0, 3144, 18.25
0, 3145, 18.0
0, 3146, 17.75
0, 3147, 17.5
0, 3148, 17.25
0, 3149, 17.0
0, 3150, 16.75
0, 3151, 16.5
0, 3152, 16.25
0, 3153, 16.0
0, 3154, 15.75
0, 3155, 15.5
0, 3156, 15.25
0, 3157, 15.0
0, 3158, 14.75
0, 3159, 14.5
0, 3160, 14.25
0, 3161, 14.0
0, 3162, 13.75
0, 3163, 13.5
0, 3164, 13.25
0, 3165, 13.0
0, 3166, 12.75
0, 3167, 12.5
0, 3168, 12.25
0, 3169, 12.0
0, 3170, 11.75
0, 3171, 11.5
0, 3172, 11.25
0, 3173, 11.0
0, 3174, 10.75
0, 3175, 10.5
0, 3176, 10.25
0, 3177, 10.0
0, 3178, 9.75
0, 3179, 9.5
0, 3180, 9.25
0, 3181, 9.0
0, 3182, 8.75
0, 3183, 8.5
0, 3184, 8.25
0, 3185, 8.0
0, 3186, 7.75
0, 3187, 7.5
0, 3188, 7.25
0, 3189, 7.0
0, 3190, 6.75
0, 3191, 6.5
0, 3192, 6.25
0, 3193, 6.0
0, 3194, 5.75
0, 3195, 5.5
0, 3196, 5.25
0, 3197, 5.0
0, 3198, 4.75
0, 3199, 4.5
0, 3200, 4.25
0, 3201, 4.0
0, 3202, 3.75
0, 3203, 3.5
0, 3204, 3.25
0, 3205, 3.0
0, 3206, 2.75
0, 3207, 2.5
0, 3208, 2.25
0, 3209, 2.0
0, 3210, 1.75
0, 3211, 1.5
0, 3212, 1.25
0, 3213, 1.0
0, 3214, 0.75
0, 3215, 0.75
0, 3216, 0.75
0, 3217, 0.75
0, 3218, 0.75
0, 3219, 0.75
0, 3220, 0.75
0, 3221, 0.75
0, 3222, 0.75
0, 3223, 0.75
0, 3224, 0.75
0, 3225, 0.75
0, 3226, 0.75
0, 3227, 0.75
0, 3228, 0.75
0, 3229, 0.75
0, 3230, 0.75
0, 3231, 0.75
0, 3232, 0.75
0, 3233, 0.75
0, 3234, 0.75
0, 3235, 0.75
0, 3236, 0.75
0, 3237, 0.75
0, 3238, 0.75
0, 3239, 1.0
0, 3240, 1.25
0, 3241, 1.5
0, 3242, 1.75
0, 3243, 2.0
0, 3244, 2.25
0, 3245, 2.5
0, 3246, 2.75
0, 3247, 3.0
0, 3248, 3.25
0, 3249, 3.5
0, 3250, 3.75
0, 3251, 4.0
0, 3252, 4.25
0, 3253, 4.5
0, 3254, 4.75
0, 3255, 5.0
0, 3256, 5.25
0, 3257, 5.5
0, 3258, 5.75
0, 3259, 6.0
0, 3260, 6.25
0, 3261, 6.5
0, 3262, 6.75
0, 3263, 7.0
0, 3264, 7.25
0, 3265, 7.5
0, 3266, 7.75
0, 3267, 8.0
0, 3268, 8.25
0, 3269, 8.5
0, 3270, 8.75
0, 3271, 9.0
0, 3272, 9.25
0, 3273, 9.5
0, 3274, 9.75
0, 3275, 10.0
0, 3276, 10.25
0, 3277, 10.5
0, 3278, 10.75
0, 3279, 11.0
0, 3280, 11.25
0, 3281, 11.5
0, 3282, 11.75
0, 3283, 12.0
0, 3284, 11.75
0, 3285, 11.5
0, 3286, 11.25
0, 3287, 11.0
0, 3288, 10.75
0, 3289, 10.5
0, 3290, 10.25
0, 3291, 10.0
0, 3292, 9.75
0, 3293, 9.5
0, 3294, 9.25
0, 3295, 9.0
0, 3296, 8.75
0, 3297, 8.5
0, 3298, 8.25
0, 3299, 8.0
0, 3300, 7.75
0, 3301, 7.5
0, 3302, 7.25
0, 3303, 7.0
0, 3304, 6.75
0, 3305, 6.5
0, 3306, 6.25
0, 3307, 6.0
0, 3308, 5.75
0, 3309, 5.5
0, 3310, 5.25
0, 3311, 5.0
0, 3312, 4.75
0, 3313, 4.5
0, 3314, 4.25
0, 3315, 4.0
0, 3316, 3.75
0, 3317, 3.5
0, 3318, 3.25
0, 3319, 3.0
0, 3320, 2.75
0, 3321, 2.5
0, 3322, 2.25
0, 3323, 2.0
0, 3324, 1.75
0, 3325, 1.5
0, 3326, 1.25
0, 3327, 1.0
0, 3328, 0.75
0, 3329, 0.75
0, 3330, 0.75
0, 3331, 0.75
0, 3332, 0.75
0, 3333, 0.75
0, 3334, 0.75
0, 3335, 0.75
0, 3336, 0.75
0, 3337, 0.75
0, 3338, 1.0
0, 3339, 1.25
0, 3340, 1.0
0, 3341, 0.75
0, 3342, 0.75
0, 3343, 1.0
0, 3344, 1.25
0, 3345, 1.5
0, 3346, 1.75
0, 3347, 2.0
0, 3348, 2.25
0, 3349, 2.5
0, 3350, 2.75
0, 3351, 3.0
0, 3352, 3.25
0, 3353, 3.5
0, 3354, 3.75
0, 3355, 4.0
0, 3356, 4.25
0, 3357, 4.5
0, 3358, 4.75
0, 3359, 5.0
0, 3360, 5.25
0, 3361, 5.5
0, 3362, 5.75
0, 3363, 6.0
0, 3364, 6.25
0, 3365, 6.5
0, 3366, 6.75
0, 3367, 7.0
0, 3368, 7.25
0, 3369, 7.5
0, 3370, 7.75
0, 3371, 8.0
0, 3372, 8.25
0, 3373, 8.5
0, 3374, 8.75
0, 3375, 9.0
0, 3376, 9.25
0, 3377, 9.5
0, 3378, 9.75
0, 3379, 10.0
0, 3380, 10.25
0, 3381, 10.5
0, 3382, 10.75
0, 3383, 11.0
0, 3384, 10.75
0, 3385, 10.5
0, 3386, 10.25
0, 3387, 10.0
0, 3388, 9.75
0, 3389, 9.5
0, 3390, 9.25
0, 3391, 9.0
0, 3392, 8.75
0, 3393, 8.5
0, 3394, 8.25
0, 3395, 8.0
0, 3396, 7.75
0, 3397, 7.5
0, 3398, 7.25
0, 3399, 7.0
0, 3400, 6.75
0, 3401, 6.5
0, 3402, 6.25
0, 3403, 6.0
0, 3404, 5.75
0, 3405, 5.5
0, 3406, 5.25
0, 3407, 5.0
0, 3408, 4.75
0, 3409, 4.5
0, 3410, 4.25
0, 3411, 4.0
0, 3412, 3.75
0, 3413, 3.5
0, 3414, 3.25
0, 3415, 3.0
0, 3416, 2.75
0, 3417, 2.5
0, 3418, 2.25
0, 3419, 2.0
0, 3420, 1.75
0, 3421, 1.5
0, 3422, 1.25
0, 3423, 1.0
0, 3424, 0.75
0, 3425, 0.75
0, 3426, 0.75
0, 3427, 0.75
0, 3428, 0.75
0, 3429, 1.0
0, 3430, 1.25
0, 3431, 1.0
0, 3432, 0.75
0, 3433, 1.0
0, 3434, 1.25
0, 3435, 1.5
0, 3436, 1.75
0, 3437, 2.0
0, 3438, 2.25
0, 3439, 2.5
0, 3440, 2.75
0, 3441, 3.0
0, 3442, 3.25
0, 3443, 3.5
0, 3444, 3.75
0, 3445, 4.0
0, 3446, 4.25
0, 3447, 4.5
0, 3448, 4.75
0, 3449, 5.0
0, 3450, 5.25
0, 3451, 5.5
0, 3452, 5.75
0, 3453, 6.0
0, 3454, 6.25
0, 3455, 6.5
0, 3456, 6.75
0, 3457, 7.0
0, 3458, 7.25
0, 3459, 7.5
0, 3460, 7.75
0, 3461, 8.0
0, 3462, 8.25
0, 3463, 8.5
0, 3464, 8.75
0, 3465, 9.0
0, 3466, 8.75
0, 3467, 8.5
0, 3468, 8.25
0, 3469, 8.0
0, 3470, 7.75
0, 3471, 8.0
0, 3472, 8.25
0, 3473, 8.0
0, 3474, 7.75
0, 3475, 7.5
0, 3476, 7.25
0, 3477, 7.0
0, 3478, 6.75
0, 3479, 6.5
0, 3480, 6.25
0, 3481, 6.0
0, 3482, 5.75
0, 3483, 5.5
0, 3484, 5.25
0, 3485, 5.5
0, 3486, 5.25
0, 3487, 5.0
0, 3488, 4.75
0, 3489, 4.5
0, 3490, 4.25
0, 3491, 4.0
0, 3492, 3.75
0, 3493, 3.5
0, 3494, 3.25
0, 3495, 3.0
0, 3496, 2.75
0, 3497, 2.5
0, 3498, 2.25
0, 3499, 2.0
0, 3500, 1.75
0, 3501, 1.5
0, 3502, 1.25
0, 3503, 1.0
0, 3504, 0.75
0, 3505, 0.75
0, 3506, 0.75
0, 3507, 0.75
0, 3508, 0.75
0, 3509, 0.75
0, 3510, 0.75
0, 3511, 0.75
0, 3512, 0.75
0, 3513, 1.0
0, 3514, 1.25
0, 3515, 1.0
0, 3516, 0.75
0, 3517, 0.75
0, 3518, 0.75
0, 3519, 0.75
0, 3520, 1.0
0, 3521, 1.25
0, 3522, 1.0
0, 3523, 0.75
0, 3524, 1.0
0, 3525, 1.25
0, 3526, 1.5
0, 3527, 1.75
0, 3528, 2.0
0, 3529, 2.25
0, 3530, 2.5
0, 3531, 2.75
0, 3532, 3.0
0, 3533, 3.25
0, 3534, 3.5
0, 3535, 3.75
0, 3536, 4.0
0, 3537, 4.25
0, 3538, 4.5
0, 3539, 4.75
0, 3540, 5.0
0, 3541, 5.25
0, 3542, 5.5
0, 3543, 5.75
0, 3544, 6.0
0, 3545, 6.25
0, 3546, 6.5
0, 3547, 6.75
0, 3548, 7.0
0, 3549, 7.25
0, 3550, 7.5
0, 3551, 7.75
0, 3552, 8.0
0, 3553, 8.25
0, 3554, 8.5
0, 3555, 8.75
0, 3556, 9.0
0, 3557, 9.25
0, 3558, 9.5
0, 3559, 9.75
0, 3560, 10.0
0, 3561, 10.25
0, 3562, 10.5
0, 3563, 10.75
0, 3564, 11.0
0, 3565, 11.25
0, 3566, 11.5
0, 3567, 11.75
0, 3568, 12.0
0, 3569, 12.25
0, 3570, 12.5
0, 3571, 12.25
0, 3572, 12.0
0, 3573, 11.75
0, 3574, 11.5
0, 3575, 11.25
0, 3576, 11.5
0, 3577, 11.75
0, 3578, 11.5
0, 3579, 11.25
0, 3580, 11.0
0, 3581, 10.75
0, 3582, 10.5
0, 3583, 10.25
0, 3584, 10.0
0, 3585, 9.75
0, 3586, 9.5
0, 3587, 9.25
0, 3588, 9.0
0, 3589, 8.75
0, 3590, 8.5
0, 3591, 8.25
0, 3592, 8.0
0, 3593, 7.75
0, 3594, 7.5
0, 3595, 7.25
0, 3596, 7.0
0, 3597, 6.75
0, 3598, 6.5
0, 3599, 6.25
0, 3600, 6.0
0, 3601, 5.75
0, 3602, 5.5
0, 3603, 5.25
0, 3604, 5.0
0, 3605, 4.75
0, 3606, 4.5
0, 3607, 4.25
0, 3608, 4.0
0, 3609, 3.75
0, 3610, 3.5
0, 3611, 3.25
0, 3612, 3.0
0, 3613, 2.75
0, 3614, 2.5
0, 3615, 2.25
0, 3616, 2.0
0, 3617, 1.75
0, 3618, 1.5
0, 3619, 1.25
0, 3620, 1.0
0, 3621, 0.75
0, 3622, 0.75
0, 3623, 0.75
0, 3624, 0.75
0, 3625, 0.75
0, 3626, 0.75
0, 3627, 0.75
0, 3628, 0.75
0, 3629, 0.75
0, 3630, 0.75
0, 3631, 0.75
0, 3632, 0.75
0, 3633, 0.75
0, 3634, 0.75
0, 3635, 0.75
0, 3636, 0.75
0, 3637, 0.75
0, 3638, 0.75
0, 3639, 0.75
0, 3640, 0.75
0, 3641, 0.75
0, 3642, 0.75
0, 3643, 0.75
0, 3644, 0.75
0, 3645, 0.75
0, 3646, 1.0
0, 3647, 1.25
0, 3648, 1.0
0, 3649, 0.75
0, 3650, 0.75
0, 3651, 0.75
0, 3652, 0.75
0, 3653, 1.0
0, 3654, 1.25
0, 3655, 1.0
0, 3656, 0.75
0, 3657, 0.75
0, 3658, 0.75
0, 3659, 0.75
0, 3660, 1.0
0, 3661, 1.25
0, 3662, 1.5
0, 3663, 1.75
0, 3664, 2.0
0, 3665, 2.25
0, 3666, 2.5
0, 3667, 2.75
0, 3668, 3.0
0, 3669, 3.25
0, 3670, 3.5
0, 3671, 3.75
0, 3672, 4.0
0, 3673, 4.25
0, 3674, 4.5
0, 3675, 4.75
0, 3676, 5.0
0, 3677, 5.25
0, 3678, 5.5
0, 3679, 5.75
0, 3680, 6.0
0, 3681, 6.25
0, 3682, 6.5
0, 3683, 6.75
0, 3684, 7.0
0, 3685, 7.25
0, 3686, 7.5
0, 3687, 7.75
0, 3688, 8.0
0, 3689, 8.25
0, 3690, 8.5
0, 3691, 8.25
0, 3692, 8.0
0, 3693, 7.75
0, 3694, 7.5
0, 3695, 7.75
0, 3696, 8.0
0, 3697, 7.75
0, 3698, 7.5
0, 3699, 7.25
0, 3700, 7.0
0, 3701, 6.75
0, 3702, 6.5
0, 3703, 6.25
0, 3704, 6.0
0, 3705, 5.75
0, 3706, 5.5
0, 3707, 5.25
0, 3708, 5.0
0, 3709, 4.75
0, 3710, 4.5
0, 3711, 4.25
0, 3712, 4.0
0, 3713, 3.75
0, 3714, 3.5
0, 3715, 3.25
0, 3716, 3.0
0, 3717, 2.75
0, 3718, 2.5
0, 3719, 2.25
0, 3720, 2.0
0, 3721, 1.75
0, 3722, 1.5
0, 3723, 1.25
0, 3724, 1.0
0, 3725, 0.75
0, 3726, 0.75
0, 3727, 0.75
0, 3728, 0.75
0, 3729, 0.75
0, 3730, 0.75
0, 3731, 0.75
0, 3732, 0.75
0, 3733, 0.75
0, 3734, 0.75
0, 3735, 0.75
0, 3736, 0.75
0, 3737, 0.75
0, 3738, 0.75
0, 3739, 0.75
0, 3740, 0.75
0, 3741, 0.75
0, 3742, 0.75
0, 3743, 0.75
0, 3744, 0.75
0, 3745, 0.75
0, 3746, 0.75
0, 3747, 0.75
0, 3748, 0.75
0, 3749, 0.75
0, 3750, 0.75
0, 3751, 1.0
0, 3752, 1.25
0, 3753, 1.0
0, 3754, 0.75
0, 3755, 0.75
0, 3756, 0.75
0, 3757, 0.75
0, 3758, 1.0
0, 3759, 1.25
0, 3760, 1.0
0, 3761, 0.75
0, 3762, 0.75
0, 3763, 0.75
0, 3764, 0.75
0, 3765, 1.0
0, 3766, 1.25
0, 3767, 1.0
0, 3768, 0.75
0, 3769, 1.0
0, 3770, 1.25
0, 3771, 1.5
0, 3772, 1.75
0, 3773, 2.0
0, 3774, 2.25
0, 3775, 2.5
0, 3776, 2.75
0, 3777, 3.0
0, 3778, 3.25
0, 3779, 3.5
0, 3780, 3.75
0, 3781, 4.0
0, 3782, 4.25
0, 3783, 4.5
0, 3784, 4.75
0, 3785, 5.0
0, 3786, 5.25
0, 3787, 5.5
0, 3788, 5.75
0, 3789, 6.0
0, 3790, 6.25
0, 3791, 6.5
0, 3792, 6.75
0, 3793, 7.0
0, 3794, 7.25
0, 3795, 7.5
0, 3796, 7.75
0, 3797, 7.5
0, 3798, 7.25
0, 3799, 7.0
0, 3800, 7.25
0, 3801, 7.5
0, 3802, 7.25
0, 3803, 7.0
0, 3804, 6.75
0, 3805, 6.5
0, 3806, 6.25
0, 3807, 6.0
0, 3808, 5.75
0, 3809, 5.5
0, 3810, 5.25
0, 3811, 5.0
0, 3812, 4.75
0, 3813, 4.5
0, 3814, 4.25
0, 3815, 4.0
0, 3816, 3.75
0, 3817, 3.5
0, 3818, 3.25
0, 3819, 3.0
0, 3820, 2.75
0, 3821, 3.0
0, 3822, 3.25
0, 3823, 3.0
0, 3824, 2.75
0, 3825, 2.5
0, 3826, 2.25
0, 3827, 2.0
0, 3828, 2.25
0, 3829, 2.5
0, 3830, 2.25
0, 3831, 2.5
0, 3832, 2.75
0, 3833, 3.0
0, 3834, 3.25
0, 3835, 3.5
0, 3836, 3.75
0, 3837, 4.0
0, 3838, 4.25
0, 3839, 4.5
0, 3840, 4.75
0, 3841, 5.0
0, 3842, 5.25
0, 3843, 5.5
0, 3844, 5.75
0, 3845, 6.0
0, 3846, 6.25
0, 3847, 6.5
0, 3848, 6.75
0, 3849, 7.0
0, 3850, 7.25
0, 3851, 7.5
0, 3852, 7.75
0, 3853, 8.0
0, 3854, 8.25
0, 3855, 8.5
0, 3856, 8.75
0, 3857, 9.0
0, 3858, 8.75
0, 3859, 8.5
0, 3860, 8.75
0, 3861, 8.5
0, 3862, 8.25
0, 3863, 8.5
0, 3864, 8.75
0, 3865, 8.5
0, 3866, 8.25
0, 3867, 8.0
0, 3868, 7.75
0, 3869, 7.5
0, 3870, 7.25
0, 3871, 7.0
0, 3872, 6.75
0, 3873, 6.5
0, 3874, 6.25
0, 3875, 6.0
0, 3876, 5.75
0, 3877, 5.5
0, 3878, 5.25
0, 3879, 5.0
0, 3880, 4.75
0, 3881, 4.5
0, 3882, 4.25
0, 3883, 4.0
0, 3884, 3.75
0, 3885, 3.5
0, 3886, 3.25
0, 3887, 3.0
0, 3888, 2.75
0, 3889, 2.5
0, 3890, 2.25
0, 3891, 2.0
0, 3892, 1.75
0, 3893, 1.5
0, 3894, 1.25
0, 3895, 1.0
0, 3896, 0.75
0, 3897, 0.75
0, 3898, 1.0
0, 3899, 1.25
0, 3900, 1.0
0, 3901, 0.75
0, 3902, 1.0
0, 3903, 0.75
0, 3904, 0.75
0, 3905, 1.0
0, 3906, 1.25
0, 3907, 1.0
0, 3908, 0.75
0, 3909, 0.75
0, 3910, 1.0
0, 3911, 1.25
0, 3912, 1.5
0, 3913, 1.75
0, 3914, 2.0
0, 3915, 2.25
0, 3916, 2.5
0, 3917, 2.75
0, 3918, 3.0
0, 3919, 3.25
0, 3920, 3.5
0, 3921, 3.75
0, 3922, 4.0
0, 3923, 4.25
0, 3924, 4.5
0, 3925, 4.75
0, 3926, 5.0
0, 3927, 5.25
0, 3928, 5.5
0, 3929, 5.75
0, 3930, 6.0
0, 3931, 6.25
0, 3932, 6.5
0, 3933, 6.75
0, 3934, 7.0
0, 3935, 7.25
0, 3936, 7.5
0, 3937, 7.75
0, 3938, 8.0
0, 3939, 8.25
0, 3940, 8.5
0, 3941, 8.75
0, 3942, 9.0
0, 3943, 9.25
0, 3944, 9.5
0, 3945, 9.75
0, 3946, 10.0
0, 3947, 10.25
0, 3948, 10.5
0, 3949, 10.25
0, 3950, 10.0
0, 3951, 9.75
0, 3952, 9.5
0, 3953, 9.25
0, 3954, 9.0
0, 3955, 8.75
0, 3956, 8.5
0, 3957, 8.25
0, 3958, 8.0
0, 3959, 7.75
0, 3960, 7.5
0, 3961, 7.25
0, 3962, 7.0
0, 3963, 6.75
0, 3964, 6.5
0, 3965, 6.25
0, 3966, 6.0
0, 3967, 5.75
0, 3968, 5.5
0, 3969, 5.25
0, 3970, 5.0
0, 3971, 4.75
0, 3972, 4.5
0, 3973, 4.25
0, 3974, 4.0
0, 3975, 3.75
0, 3976, 3.5
0, 3977, 3.25
0, 3978, 3.0
0, 3979, 2.75
0, 3980, 2.5
0, 3981, 2.25
0, 3982, 2.0
0, 3983, 1.75
0, 3984, 1.5
0, 3985, 1.25
0, 3986, 1.0
0, 3987, 0.75
0, 3988, 1.0
0, 3989, 1.25
0, 3990, 1.5
0, 3991, 1.75
0, 3992, 2.0
0, 3993, 2.25
0, 3994, 2.5
0, 3995, 2.75
0, 3996, 3.0
0, 3997, 3.25
0, 3998, 3.5
0, 3999, 3.75
0, 4000, 4.0
0, 4001, 4.25
0, 4002, 4.5
0, 4003, 4.75
0, 4004, 5.0
0, 4005, 5.25
0, 4006, 5.5
0, 4007, 5.75
0, 4008, 6.0
0, 4009, 6.25
0, 4010, 6.5
0, 4011, 6.75
0, 4012, 7.0
0, 4013, 7.25
0, 4014, 7.5
0, 4015, 7.75
0, 4016, 8.0
0, 4017, 8.25
0, 4018, 8.5
0, 4019, 8.75
0, 4020, 9.0
0, 4021, 9.25
0, 4022, 9.5
0, 4023, 9.75
0, 4024, 10.0
0, 4025, 10.25
0, 4026, 10.5
0, 4027, 10.75
0, 4028, 11.0
0, 4029, 11.25
0, 4030, 11.5
0, 4031, 11.75
0, 4032, 12.0
0, 4033, 11.75
0, 4034, 11.5
0, 4035, 11.25
0, 4036, 11.0
0, 4037, 10.75
0, 4038, 10.5
0, 4039, 10.25
0, 4040, 10.0
0, 4041, 9.75
0, 4042, 9.5
0, 4043, 9.25
0, 4044, 9.0
0, 4045, 8.75
0, 4046, 8.5
0, 4047, 8.25
0, 4048, 8.0
0, 4049, 7.75
0, 4050, 7.5
0, 4051, 7.25
0, 4052, 7.0
0, 4053, 6.75
0, 4054, 6.5
0, 4055, 6.25
0, 4056, 6.0
0, 4057, 5.75
0, 4058, 5.5
0, 4059, 5.25
0, 4060, 5.0
0, 4061, 4.75
0, 4062, 4.5
0, 4063, 4.25
0, 4064, 4.0
0, 4065, 3.75
0, 4066, 3.5
0, 4067, 3.25
0, 4068, 3.0
0, 4069, 2.75
0, 4070, 2.5
0, 4071, 2.25
0, 4072, 2.0
0, 4073, 1.75
0, 4074, 1.5
0, 4075, 1.25
0, 4076, 1.0
0, 4077, 0.75
0, 4078, 0.75
0, 4079, 0.75
0, 4080, 0.75
0, 4081, 0.75
0, 4082, 0.75
0, 4083, 0.75
0, 4084, 0.75
0, 4085, 0.75
0, 4086, 0.75
0, 4087, 0.75
0, 4088, 0.75
0, 4089, 0.75
0, 4090, 0.75
0, 4091, 0.75
0, 4092, 0.75
0, 4093, 0.75
0, 4094, 0.75
0, 4095, 0.75
0, 4096, 0.75
0, 4097, 0.75
0, 4098, 0.75
0, 4099, 0.75
0, 4100, 0.75
0, 4101, 0.75
0, 4102, 0.75
0, 4103, 0.75
0, 4104, 0.75
0, 4105, 0.75
0, 4106, 0.75
0, 4107, 0.75
0, 4108, 1.0
0, 4109, 1.25
0, 4110, 1.0
0, 4111, 0.75
0, 4112, 0.75
0, 4113, 1.0
0, 4114, 1.25
0, 4115, 1.5
0, 4116, 1.75
0, 4117, 2.0
0, 4118, 2.25
0, 4119, 2.5
0, 4120, 2.75
0, 4121, 3.0
0, 4122, 3.25
0, 4123, 3.5
0, 4124, 3.75
0, 4125, 4.0
0, 4126, 4.25
0, 4127, 4.5
0, 4128, 4.75
0, 4129, 5.0
0, 4130, 5.25
0, 4131, 5.5
0, 4132, 5.75
0, 4133, 6.0
0, 4134, 6.25
0, 4135, 6.5
0, 4136, 6.75
0, 4137, 7.0
0, 4138, 7.25
0, 4139, 7.5
0, 4140, 7.75
0, 4141, 8.0
0, 4142, 8.25
0, 4143, 8.5
0, 4144, 8.75
0, 4145, 9.0
0, 4146, 9.25
0, 4147, 9.5
0, 4148, 9.75
0, 4149, 10.0
0, 4150, 10.25
0, 4151, 10.5
0, 4152, 10.75
0, 4153, 10.5
0, 4154, 10.25
0, 4155, 10.0
0, 4156, 9.75
0, 4157, 9.5
0, 4158, 9.25
0, 4159, 9.0
0, 4160, 8.75
0, 4161, 8.5
0, 4162, 8.25
0, 4163, 8.0
0, 4164, 7.75
0, 4165, 7.5
0, 4166, 7.25
0, 4167, 7.0
0, 4168, 6.75
0, 4169, 6.5
0, 4170, 6.25
0, 4171, 6.0
0, 4172, 5.75
0, 4173, 5.5
0, 4174, 5.25
0, 4175, 5.0
0, 4176, 4.75
0, 4177, 4.5
0, 4178, 4.25
0, 4179, 4.0
0, 4180, 3.75
0, 4181, 3.5
0, 4182, 3.25
0, 4183, 3.0
0, 4184, 2.75
0, 4185, 2.5
0, 4186, 2.25
0, 4187, 2.0
0, 4188, 1.75
0, 4189, 1.5
0, 4190, 1.25
0, 4191, 1.0
0, 4192, 0.75
0, 4193, 0.75
0, 4194, 0.75
0, 4195, 0.75
0, 4196, 0.75
0, 4197, 0.75
0, 4198, 0.75
0, 4199, 0.75
0, 4200, 0.75
0, 4201, 0.75
0, 4202, 0.75
0, 4203, 0.75
0, 4204, 0.75
0, 4205, 0.75
0, 4206, 0.75
0, 4207, 0.75
0, 4208, 0.75
0, 4209, 0.75
0, 4210, 0.75
0, 4211, 0.75
0, 4212, 0.75
0, 4213, 0.75
0, 4214, 0.75
0, 4215, 0.75
0, 4216, 0.75
0, 4217, 0.75
0, 4218, 0.75
0, 4219, 0.75
0, 4220, 1.0
0, 4221, 1.25
0, 4222, 1.5
0, 4223, 1.75
0, 4224, 2.0
0, 4225, 2.25
0, 4226, 2.5
0, 4227, 2.75
0, 4228, 3.0
0, 4229, 3.25
0, 4230, 3.5
0, 4231, 3.75
0, 4232, 4.0
0, 4233, 4.25
0, 4234, 4.5
0, 4235, 4.75
0, 4236, 5.0
0, 4237, 5.25
0, 4238, 5.5
0, 4239, 5.75
0, 4240, 6.0
0, 4241, 6.25
0, 4242, 6.5
0, 4243, 6.75
0, 4244, 7.0
0, 4245, 7.25
0, 4246, 7.5
0, 4247, 7.75
0, 4248, 8.0
0, 4249, 8.25
0, 4250, 8.5
0, 4251, 8.75
0, 4252, 9.0
0, 4253, 9.25
0, 4254, 9.5
0, 4255, 9.75
0, 4256, 10.0
0, 4257, 10.25
0, 4258, 10.5
0, 4259, 10.75
0, 4260, 11.0
0, 4261, 11.25
0, 4262, 11.5
0, 4263, 11.75
0, 4264, 12.0
0, 4265, 12.25
0, 4266, 12.0
0, 4267, 11.75
0, 4268, 11.5
0, 4269, 11.75
0, 4270, 11.5
0, 4271, 11.25
0, 4272, 11.0
0, 4273, 10.75
0, 4274, 10.5
0, 4275, 10.25
0, 4276, 10.0
0, 4277, 9.75
0, 4278, 9.5
0, 4279, 9.25
0, 4280, 9.0
0, 4281, 8.75
0, 4282, 8.5
0, 4283, 8.25
0, 4284, 8.0
0, 4285, 7.75
0, 4286, 7.5
0, 4287, 7.25
0, 4288, 7.0
0, 4289, 6.75
0, 4290, 6.5
0, 4291, 6.25
0, 4292, 6.0
0, 4293, 5.75
0, 4294, 5.5
0, 4295, 5.25
0, 4296, 5.0
0, 4297, 4.75
0, 4298, 4.5
0, 4299, 4.25
0, 4300, 4.0
0, 4301, 3.75
0, 4302, 3.5
0, 4303, 3.25
0, 4304, 3.0
0, 4305, 2.75
0, 4306, 2.5
0, 4307, 2.25
0, 4308, 2.0
0, 4309, 1.75
0, 4310, 1.5
0, 4311, 1.25
0, 4312, 1.0
0, 4313, 0.75
0, 4314, 0.75
0, 4315, 0.75
0, 4316, 0.75
0, 4317, 0.75
0, 4318, 1.0
0, 4319, 1.25
0, 4320, 1.0
0, 4321, 0.75
0, 4322, 1.0
0, 4323, 1.25
0, 4324, 1.5
0, 4325, 1.75
0, 4326, 2.0
0, 4327, 2.25
0, 4328, 2.5
0, 4329, 2.75
0, 4330, 3.0
0, 4331, 3.25
0, 4332, 3.5
0, 4333, 3.75
0, 4334, 4.0
0, 4335, 4.25
0, 4336, 4.5
0, 4337, 4.75
0, 4338, 5.0
0, 4339, 5.25
0, 4340, 5.5
0, 4341, 5.75
0, 4342, 6.0
0, 4343, 6.25
0, 4344, 6.5
0, 4345, 6.75
0, 4346, 7.0
0, 4347, 7.25
0, 4348, 7.5
0, 4349, 7.75
0, 4350, 8.0
0, 4351, 8.25
0, 4352, 8.5
0, 4353, 8.75
0, 4354, 9.0
0, 4355, 9.25
0, 4356, 9.5
0, 4357, 9.75
0, 4358, 10.0
0, 4359, 10.25
0, 4360, 10.5
0, 4361, 10.75
0, 4362, 11.0
0, 4363, 11.25
0, 4364, 11.0
0, 4365, 10.75
0, 4366, 10.5
0, 4367, 10.75
0, 4368, 11.0
0, 4369, 10.75
0, 4370, 10.5
0, 4371, 10.25
0, 4372, 10.0
0, 4373, 9.75
0, 4374, 9.5
0, 4375, 9.25
0, 4376, 9.0
0, 4377, 8.75
0, 4378, 8.5
0, 4379, 8.25
0, 4380, 8.0
0, 4381, 7.75
0, 4382, 7.5
0, 4383, 7.25
0, 4384, 7.0
0, 4385, 6.75
0, 4386, 6.5
0, 4387, 6.25
0, 4388, 6.0
0, 4389, 5.75
0, 4390, 5.5
0, 4391, 5.25
0, 4392, 5.0
0, 4393, 4.75
0, 4394, 4.5
0, 4395, 4.25
0, 4396, 4.0
0, 4397, 3.75
0, 4398, 3.5
0, 4399, 3.25
0, 4400, 3.0
0, 4401, 2.75
0, 4402, 2.5
0, 4403, 2.25
0, 4404, 2.0
0, 4405, 1.75
0, 4406, 1.5
0, 4407, 1.25
0, 4408, 1.0
0, 4409, 0.75
0, 4410, 0.75
0, 4411, 0.75
0, 4412, 0.75
0, 4413, 0.75
0, 4414, 0.75
0, 4415, 0.75
0, 4416, 0.75
0, 4417, 0.75
0, 4418, 0.75
0, 4419, 0.75
0, 4420, 0.75
0, 4421, 0.75
0, 4422, 0.75
0, 4423, 0.75
0, 4424, 0.75
0, 4425, 0.75
0, 4426, 0.75
0, 4427, 0.75
0, 4428, 0.75
0, 4429, 0.75
0, 4430, 0.75
0, 4431, 0.75
0, 4432, 0.75
0, 4433, 0.75
0, 4434, 0.75
0, 4435, 0.75
0, 4436, 0.75
0, 4437, 0.75
0, 4438, 0.75
0, 4439, 0.75
0, 4440, 0.75
0, 4441, 0.75
0, 4442, 0.75
0, 4443, 0.75
0, 4444, 1.0
0, 4445, 1.25
0, 4446, 1.5
0, 4447, 1.25
0, 4448, 1.5
0, 4449, 1.75
0, 4450, 2.0
0, 4451, 2.25
0, 4452, 2.5
0, 4453, 2.75
0, 4454, 3.0
0, 4455, 3.25
0, 4456, 3.5
0, 4457, 3.75
0, 4458, 4.0
0, 4459, 4.25
0, 4460, 4.5
0, 4461, 4.75
0, 4462, 5.0
0, 4463, 5.25
0, 4464, 5.5
0, 4465, 5.75
0, 4466, 6.0
0, 4467, 6.25
0, 4468, 6.5
0, 4469, 6.75
0, 4470, 7.0
0, 4471, 7.25
0, 4472, 7.5
0, 4473, 7.75
0, 4474, 8.0
0, 4475, 8.25
0, 4476, 8.5
0, 4477, 8.75
0, 4478, 9.0
0, 4479, 9.25
0, 4480, 9.5
0, 4481, 9.75
0, 4482, 10.0
0, 4483, 10.25
0, 4484, 10.5
0, 4485, 10.75
0, 4486, 11.0
0, 4487, 11.25
0, 4488, 11.5
0, 4489, 11.75
0, 4490, 12.0
0, 4491, 12.25
0, 4492, 12.5
0, 4493, 12.75
0, 4494, 13.0
0, 4495, 12.75
0, 4496, 12.5
0, 4497, 12.25
0, 4498, 12.0
0, 4499, 11.75
0, 4500, 11.5
0, 4501, 11.25
0, 4502, 11.0
0, 4503, 10.75
0, 4504, 10.5
0, 4505, 10.25
0, 4506, 10.0
0, 4507, 9.75
0, 4508, 9.5
0, 4509, 9.25
0, 4510, 9.0
0, 4511, 8.75
0, 4512, 8.5
0, 4513, 8.25
0, 4514, 8.0
0, 4515, 7.75
0, 4516, 7.5
0, 4517, 7.25
0, 4518, 7.0
0, 4519, 6.75
0, 4520, 6.5
0, 4521, 6.25
0, 4522, 6.0
0, 4523, 5.75
0, 4524, 5.5
0, 4525, 5.25
0, 4526, 5.0
0, 4527, 4.75
0, 4528, 5.0
0, 4529, 5.25
0, 4530, 5.0
0, 4531, 5.25
0, 4532, 5.5
0, 4533, 5.75
0, 4534, 6.0
0, 4535, 6.25
0, 4536, 6.5
0, 4537, 6.75
0, 4538, 7.0
0, 4539, 7.25
0, 4540, 7.5
0, 4541, 7.75
0, 4542, 8.0
0, 4543, 8.25
0, 4544, 8.5
0, 4545, 8.75
0, 4546, 9.0
0, 4547, 9.25
0, 4548, 9.5
0, 4549, 9.75
0, 4550, 10.0
0, 4551, 10.25
0, 4552, 10.5
0, 4553, 10.75
0, 4554, 11.0
0, 4555, 11.25
0, 4556, 11.5
0, 4557, 11.75
0, 4558, 12.0
0, 4559, 12.25
0, 4560, 12.5
0, 4561, 12.75
0, 4562, 13.0
0, 4563, 13.25
0, 4564, 13.5
0, 4565, 13.25
0, 4566, 13.0
0, 4567, 12.75
0, 4568, 12.5
0, 4569, 12.25
0, 4570, 12.0
0, 4571, 11.75
0, 4572, 11.5
0, 4573, 11.25
0, 4574, 11.0
0, 4575, 10.75
0, 4576, 10.5
0, 4577, 10.25
0, 4578, 10.0
0, 4579, 9.75
0, 4580, 9.5
0, 4581, 9.25
0, 4582, 9.0
0, 4583, 8.75
0, 4584, 8.5
0, 4585, 8.25
0, 4586, 8.0
0, 4587, 7.75
0, 4588, 7.5
0, 4589, 7.25
0, 4590, 7.0
0, 4591, 6.75
0, 4592, 6.5
0, 4593, 6.25
0, 4594, 6.0
0, 4595, 5.75
0, 4596, 5.5
0, 4597, 5.25
0, 4598, 5.0
0, 4599, 4.75
0, 4600, 4.5
0, 4601, 4.25
0, 4602, 4.0
0, 4603, 3.75
0, 4604, 3.5
0, 4605, 3.25
0, 4606, 3.0
0, 4607, 2.75
0, 4608, 2.5
0, 4609, 2.25
0, 4610, 2.0
0, 4611, 1.75
0, 4612, 1.5
0, 4613, 1.25
0, 4614, 1.0
0, 4615, 0.75
0, 4616, 0.75
0, 4617, 0.75
0, 4618, 0.75
0, 4619, 0.75
0, 4620, 0.75
0, 4621, 0.75
0, 4622, 0.75
0, 4623, 0.75
0, 4624, 0.75
0, 4625, 0.75
0, 4626, 1.0
0, 4627, 1.25
0, 4628, 1.0
0, 4629, 0.75
0, 4630, 0.75
0, 4631, 0.75
0, 4632, 1.0
0, 4633, 1.25
0, 4634, 1.5
0, 4635, 1.75
0, 4636, 2.0
0, 4637, 2.25
0, 4638, 2.5
0, 4639, 2.75
0, 4640, 3.0
0, 4641, 3.25
0, 4642, 3.5
0, 4643, 3.75
0, 4644, 4.0
0, 4645, 4.25
0, 4646, 4.5
0, 4647, 4.75
0, 4648, 5.0
0, 4649, 5.25
0, 4650, 5.5
0, 4651, 5.75
0, 4652, 6.0
0, 4653, 6.25
0, 4654, 6.5
0, 4655, 6.75
0, 4656, 7.0
0, 4657, 7.25
0, 4658, 7.5
0, 4659, 7.75
0, 4660, 8.0
0, 4661, 8.25
0, 4662, 8.5
0, 4663, 8.75
0, 4664, 9.0
0, 4665, 9.25
0, 4666, 9.5
0, 4667, 9.75
0, 4668, 10.0
0, 4669, 10.25
0, 4670, 10.5
0, 4671, 10.75
0, 4672, 11.0
0, 4673, 11.25
0, 4674, 11.5
0, 4675, 11.75
0, 4676, 12.0
0, 4677, 12.25
0, 4678, 12.5
0, 4679, 12.75
0, 4680, 13.0
0, 4681, 13.25
0, 4682, 13.5
0, 4683, 13.75
0, 4684, 14.0
0, 4685, 14.25
0, 4686, 14.5
0, 4687, 14.75
0, 4688, 15.0
0, 4689, 15.25
0, 4690, 15.5
0, 4691, 15.75
0, 4692, 16.0
0, 4693, 16.25
0, 4694, 16.0
0, 4695, 15.75
0, 4696, 16.0
0, 4697, 15.75
0, 4698, 15.5
0, 4699, 15.25
0, 4700, 15.0
0, 4701, 14.75
0, 4702, 14.5
0, 4703, 14.25
0, 4704, 14.0
0, 4705, 13.75
0, 4706, 13.5
0, 4707, 13.25
0, 4708, 13.0
0, 4709, 12.75
0, 4710, 12.5
0, 4711, 12.25
0, 4712, 12.0
0, 4713, 11.75
0, 4714, 11.5
0, 4715, 11.25
0, 4716, 11.0
0, 4717, 10.75
0, 4718, 10.5
0, 4719, 10.25
0, 4720, 10.0
0, 4721, 9.75
0, 4722, 9.5
0, 4723, 9.25
0, 4724, 9.0
0, 4725, 8.75
0, 4726, 8.5
0, 4727, 8.25
0, 4728, 8.0
0, 4729, 7.75
0, 4730, 7.5
0, 4731, 7.25
0, 4732, 7.0
0, 4733, 6.75
0, 4734, 6.5
0, 4735, 6.25
0, 4736, 6.0
0, 4737, 5.75
0, 4738, 5.5
0, 4739, 5.25
0, 4740, 5.0
0, 4741, 4.75
0, 4742, 4.5
0, 4743, 4.25
0, 4744, 4.0
0, 4745, 3.75
0, 4746, 3.5
0, 4747, 3.25
0, 4748, 3.0
0, 4749, 2.75
0, 4750, 2.5
0, 4751, 2.25
0, 4752, 2.0
0, 4753, 1.75
0, 4754, 1.5
0, 4755, 1.75
0, 4756, 2.0
0, 4757, 2.25
0, 4758, 2.5
0, 4759, 2.75
0, 4760, 3.0
0, 4761, 3.25
0, 4762, 3.5
0, 4763, 3.75
0, 4764, 4.0
0, 4765, 4.25
0, 4766, 4.5
0, 4767, 4.75
0, 4768, 5.0
0, 4769, 5.25
0, 4770, 5.5
0, 4771, 5.75
0, 4772, 6.0
0, 4773, 6.25
0, 4774, 6.5
0, 4775, 6.75
0, 4776, 7.0
0, 4777, 7.25
0, 4778, 7.5
0, 4779, 7.75
0, 4780, 8.0
0, 4781, 8.25
0, 4782, 8.5
0, 4783, 8.75
0, 4784, 9.0
0, 4785, 9.25
0, 4786, 9.5
0, 4787, 9.75
0, 4788, 10.0
0, 4789, 10.25
0, 4790, 10.5
0, 4791, 10.75
0, 4792, 11.0
0, 4793, 11.25
0, 4794, 11.5
0, 4795, 11.75
0, 4796, 12.0
0, 4797, 12.25
0, 4798, 12.5
0, 4799, 12.75
0, 4800, 13.0
0, 4801, 13.25
0, 4802, 13.5
0, 4803, 13.75
0, 4804, 14.0
0, 4805, 14.25
0, 4806, 14.5
0, 4807, 14.75
0, 4808, 15.0
0, 4809, 15.25
0, 4810, 15.5
0, 4811, 15.75
0, 4812, 16.0
0, 4813, 16.25
0, 4814, 16.5
0, 4815, 16.75
0, 4816, 17.0
0, 4817, 17.25
0, 4818, 17.5
0, 4819, 17.75
0, 4820, 18.0
0, 4821, 18.25
0, 4822, 18.5
0, 4823, 18.75
0, 4824, 19.0
0, 4825, 19.25
0, 4826, 19.5
0, 4827, 19.75
0, 4828, 20.0
0, 4829, 20.25
0, 4830, 20.5
0, 4831, 20.75
0, 4832, 21.0
0, 4833, 21.25
0, 4834, 21.5
0, 4835, 21.75
0, 4836, 22.0
0, 4837, 22.25
0, 4838, 22.5
0, 4839, 22.75
0, 4840, 23.0
0, 4841, 23.25
0, 4842, 23.5
0, 4843, 23.75
0, 4844, 23.5
0, 4845, 23.25
0, 4846, 23.0
0, 4847, 22.75
0, 4848, 22.5
0, 4849, 22.25
0, 4850, 22.0
0, 4851, 21.75
0, 4852, 21.5
0, 4853, 21.25
0, 4854, 21.0
0, 4855, 20.75
0, 4856, 20.5
0, 4857, 20.25
0, 4858, 20.0
0, 4859, 19.75
0, 4860, 19.5
0, 4861, 19.25
0, 4862, 19.0
0, 4863, 18.75
0, 4864, 18.5
0, 4865, 18.25
0, 4866, 18.0
0, 4867, 17.75
0, 4868, 17.5
0, 4869, 17.25
0, 4870, 17.0
0, 4871, 16.75
0, 4872, 16.5
0, 4873, 16.25
0, 4874, 16.0
0, 4875, 15.75
0, 4876, 15.5
0, 4877, 15.25
0, 4878, 15.0
0, 4879, 14.75
0, 4880, 14.5
0, 4881, 14.25
0, 4882, 14.0
0, 4883, 13.75
0, 4884, 13.5
0, 4885, 13.25
0, 4886, 13.0
0, 4887, 12.75
0, 4888, 12.5
0, 4889, 12.25
0, 4890, 12.0
0, 4891, 11.75
0, 4892, 11.5
0, 4893, 11.25
0, 4894, 11.0
0, 4895, 10.75
0, 4896, 10.5
0, 4897, 10.25
0, 4898, 10.0
0, 4899, 9.75
0, 4900, 9.5
0, 4901, 9.25
0, 4902, 9.0
0, 4903, 8.75
0, 4904, 8.5
0, 4905, 8.25
0, 4906, 8.0
0, 4907, 7.75
0, 4908, 7.5
0, 4909, 7.25
0, 4910, 7.0
0, 4911, 6.75
0, 4912, 6.5
0, 4913, 6.25
0, 4914, 6.0
0, 4915, 5.75
0, 4916, 5.5
0, 4917, 5.25
0, 4918, 5.0
0, 4919, 4.75
0, 4920, 4.5
0, 4921, 4.25
0, 4922, 4.0
0, 4923, 3.75
0, 4924, 3.5
0, 4925, 3.25
0, 4926, 3.0
0, 4927, 2.75
0, 4928, 2.5
0, 4929, 2.25
0, 4930, 2.0
0, 4931, 1.75
0, 4932, 1.5
0, 4933, 1.25
0, 4934, 1.5
0, 4935, 1.75
0, 4936, 2.0
0, 4937, 2.25
0, 4938, 2.5
0, 4939, 2.75
0, 4940, 3.0
0, 4941, 3.25
0, 4942, 3.5
0, 4943, 3.75
0, 4944, 4.0
0, 4945, 4.25
0, 4946, 4.5
0, 4947, 4.75
0, 4948, 5.0
0, 4949, 5.25
0, 4950, 5.5
0, 4951, 5.75
0, 4952, 6.0
0, 4953, 6.25
0, 4954, 6.5
0, 4955, 6.75
0, 4956, 7.0
0, 4957, 7.25
0, 4958, 7.5
0, 4959, 7.75
0, 4960, 8.0
0, 4961, 8.25
0, 4962, 8.5
0, 4963, 8.75
0, 4964, 9.0
0, 4965, 9.25
0, 4966, 9.5
0, 4967, 9.75
0, 4968, 10.0
0, 4969, 10.25
0, 4970, 10.5
0, 4971, 10.75
0, 4972, 11.0
0, 4973, 11.25
0, 4974, 11.5
0, 4975, 11.75
0, 4976, 12.0
0, 4977, 12.25
0, 4978, 12.5
0, 4979, 12.75
0, 4980, 13.0
0, 4981, 13.25
0, 4982, 13.5
0, 4983, 13.75
0, 4984, 14.0
0, 4985, 14.25
0, 4986, 14.5
0, 4987, 14.75
0, 4988, 15.0
0, 4989, 15.25
0, 4990, 15.5
0, 4991, 15.75
0, 4992, 16.0
0, 4993, 16.25
0, 4994, 16.5
0, 4995, 16.75
0, 4996, 17.0
0, 4997, 17.25
0, 4998, 17.5
0, 4999, 17.75
