Replication, Day, Arrival Amount
0, 0, 30.0
0, 1, 30.25
0, 2, 30.5
0, 3, 30.75
0, 4, 31.0
0, 5, 31.25
0, 6, 31.5
0, 7, 31.75
0, 8, 32.0
0, 9, 32.25
0, 10, 32.5
0, 11, 32.75
0, 12, 33.0
0, 13, 33.25
0, 14, 33.5
0, 15, 33.75
0, 16, 34.0
0, 17, 34.25
0, 18, 34.5
0, 19, 34.75
0, 20, 35.0
0, 21, 35.25
0, 22, 35.5
0, 23, 35.75
0, 24, 36.0
0, 25, 36.25
0, 26, 36.5
0, 27, 36.75
0, 28, 37.0
0, 29, 37.25
0, 30, 37.5
0, 31, 37.75
0, 32, 38.0
0, 33, 38.25
0, 34, 38.5
0, 35, 38.75
0, 36, 39.0
0, 37, 39.25
0, 38, 39.5
0, 39, 39.75
0, 40, 40.0
0, 41, 40.25
0, 42, 40.5
0, 43, 40.75
0, 44, 41.0
0, 45, 41.25
0, 46, 41.5
0, 47, 41.75
0, 48, 42.0
0, 49, 42.25
0, 50, 42.5
0, 51, 42.75
0, 52, 43.0
0, 53, 43.25
0, 54, 43.5
0, 55, 43.75
0, 56, 44.0
0, 57, 44.25
0, 58, 44.5
0, 59, 44.75
0, 60, 45.0
0, 61, 45.25
0, 62, 45.5
0, 63, 45.75
0, 64, 46.0
0, 65, 46.25
0, 66, 46.5
0, 67, 46.75
0, 68, 47.0
0, 69, 47.25
0, 70, 47.5
0, 71, 47.75
0, 72, 48.0
0, 73, 48.25
0, 74, 48.5
0, 75, 48.75
0, 76, 49.0
0, 77, 49.25
0, 78, 49.5
0, 79, 49.75
0, 80, 50.0
0, 81, 50.25
0, 82, 50.5
0, 83, 50.75
0, 84, 51.0
0, 85, 51.25
0, 86, 51.5
0, 87, 51.75
0, 88, 52.0
0, 89, 52.25
0, 90, 52.5
0, 91, 52.75
0, 92, 53.0
0, 93, 53.25
0, 94, 53.5
0, 95, 53.75
0, 96, 54.0
0, 97, 54.25
0, 98, 54.5
0, 99, 54.75
0, 100, 55.0
0, 101, 55.25
0, 102, 55.5
0, 103, 55.75
0, 104, 56.0
0, 105, 56.25
0, 106, 56.5
0, 107, 56.75
0, 108, 57.0
0, 109, 57.25
0, 110, 57.5
0, 111, 57.75
0, 112, 58.0
0, 113, 58.25
0, 114, 58.5
0, 115, 58.75
0, 116, 59.0
0, 117, 59.25
0, 118, 59.5
0, 119, 59.75
0, 120, 60.0
0, 121, 60.25
0, 122, 60.5
0, 123, 60.75
0, 124, 61.0
0, 125, 61.25
0, 126, 61.5
0, 127, 61.75
0, 128, 62.0
0, 129, 62.25
0, 130, 62.5
0, 131, 62.75
0, 132, 63.0
0, 133, 63.25
0, 134, 63.5
0, 135, 63.75
0, 136, 64.0
0, 137, 64.25
0, 138, 64.5
0, 139, 64.75
0, 140, 65.0
0, 141, 65.25
0, 142, 65.5
0, 143, 65.75
0, 144, 66.0
0, 145, 66.25
0, 146, 66.5
0, 147, 66.75
0, 148, 67.0
0, 149, 67.25
0, 150, 67.5
0, 151, 67.75
0, 152, 68.0
0, 153, 68.25
0, 154, 68.5
0, 155, 68.75
0, 156, 69.0
0, 157, 69.25
0, 158, 69.5
0, 159, 69.75
0, 160, 70.0
0, 161, 70.25
0, 162, 70.5
0, 163, 70.75
0, 164, 71.0
0, 165, 71.25
0, 166, 71.5
0, 167, 71.75
0, 168, 72.0
0, 169, 72.25
0, 170, 72.5
0, 171, 72.75
0, 172, 73.0
0, 173, 73.25
0, 174, 73.5
0, 175, 73.75
0, 176, 74.0
0, 177, 74.25
0, 178, 74.5
0, 179, 74.75
0, 180, 75.0
0, 181, 75.25
0, 182, 75.5
0, 183, 75.75
0, 184, 76.0
0, 185, 76.25
0, 186, 76.5
0, 187, 76.75
0, 188, 77.0
0, 189, 77.25
0, 190, 77.5
0, 191, 77.75
0, 192, 78.0
0, 193, 78.25
0, 194, 78.5
0, 195, 78.75
0, 196, 79.0
0, 197, 79.25
0, 198, 79.5
0, 199, 79.75
0, 200, 80.0
0, 201, 80.25
0, 202, 80.5
0, 203, 80.75
0, 204, 81.0
0, 205, 81.25
0, 206, 81.5
0, 207, 81.75
0, 208, 82.0
0, 209, 82.25
0, 210, 82.5
0, 211, 82.75
0, 212, 83.0
0, 213, 83.25
0, 214, 83.5
0, 215, 83.75
0, 216, 84.0
0, 217, 84.25
0, 218, 84.5
0, 219, 84.75
0, 220, 85.0
0, 221, 85.25
0, 222, 85.5
0, 223, 85.75
0, 224, 86.0
0, 225, 86.25
0, 226, 86.5
0, 227, 86.75
0, 228, 87.0
0, 229, 87.25
0, 230, 87.5
0, 231, 87.75
0, 232, 87.5
0, 233, 87.25
0, 234, 87.0
0, 235, 87.25
0, 236, 87.5
0, 237, 87.75
0, 238, 87.5
0, 239, 87.25
0, 240, 87.0
0, 241, 86.75
0, 242, 86.5
0, 243, 86.25
0, 244, 86.0
0, 245, 85.75
0, 246, 85.5
0, 247, 85.25
0, 248, 85.0
0, 249, 84.75
0, 250, 84.5
0, 251, 84.25
0, 252, 84.0
0, 253, 83.75
0, 254, 83.5
0, 255, 83.25
0, 256, 83.0
0, 257, 82.75
0, 258, 82.5
0, 259, 82.25
0, 260, 82.0
0, 261, 81.75
0, 262, 81.5
0, 263, 81.25
0, 264, 81.0
0, 265, 80.75
0, 266, 80.5
0, 267, 80.25
0, 268, 80.0
0, 269, 79.75
0, 270, 79.5
0, 271, 79.25
0, 272, 79.0
0, 273, 78.75
0, 274, 78.5
0, 275, 78.25
0, 276, 78.0
0, 277, 77.75
0, 278, 77.5
0, 279, 77.25
0, 280, 77.0
0, 281, 76.75
0, 282, 76.5
0, 283, 76.25
0, 284, 76.0
0, 285, 75.75
0, 286, 75.5
0, 287, 75.25
0, 288, 75.0
0, 289, 74.75
0, 290, 74.5
0, 291, 74.25
0, 292, 74.0
0, 293, 73.75
0, 294, 73.5
0, 295, 73.25
0, 296, 73.0
0, 297, 72.75
0, 298, 72.5
0, 299, 72.25
0, 300, 72.0
0, 301, 71.75
0, 302, 71.5
0, 303, 71.25
0, 304, 71.0
0, 305, 70.75
0, 306, 70.5
0, 307, 70.25
0, 308, 70.0
0, 309, 69.75
0, 310, 69.5
0, 311, 69.25
0, 312, 69.0
0, 313, 68.75
0, 314, 68.5
0, 315, 68.25
0, 316, 68.0
0, 317, 67.75
0, 318, 67.5
0, 319, 67.25
0, 320, 67.0
0, 321, 66.75
0, 322, 66.5
0, 323, 66.25
0, 324, 66.0
0, 325, 65.75
0, 326, 65.5
0, 327, 65.25
0, 328, 65.0
0, 329, 64.75
0, 330, 64.5
0, 331, 64.25
0, 332, 64.0
0, 333, 63.75
0, 334, 63.5
0, 335, 63.25
0, 336, 63.0
0, 337, 62.75
0, 338, 62.5
0, 339, 62.25
0, 340, 62.0
0, 341, 61.75
0, 342, 61.5
0, 343, 61.25
0, 344, 61.0
0, 345, 60.75
0, 346, 60.5
0, 347, 60.25
0, 348, 60.0
0, 349, 59.75
0, 350, 59.5
0, 351, 59.25
0, 352, 59.0
0, 353, 58.75
0, 354, 58.5
0, 355, 58.25
0, 356, 58.0
0, 357, 57.75
0, 358, 57.5
0, 359, 57.25
0, 360, 57.0
0, 361, 56.75
0, 362, 56.5
0, 363, 56.25
0, 364, 56.0
0, 365, 55.75
0, 366, 55.5
0, 367, 55.25
0, 368, 55.0
0, 369, 54.75
0, 370, 54.5
0, 371, 54.25
0, 372, 54.0
0, 373, 53.75
0, 374, 53.5
0, 375, 53.25
0, 376, 53.0
0, 377, 52.75
0, 378, 52.5
0, 379, 52.25
0, 380, 52.0
0, 381, 51.75
0, 382, 51.5
0, 383, 51.25
0, 384, 51.0
0, 385, 50.75
0, 386, 50.5
0, 387, 50.25
0, 388, 50.0
0, 389, 49.75
0, 390, 49.5
0, 391, 49.25
0, 392, 49.0
0, 393, 48.75
0, 394, 48.5
0, 395, 48.25
0, 396, 48.0
0, 397, 47.75
0, 398, 47.5
0, 399, 47.25
0, 400, 47.0
0, 401, 46.75
0, 402, 46.5
0, 403, 46.25
0, 404, 46.0
0, 405, 45.75
0, 406, 45.5
0, 407, 45.25
0, 408, 45.0
0, 409, 44.75
0, 410, 44.5
0, 411, 44.25
0, 412, 44.0
0, 413, 43.75
0, 414, 43.5
0, 415, 43.25
0, 416, 43.0
0, 417, 42.75
0, 418, 42.5
0, 419, 42.25
0, 420, 42.0
0, 421, 41.75
0, 422, 41.5
0, 423, 41.25
0, 424, 41.0
0, 425, 40.75
0, 426, 40.5
0, 427, 40.25
0, 428, 40.0
0, 429, 39.75
0, 430, 39.5
0, 431, 39.75
0, 432, 40.0
0, 433, 40.25
0, 434, 40.5
0, 435, 40.75
0, 436, 41.0
0, 437, 41.25
0, 438, 41.5
0, 439, 41.75
0, 440, 42.0
0, 441, 42.25
0, 442, 42.5
0, 443, 42.75
0, 444, 43.0
0, 445, 43.25
0, 446, 43.5
0, 447, 43.75
0, 448, 44.0
0, 449, 44.25
0, 450, 44.5
0, 451, 44.75
0, 452, 45.0
0, 453, 45.25
0, 454, 45.5
0, 455, 45.75
0, 456, 46.0
0, 457, 46.25
0, 458, 46.5
0, 459, 46.75
0, 460, 47.0
0, 461, 47.25
0, 462, 47.5
0, 463, 47.75
0, 464, 48.0
0, 465, 48.25
0, 466, 48.5
0, 467, 48.75
0, 468, 49.0
0, 469, 49.25
0, 470, 49.5
0, 471, 49.75
0, 472, 50.0
0, 473, 50.25
0, 474, 50.5
0, 475, 50.75
0, 476, 51.0
0, 477, 51.25
0, 478, 51.5
0, 479, 51.75
0, 480, 52.0
0, 481, 52.25
0, 482, 52.5
0, 483, 52.75
0, 484, 53.0
0, 485, 53.25
0, 486, 53.5
0, 487, 53.75
0, 488, 54.0
0, 489, 54.25
0, 490, 54.5
0, 491, 54.75
0, 492, 55.0
0, 493, 55.25
0, 494, 55.5
0, 495, 55.75
0, 496, 56.0
0, 497, 56.25
0, 498, 56.5
0, 499, 56.75
0, 500, 57.0
0, 501, 57.25
0, 502, 57.5
0, 503, 57.75
0, 504, 58.0
0, 505, 58.25
0, 506, 58.5
0, 507, 58.75
0, 508, 59.0
0, 509, 59.25
0, 510, 59.5
0, 511, 59.75
0, 512, 60.0
0, 513, 60.25
0, 514, 60.5
0, 515, 60.75
0, 516, 61.0
0, 517, 61.25
0, 518, 61.5
0, 519, 61.75
0, 520, 62.0
0, 521, 62.25
0, 522, 62.5
0, 523, 62.75
0, 524, 63.0
0, 525, 63.25
0, 526, 63.5
0, 527, 63.75
0, 528, 64.0
0, 529, 64.25
0, 530, 64.5
0, 531, 64.75
0, 532, 65.0
0, 533, 65.25
0, 534, 65.5
0, 535, 65.75
0, 536, 66.0
0, 537, 66.25
0, 538, 66.5
0, 539, 66.75
0, 540, 67.0
0, 541, 67.25
0, 542, 67.5
0, 543, 67.75
0, 544, 68.0
0, 545, 68.25
0, 546, 68.5
0, 547, 68.75
0, 548, 69.0
0, 549, 69.25
0, 550, 69.5
0, 551, 69.75
0, 552, 70.0
0, 553, 70.25
0, 554, 70.5
0, 555, 70.75
0, 556, 71.0
0, 557, 71.25
0, 558, 71.5
0, 559, 71.75
0, 560, 72.0
0, 561, 72.25
0, 562, 72.5
0, 563, 72.75
0, 564, 73.0
0, 565, 73.25
0, 566, 73.5
0, 567, 73.75
0, 568, 74.0
0, 569, 74.25
0, 570, 74.5
0, 571, 74.75
0, 572, 75.0
0, 573, 75.25
0, 574, 75.5
0, 575, 75.75
0, 576, 76.0
0, 577, 76.25
0, 578, 76.5
0, 579, 76.75
0, 580, 77.0
0, 581, 77.25
0, 582, 77.5
0, 583, 77.75
0, 584, 78.0
0, 585, 78.25
0, 586, 78.5
0, 587, 78.75
0, 588, 79.0
0, 589, 79.25
0, 590, 79.5
0, 591, 79.75
0, 592, 80.0
0, 593, 80.25
0, 594, 80.5
0, 595, 80.75
0, 596, 81.0
0, 597, 81.25
0, 598, 81.5
0, 599, 81.75
0, 600, 82.0
0, 601, 82.25
0, 602, 82.5
0, 603, 82.75
0, 604, 83.0
0, 605, 83.25
0, 606, 83.5
0, 607, 83.75
0, 608, 84.0
0, 609, 84.25
0, 610, 84.5
0, 611, 84.75
0, 612, 85.0
0, 613, 85.25
0, 614, 85.5
0, 615, 85.75
0, 616, 86.0
0, 617, 86.25
0, 618, 86.5
0, 619, 86.75
0, 620, 87.0
0, 621, 87.25
0, 622, 87.5
0, 623, 87.75
0, 624, 87.5
0, 625, 87.75
0, 626, 88.0
0, 627, 88.25
0, 628, 88.5
0, 629, 88.75
0, 630, 88.5
0, 631, 88.25
0, 632, 88.0
0, 633, 87.75
0, 634, 87.5
0, 635, 87.25
0, 636, 87.0
0, 637, 86.75
0, 638, 86.5
0, 639, 86.25
0, 640, 86.0
0, 641, 85.75
0, 642, 85.5
0, 643, 85.25
0, 644, 85.0
0, 645, 84.75
0, 646, 84.5
0, 647, 84.25
0, 648, 84.0
0, 649, 83.75
0, 650, 83.5
0, 651, 83.25
0, 652, 83.0
0, 653, 82.75
0, 654, 82.5
0, 655, 82.25
0, 656, 82.0
0, 657, 81.75
0, 658, 81.5
0, 659, 81.25
0, 660, 81.0
0, 661, 80.75
0, 662, 80.5
0, 663, 80.25
0, 664, 80.0
0, 665, 79.75
0, 666, 79.5
0, 667, 79.25
0, 668, 79.0
0, 669, 78.75
0, 670, 78.5
0, 671, 78.25
0, 672, 78.0
0, 673, 77.75
0, 674, 77.5
0, 675, 77.25
0, 676, 77.0
0, 677, 76.75
0, 678, 76.5
0, 679, 76.25
0, 680, 76.0
0, 681, 75.75
0, 682, 75.5
0, 683, 75.25
0, 684, 75.0
0, 685, 74.75
0, 686, 74.5
0, 687, 74.25
0, 688, 74.0
0, 689, 73.75
0, 690, 73.5
0, 691, 73.25
0, 692, 73.0
0, 693, 72.75
0, 694, 72.5
0, 695, 72.25
0, 696, 72.0
0, 697, 71.75
0, 698, 71.5
0, 699, 71.25
0, 700, 71.0
0, 701, 70.75
0, 702, 70.5
0, 703, 70.25
0, 704, 70.0
0, 705, 69.75
0, 706, 69.5
0, 707, 69.25
0, 708, 69.0
0, 709, 68.75
0, 710, 68.5
0, 711, 68.25
0, 712, 68.0
0, 713, 67.75
0, 714, 67.5
0, 715, 67.25
0, 716, 67.0
0, 717, 66.75
0, 718, 66.5
0, 719, 66.25
0, 720, 66.0
0, 721, 65.75
0, 722, 65.5
0, 723, 65.25
0, 724, 65.0
0, 725, 64.75
0, 726, 64.5
0, 727, 64.25
0, 728, 64.0
0, 729, 63.75
0, 730, 63.5
0, 731, 63.25
0, 732, 63.0
0, 733, 62.75
0, 734, 62.5
0, 735, 62.25
0, 736, 62.0
0, 737, 61.75
0, 738, 61.5
0, 739, 61.25
0, 740, 61.0
0, 741, 60.75
0, 742, 60.5
0, 743, 60.25
0, 744, 60.0
0, 745, 59.75
0, 746, 59.5
0, 747, 59.25
0, 748, 59.0
0, 749, 58.75
0, 750, 58.5
0, 751, 58.25
0, 752, 58.0
0, 753, 57.75
0, 754, 57.5
0, 755, 57.25
0, 756, 57.0
0, 757, 56.75
0, 758, 56.5
0, 759, 56.25
0, 760, 56.0
0, 761, 55.75
0, 762, 55.5
0, 763, 55.25
0, 764, 55.0
0, 765, 54.75
0, 766, 54.5
0, 767, 54.25
0, 768, 54.0
0, 769, 53.75
0, 770, 53.5
0, 771, 53.25
0, 772, 53.0
0, 773, 52.75
0, 774, 52.5
0, 775, 52.25
0, 776, 52.0
0, 777, 51.75
0, 778, 51.5
0, 779, 51.25
0, 780, 51.0
0, 781, 50.75
0, 782, 50.5
0, 783, 50.25
0, 784, 50.0
0, 785, 49.75
0, 786, 49.5
0, 787, 49.25
0, 788, 49.0
0, 789, 48.75
0, 790, 48.5
0, 791, 48.25
0, 792, 48.0
0, 793, 47.75
0, 794, 47.5
0, 795, 47.25
0, 796, 47.0
0, 797, 46.75
0, 798, 46.5
0, 799, 46.25
0, 800, 46.0
0, 801, 45.75
0, 802, 45.5
0, 803, 45.25
0, 804, 45.0
0, 805, 44.75
0, 806, 44.5
0, 807, 44.25
0, 808, 44.0
0, 809, 43.75
0, 810, 43.5
0, 811, 43.25
0, 812, 43.0
0, 813, 42.75
0, 814, 42.5
0, 815, 42.25
0, 816, 42.0
0, 817, 41.75
0, 818, 41.5
0, 819, 41.25
0, 820, 41.0
0, 821, 40.75
0, 822, 40.5
0, 823, 40.25
0, 824, 40.0
0, 825, 39.75
0, 826, 39.5
0, 827, 39.25
0, 828, 39.0
0, 829, 38.75
0, 830, 38.5
0, 831, 38.25
0, 832, 38.0
0, 833, 37.75
0, 834, 37.5
0, 835, 37.25
0, 836, 37.0
0, 837, 36.75
0, 838, 36.5
0, 839, 36.25
0, 840, 36.0
0, 841, 35.75
0, 842, 35.5
0, 843, 35.25
0, 844, 35.0
0, 845, 34.75
0, 846, 34.5
0, 847, 34.25
0, 848, 34.0
0, 849, 33.75
0, 850, 33.5
0, 851, 33.25
0, 852, 33.0
0, 853, 32.75
0, 854, 32.5
0, 855, 32.25
0, 856, 32.0
0, 857, 31.75
0, 858, 31.5
0, 859, 31.25
0, 860, 31.0
0, 861, 30.75
0, 862, 30.5
0, 863, 30.25
0, 864, 30.0
0, 865, 29.75
0, 866, 29.5
0, 867, 29.25
0, 868, 29.0
0, 869, 28.75
0, 870, 28.5
0, 871, 28.25
0, 872, 28.0
0, 873, 27.75
0, 874, 27.5
0, 875, 27.25
0, 876, 27.0
0, 877, 26.75
0, 878, 26.5
0, 879, 26.25
0, 880, 26.0
0, 881, 25.75
0, 882, 25.5
0, 883, 25.25
0, 884, 25.0
0, 885, 24.75
0, 886, 24.5
0, 887, 24.25
0, 888, 24.0
0, 889, 23.75
0, 890, 23.5
0, 891, 23.25
0, 892, 23.0
0, 893, 22.75
0, 894, 22.5
0, 895, 22.25
0, 896, 22.0
0, 897, 21.75
0, 898, 21.5
0, 899, 21.25
0, 900, 21.0
0, 901, 20.75
0, 902, 20.5
0, 903, 20.25
0, 904, 20.0
0, 905, 19.75
0, 906, 19.5
0, 907, 19.25
0, 908, 19.0
0, 909, 18.75
0, 910, 18.5
0, 911, 18.25
0, 912, 18.0
0, 913, 17.75
0, 914, 17.5
0, 915, 17.25
0, 916, 17.0
0, 917, 16.75
0, 918, 16.5
0, 919, 16.25
0, 920, 16.0
0, 921, 15.75
0, 922, 15.5
0, 923, 15.25
0, 924, 15.0
0, 925, 14.75
0, 926, 14.5
0, 927, 14.25
0, 928, 14.0
0, 929, 13.75
0, 930, 13.5
0, 931, 13.25
0, 932, 13.0
0, 933, 12.75
0, 934, 12.5
0, 935, 12.25
0, 936, 12.0
0, 937, 11.75
0, 938, 11.5
0, 939, 11.25
0, 940, 11.0
0, 941, 10.75
0, 942, 10.5
0, 943, 10.25
0, 944, 10.0
0, 945, 9.75
0, 946, 9.5
0, 947, 9.25
0, 948, 9.0
0, 949, 8.75
0, 950, 8.5
0, 951, 8.25
0, 952, 8.0
0, 953, 7.75
0, 954, 7.5
0, 955, 7.25
0, 956, 7.0
0, 957, 6.75
0, 958, 6.5
0, 959, 6.25
0, 960, 6.0
0, 961, 5.75
0, 962, 5.5
0, 963, 5.25
0, 964, 5.0
0, 965, 4.75
0, 966, 4.5
0, 967, 4.25
0, 968, 4.0
0, 969, 3.75
0, 970, 3.5
0, 971, 3.25
0, 972, 3.0
0, 973, 2.75
0, 974, 2.5
0, 975, 2.25
0, 976, 2.0
0, 977, 1.75
0, 978, 1.5
0, 979, 1.25
0, 980, 1.0
0, 981, 0.75
0, 982, 0.75
0, 983, 0.75
0, 984, 0.75
0, 985, 0.75
0, 986, 0.75
0, 987, 0.75
0, 988, 0.75
0, 989, 0.75
0, 990, 0.75
0, 991, 0.75
0, 992, 0.75
0, 993, 0.75
0, 994, 0.75
0, 995, 0.75
0, 996, 0.75
0, 997, 0.75
0, 998, 0.75
0, 999, 0.75
0, 1000, 0.75
0, 1001, 0.75
0, 1002, 0.75
0, 1003, 0.75
0, 1004, 0.75
0, 1005, 0.75
0, 1006, 0.75
0, 1007, 0.75
0, 1008, 0.75
0, 1009, 0.75
0, 1010, 0.75
0, 1011, 0.75
0, 1012, 0.75
0, 1013, 0.75
0, 1014, 0.75
0, 1015, 0.75
0, 1016, 0.75
0, 1017, 0.75
0, 1018, 0.75
0, 1019, 0.75
0, 1020, 0.75
0, 1021, 0.75
0, 1022, 0.75
0, 1023, 0.75
0, 1024, 0.75
0, 1025, 0.75
0, 1026, 0.75
0, 1027, 0.75
0, 1028, 0.75
0, 1029, 0.75
0, 1030, 0.75
0, 1031, 0.75
0, 1032, 0.75
0, 1033, 0.75
0, 1034, 0.75
0, 1035, 0.75
0, 1036, 0.75
0, 1037, 0.75
0, 1038, 0.75
0, 1039, 0.75
0, 1040, 0.75
0, 1041, 0.75
0, 1042, 0.75
0, 1043, 0.75
0, 1044, 0.75
0, 1045, 0.75
0, 1046, 0.75
0, 1047, 0.75
0, 1048, 0.75
0, 1049, 0.75
0, 1050, 0.75
0, 1051, 0.75
0, 1052, 0.75
0, 1053, 0.75
0, 1054, 0.75
0, 1055, 0.75
0, 1056, 0.75
0, 1057, 0.75
0, 1058, 0.75
0, 1059, 0.75
0, 1060, 0.75
0, 1061, 0.75
0, 1062, 0.75
0, 1063, 0.75
0, 1064, 0.75
0, 1065, 0.75
0, 1066, 0.75
0, 1067, 0.75
0, 1068, 0.75
0, 1069, 0.75
0, 1070, 0.75
0, 1071, 0.75
0, 1072, 0.75
0, 1073, 0.75
0, 1074, 0.75
0, 1075, 0.75
0, 1076, 0.75
0, 1077, 0.75
0, 1078, 0.75
0, 1079, 0.75
0, 1080, 0.75
0, 1081, 0.75
0, 1082, 0.75
0, 1083, 0.75
0, 1084, 0.75
0, 1085, 0.75
0, 1086, 0.75
0, 1087, 0.75
0, 1088, 0.75
0, 1089, 0.75
0, 1090, 0.75
0, 1091, 0.75
0, 1092, 0.75
0, 1093, 0.75
0, 1094, 0.75
0, 1095, 0.75
0, 1096, 0.75
0, 1097, 0.75
0, 1098, 0.75
0, 1099, 0.75
0, 1100, 0.75
0, 1101, 0.75
0, 1102, 0.75
0, 1103, 0.75
0, 1104, 0.75
0, 1105, 0.75
0, 1106, 0.75
0, 1107, 0.75
0, 1108, 0.75
0, 1109, 0.75
0, 1110, 0.75
0, 1111, 0.75
0, 1112, 0.75
0, 1113, 0.75
0, 1114, 0.75
0, 1115, 0.75
0, 1116, 0.75
0, 1117, 0.75
0, 1118, 0.75
0, 1119, 0.75
0, 1120, 0.75
0, 1121, 0.75
0, 1122, 0.75
0, 1123, 0.75
0, 1124, 0.75
0, 1125, 0.75
0, 1126, 0.75
0, 1127, 0.75
0, 1128, 0.75
0, 1129, 0.75
0, 1130, 0.75
0, 1131, 0.75
0, 1132, 0.75
0, 1133, 0.75
0, 1134, 0.75
0, 1135, 0.75
0, 1136, 0.75
0, 1137, 0.75
0, 1138, 0.75
0, 1139, 0.75
0, 1140, 0.75
0, 1141, 0.75
0, 1142, 0.75
0, 1143, 0.75
0, 1144, 0.75
0, 1145, 0.75
0, 1146, 0.75
0, 1147, 0.75
0, 1148, 0.75
0, 1149, 0.75
0, 1150, 0.75
0, 1151, 0.75
0, 1152, 0.75
0, 1153, 0.75
0, 1154, 0.75
0, 1155, 0.75
0, 1156, 0.75
0, 1157, 0.75
0, 1158, 0.75
0, 1159, 0.75
0, 1160, 0.75
0, 1161, 0.75
0, 1162, 0.75
0, 1163, 0.75
0, 1164, 0.75
0, 1165, 0.75
0, 1166, 0.75
0, 1167, 0.75
0, 1168, 0.75
0, 1169, 0.75
0, 1170, 0.75
0, 1171, 0.75
0, 1172, 0.75
0, 1173, 0.75
0, 1174, 0.75
0, 1175, 0.75
0, 1176, 0.75
0, 1177, 0.75
0, 1178, 0.75
0, 1179, 0.75
0, 1180, 0.75
0, 1181, 0.75
0, 1182, 0.75
0, 1183, 0.75
0, 1184, 0.75
0, 1185, 0.75
0, 1186, 0.75
0, 1187, 0.75
0, 1188, 0.75
0, 1189, 0.75
0, 1190, 0.75
0, 1191, 0.75
0, 1192, 0.75
0, 1193, 0.75
0, 1194, 0.75
0, 1195, 0.75
0, 1196, 0.75
0, 1197, 0.75
0, 1198, 0.75
0, 1199, 0.75
0, 1200, 0.75
0, 1201, 0.75
0, 1202, 0.75
0, 1203, 0.75
0, 1204, 0.75
0, 1205, 0.75
0, 1206, 0.75
0, 1207, 0.75
0, 1208, 0.75
0, 1209, 0.75
0, 1210, 0.75
0, 1211, 0.75
0, 1212, 0.75
0, 1213, 0.75
0, 1214, 0.75
0, 1215, 0.75
0, 1216, 0.75
0, 1217, 0.75
0, 1218, 0.75
0, 1219, 0.75
0, 1220, 0.75
0, 1221, 0.75
0, 1222, 0.75
0, 1223, 0.75
0, 1224, 0.75
0, 1225, 0.75
0, 1226, 0.75
0, 1227, 0.75
0, 1228, 0.75
0, 1229, 0.75
0, 1230, 0.75
0, 1231, 0.75
0, 1232, 0.75
0, 1233, 0.75
0, 1234, 0.75
0, 1235, 0.75
0, 1236, 0.75
0, 1237, 0.75
0, 1238, 0.75
0, 1239, 0.75
0, 1240, 0.75
0, 1241, 0.75
0, 1242, 0.75
0, 1243, 0.75
0, 1244, 0.75
0, 1245, 0.75
0, 1246, 0.75
0, 1247, 0.75
0, 1248, 0.75
0, 1249, 0.75
0, 1250, 0.75
0, 1251, 0.75
0, 1252, 0.75
0, 1253, 0.75
0, 1254, 0.75
0, 1255, 0.75
0, 1256, 0.75
0, 1257, 0.75
0, 1258, 0.75
0, 1259, 0.75
0, 1260, 0.75
0, 1261, 0.75
0, 1262, 0.75
0, 1263, 0.75
0, 1264, 0.75
0, 1265, 0.75
0, 1266, 0.75
0, 1267, 0.75
0, 1268, 0.75
0, 1269, 0.75
0, 1270, 0.75
0, 1271, 0.75
0, 1272, 0.75
0, 1273, 0.75
0, 1274, 0.75
0, 1275, 0.75
0, 1276, 0.75
0, 1277, 0.75
0, 1278, 0.75
0, 1279, 0.75
0, 1280, 0.75
0, 1281, 0.75
0, 1282, 0.75
0, 1283, 0.75
0, 1284, 0.75
0, 1285, 0.75
0, 1286, 0.75
0, 1287, 0.75
0, 1288, 0.75
0, 1289, 0.75
0, 1290, 0.75
0, 1291, 0.75
0, 1292, 0.75
0, 1293, 0.75
0, 1294, 0.75
0, 1295, 0.75
0, 1296, 0.75
0, 1297, 0.75
0, 1298, 0.75
0, 1299, 0.75
0, 1300, 0.75
0, 1301, 0.75
0, 1302, 0.75
0, 1303, 0.75
0, 1304, 0.75
0, 1305, 0.75
0, 1306, 0.75
0, 1307, 0.75
0, 1308, 0.75
0, 1309, 0.75
0, 1310, 0.75
0, 1311, 0.75
0, 1312, 0.75
0, 1313, 0.75
0, 1314, 0.75
0, 1315, 0.75
0, 1316, 0.75
0, 1317, 0.75
0, 1318, 0.75
0, 1319, 0.75
0, 1320, 0.75
0, 1321, 0.75
0, 1322, 0.75
0, 1323, 0.75
0, 1324, 0.75
0, 1325, 0.75
0, 1326, 0.75
0, 1327, 0.75
0, 1328, 0.75
0, 1329, 0.75
0, 1330, 0.75
0, 1331, 0.75
0, 1332, 0.75
0, 1333, 0.75
0, 1334, 0.75
0, 1335, 0.75
0, 1336, 0.75
0, 1337, 0.75
0, 1338, 0.75
0, 1339, 0.75
0, 1340, 0.75
0, 1341, 0.75
0, 1342, 0.75
0, 1343, 0.75
0, 1344, 0.75
0, 1345, 0.75
0, 1346, 0.75
0, 1347, 0.75
0, 1348, 0.75
0, 1349, 0.75
0, 1350, 0.75
0, 1351, 0.75
0, 1352, 0.75
0, 1353, 0.75
0, 1354, 0.75
0, 1355, 0.75
0, 1356, 0.75
0, 1357, 0.75
0, 1358, 0.75
0, 1359, 0.75
0, 1360, 0.75
0, 1361, 0.75
0, 1362, 0.75
0, 1363, 0.75
0, 1364, 0.75
0, 1365, 0.75
0, 1366, 0.75
0, 1367, 0.75
0, 1368, 0.75
0, 1369, 0.75
0, 1370, 0.75
0, 1371, 1.0
0, 1372, 1.25
0, 1373, 1.0
0, 1374, 0.75
0, 1375, 1.0
0, 1376, 1.25
0, 1377, 1.5
0, 1378, 1.75
0, 1379, 2.0
0, 1380, 2.25
0, 1381, 2.5
0, 1382, 2.75
0, 1383, 3.0
0, 1384, 3.25
0, 1385, 3.5
0, 1386, 3.75
0, 1387, 4.0
0, 1388, 4.25
0, 1389, 4.5
0, 1390, 4.75
0, 1391, 5.0
0, 1392, 5.25
0, 1393, 5.5
0, 1394, 5.75
0, 1395, 6.0
0, 1396, 6.25
0, 1397, 6.5
0, 1398, 6.75
0, 1399, 7.0
0, 1400, 7.25
0, 1401, 7.5
0, 1402, 7.75
0, 1403, 8.0
0, 1404, 8.25
0, 1405, 8.5
0, 1406, 8.75
0, 1407, 9.0
0, 1408, 9.25
0, 1409, 9.5
0, 1410, 9.75
0, 1411, 10.0
0, 1412, 10.25
0, 1413, 10.5
0, 1414, 10.75
0, 1415, 11.0
0, 1416, 11.25
0, 1417, 11.5
0, 1418, 11.75
0, 1419, 12.0
0, 1420, 12.25
0, 1421, 12.5
0, 1422, 12.75
0, 1423, 13.0
0, 1424, 13.25
0, 1425, 13.5
0, 1426, 13.75
0, 1427, 14.0
0, 1428, 14.25
0, 1429, 14.5
0, 1430, 14.75
0, 1431, 15.0
0, 1432, 15.25
0, 1433, 15.5
0, 1434, 15.75
0, 1435, 16.0
0, 1436, 16.25
0, 1437, 16.5
0, 1438, 16.75
0, 1439, 17.0
0, 1440, 17.25
0, 1441, 17.5
0, 1442, 17.75
0, 1443, 18.0
0, 1444, 18.25
0, 1445, 18.5
0, 1446, 18.75
0, 1447, 19.0
0, 1448, 19.25
0, 1449, 19.5
0, 1450, 19.75
0, 1451, 20.0
0, 1452, 20.25
0, 1453, 20.5
0, 1454, 20.75
0, 1455, 21.0
0, 1456, 21.25
0, 1457, 21.0
0, 1458, 20.75
0, 1459, 20.5
0, 1460, 20.25
0, 1461, 20.0
0, 1462, 20.25
0, 1463, 20.5
0, 1464, 20.25
0, 1465, 20.0
0, 1466, 19.75
0, 1467, 19.5
0, 1468, 19.25
0, 1469, 19.5
0, 1470, 19.25
0, 1471, 19.0
0, 1472, 18.75
0, 1473, 18.5
0, 1474, 18.25
0, 1475, 18.0
0, 1476, 17.75
0, 1477, 17.5
0, 1478, 17.25
0, 1479, 17.0
0, 1480, 16.75
0, 1481, 16.5
0, 1482, 16.25
0, 1483, 16.0
0, 1484, 15.75
0, 1485, 15.5
0, 1486, 15.25
0, 1487, 15.0
0, 1488, 14.75
0, 1489, 14.5
0, 1490, 14.25
0, 1491, 14.0
0, 1492, 13.75
0, 1493, 13.5
0, 1494, 13.25
0, 1495, 13.0
0, 1496, 12.75
0, 1497, 12.5
0, 1498, 12.25
0, 1499, 12.0
0, 1500, 11.75
0, 1501, 11.5
0, 1502, 11.25
0, 1503, 11.0
0, 1504, 10.75
0, 1505, 10.5
0, 1506, 10.25
0, 1507, 10.0
0, 1508, 9.75
0, 1509, 9.5
0, 1510, 9.25
0, 1511, 9.0
0, 1512, 8.75
0, 1513, 8.5
0, 1514, 8.25
0, 1515, 8.0
0, 1516, 7.75
0, 1517, 7.5
0, 1518, 7.25
0, 1519, 7.0
0, 1520, 6.75
0, 1521, 6.5
0, 1522, 6.25
0, 1523, 6.0
0, 1524, 5.75
0, 1525, 5.5
0, 1526, 5.25
0, 1527, 5.0
0, 1528, 4.75
0, 1529, 4.5
0, 1530, 4.25
0, 1531, 4.0
0, 1532, 3.75
0, 1533, 3.5
0, 1534, 3.25
0, 1535, 3.0
0, 1536, 2.75
0, 1537, 2.5
0, 1538, 2.25
0, 1539, 2.5
0, 1540, 2.75
0, 1541, 2.5
0, 1542, 2.25
0, 1543, 2.0
0, 1544, 2.25
0, 1545, 2.5
0, 1546, 2.75
0, 1547, 3.0
0, 1548, 3.25
0, 1549, 3.5
0, 1550, 3.75
0, 1551, 4.0
0, 1552, 4.25
0, 1553, 4.5
0, 1554, 4.75
0, 1555, 5.0
0, 1556, 5.25
0, 1557, 5.5
0, 1558, 5.75
0, 1559, 6.0
0, 1560, 6.25
0, 1561, 6.5
0, 1562, 6.75
0, 1563, 7.0
0, 1564, 7.25
0, 1565, 7.5
0, 1566, 7.75
0, 1567, 8.0
0, 1568, 8.25
0, 1569, 8.5
0, 1570, 8.75
0, 1571, 9.0
0, 1572, 9.25
0, 1573, 9.5
0, 1574, 9.75
0, 1575, 10.0
0, 1576, 10.25
0, 1577, 10.5
0, 1578, 10.75
0, 1579, 11.0
0, 1580, 11.25
0, 1581, 11.5
0, 1582, 11.75
0, 1583, 12.0
0, 1584, 12.25
0, 1585, 12.5
0, 1586, 12.75
0, 1587, 13.0
0, 1588, 13.25
0, 1589, 13.5
0, 1590, 13.75
0, 1591, 14.0
0, 1592, 14.25
0, 1593, 14.5
0, 1594, 14.75
0, 1595, 15.0
0, 1596, 15.25
0, 1597, 15.5
0, 1598, 15.75
0, 1599, 16.0
0, 1600, 16.25
0, 1601, 16.5
0, 1602, 16.75
0, 1603, 17.0
0, 1604, 17.25
0, 1605, 17.5
0, 1606, 17.75
0, 1607, 18.0
0, 1608, 18.25
0, 1609, 18.5
0, 1610, 18.75
0, 1611, 19.0
0, 1612, 19.25
0, 1613, 19.5
0, 1614, 19.75
0, 1615, 20.0
0, 1616, 20.25
0, 1617, 20.5
0, 1618, 20.75
0, 1619, 21.0
0, 1620, 20.75
0, 1621, 21.0
0, 1622, 21.25
0, 1623, 21.5
0, 1624, 21.75
0, 1625, 21.5
0, 1626, 21.25
0, 1627, 21.0
0, 1628, 20.75
0, 1629, 20.5
0, 1630, 20.75
0, 1631, 20.5
0, 1632, 20.25
0, 1633, 20.0
0, 1634, 19.75
0, 1635, 19.5
0, 1636, 19.25
0, 1637, 19.0
0, 1638, 18.75
0, 1639, 18.5
0, 1640, 18.25
0, 1641, 18.0
0, 1642, 17.75
0, 1643, 17.5
0, 1644, 17.25
0, 1645, 17.0
0, 1646, 16.75
0, 1647, 16.5
0, 1648, 16.25
0, 1649, 16.0
0, 1650, 15.75
0, 1651, 15.5
0, 1652, 15.25
0, 1653, 15.0
0, 1654, 14.75
0, 1655, 14.5
0, 1656, 14.25
0, 1657, 14.0
0, 1658, 13.75
0, 1659, 13.5
0, 1660, 13.25
0, 1661, 13.0
0, 1662, 12.75
0, 1663, 12.5
0, 1664, 12.25
0, 1665, 12.0
0, 1666, 11.75
0, 1667, 11.5
0, 1668, 11.25
0, 1669, 11.0
0, 1670, 10.75
0, 1671, 10.5
0, 1672, 10.25
0, 1673, 10.0
0, 1674, 9.75
0, 1675, 9.5
0, 1676, 9.25
0, 1677, 9.0
0, 1678, 8.75
0, 1679, 8.5
0, 1680, 8.25
0, 1681, 8.0
0, 1682, 7.75
0, 1683, 7.5
0, 1684, 7.25
0, 1685, 7.0
0, 1686, 6.75
0, 1687, 6.5
0, 1688, 6.25
0, 1689, 6.0
0, 1690, 5.75
0, 1691, 5.5
0, 1692, 5.25
0, 1693, 5.0
0, 1694, 4.75
0, 1695, 4.5
0, 1696, 4.25
0, 1697, 4.0
0, 1698, 3.75
0, 1699, 3.5
0, 1700, 3.25
0, 1701, 3.0
0, 1702, 2.75
0, 1703, 2.5
0, 1704, 2.25
0, 1705, 2.0
0, 1706, 1.75
0, 1707, 1.5
0, 1708, 1.25
0, 1709, 1.0
0, 1710, 0.75
0, 1711, 0.75
0, 1712, 0.75
0, 1713, 0.75
0, 1714, 0.75
0, 1715, 0.75
0, 1716, 0.75
0, 1717, 0.75
0, 1718, 0.75
0, 1719, 0.75
0, 1720, 0.75
0, 1721, 1.0
0, 1722, 1.25
0, 1723, 1.0
0, 1724, 0.75
0, 1725, 0.75
0, 1726, 0.75
0, 1727, 0.75
0, 1728, 1.0
0, 1729, 1.25
0, 1730, 1.0
0, 1731, 1.25
0, 1732, 1.5
0, 1733, 1.75
0, 1734, 2.0
0, 1735, 2.25
0, 1736, 2.5
0, 1737, 2.75
0, 1738, 3.0
0, 1739, 3.25
0, 1740, 3.5
0, 1741, 3.75
0, 1742, 4.0
0, 1743, 4.25
0, 1744, 4.5
0, 1745, 4.75
0, 1746, 5.0
0, 1747, 5.25
0, 1748, 5.5
0, 1749, 5.75
0, 1750, 6.0
0, 1751, 6.25
0, 1752, 6.5
0, 1753, 6.75
0, 1754, 7.0
0, 1755, 7.25
0, 1756, 7.5
0, 1757, 7.75
0, 1758, 8.0
0, 1759, 8.25
0, 1760, 8.5
0, 1761, 8.75
0, 1762, 9.0
0, 1763, 9.25
0, 1764, 9.5
0, 1765, 9.75
0, 1766, 10.0
0, 1767, 10.25
0, 1768, 10.5
0, 1769, 10.75
0, 1770, 11.0
0, 1771, 11.25
0, 1772, 11.5
0, 1773, 11.75
0, 1774, 12.0
0, 1775, 12.25
0, 1776, 12.5
0, 1777, 12.75
0, 1778, 13.0
0, 1779, 13.25
0, 1780, 13.5
0, 1781, 13.75
0, 1782, 14.0
0, 1783, 14.25
0, 1784, 14.5
0, 1785, 14.75
0, 1786, 15.0
0, 1787, 15.25
0, 1788, 15.5
0, 1789, 15.75
0, 1790, 16.0
0, 1791, 16.25
0, 1792, 16.5
0, 1793, 16.75
0, 1794, 17.0
0, 1795, 17.25
0, 1796, 17.5
0, 1797, 17.75
0, 1798, 18.0
0, 1799, 18.25
0, 1800, 18.5
0, 1801, 18.75
0, 1802, 19.0
0, 1803, 19.25
0, 1804, 19.5
0, 1805, 19.75
0, 1806, 20.0
0, 1807, 20.25
0, 1808, 20.5
0, 1809, 20.75
0, 1810, 21.0
0, 1811, 21.25
0, 1812, 21.5
0, 1813, 21.75
0, 1814, 22.0
0, 1815, 21.75
0, 1816, 21.5
0, 1817, 21.25
0, 1818, 21.0
0, 1819, 21.25
0, 1820, 21.5
0, 1821, 21.25
0, 1822, 21.0
0, 1823, 20.75
0, 1824, 20.5
0, 1825, 20.25
0, 1826, 20.0
0, 1827, 19.75
0, 1828, 19.5
0, 1829, 19.25
0, 1830, 19.0
0, 1831, 18.75
0, 1832, 18.5
0, 1833, 18.25
0, 1834, 18.0
0, 1835, 17.75
0, 1836, 17.5
0, 1837, 17.25
0, 1838, 17.0
0, 1839, 16.75
0, 1840, 16.5
0, 1841, 16.25
0, 1842, 16.0
0, 1843, 15.75
0, 1844, 15.5
0, 1845, 15.25
0, 1846, 15.0
0, 1847, 14.75
0, 1848, 14.5
0, 1849, 14.25
0, 1850, 14.0
0, 1851, 13.75
0, 1852, 13.5
0, 1853, 13.25
0, 1854, 13.0
0, 1855, 12.75
0, 1856, 12.5
0, 1857, 12.25
0, 1858, 12.0
0, 1859, 11.75
0, 1860, 11.5
0, 1861, 11.25
0, 1862, 11.0
0, 1863, 10.75
0, 1864, 10.5
0, 1865, 10.25
0, 1866, 10.0
0, 1867, 9.75
0, 1868, 9.5
0, 1869, 9.25
0, 1870, 9.0
0, 1871, 8.75
0, 1872, 8.5
0, 1873, 8.25
0, 1874, 8.0
0, 1875, 7.75
0, 1876, 7.5
0, 1877, 7.25
0, 1878, 7.0
0, 1879, 6.75
0, 1880, 6.5
0, 1881, 6.25
0, 1882, 6.0
0, 1883, 5.75
0, 1884, 5.5
0, 1885, 5.25
0, 1886, 5.0
0, 1887, 4.75
0, 1888, 4.5
0, 1889, 4.25
0, 1890, 4.0
0, 1891, 3.75
0, 1892, 3.5
0, 1893, 3.25
0, 1894, 3.0
0, 1895, 2.75
0, 1896, 2.5
0, 1897, 2.25
0, 1898, 2.0
0, 1899, 1.75
0, 1900, 1.5
0, 1901, 1.25
0, 1902, 1.0
0, 1903, 0.75
0, 1904, 0.75
0, 1905, 0.75
0, 1906, 0.75
0, 1907, 0.75
0, 1908, 0.75
0, 1909, 0.75
0, 1910, 1.0
0, 1911, 1.25
0, 1912, 1.0
0, 1913, 0.75
0, 1914, 0.75
0, 1915, 1.0
0, 1916, 1.25
0, 1917, 1.5
0, 1918, 1.75
0, 1919, 2.0
0, 1920, 2.25
0, 1921, 2.5
0, 1922, 2.75
0, 1923, 3.0
0, 1924, 3.25
0, 1925, 3.5
0, 1926, 3.75
0, 1927, 4.0
0, 1928, 4.25
0, 1929, 4.5
0, 1930, 4.75
0, 1931, 5.0
0, 1932, 5.25
0, 1933, 5.5
0, 1934, 5.75
0, 1935, 6.0
0, 1936, 6.25
0, 1937, 6.5
0, 1938, 6.75
0, 1939, 7.0
0, 1940, 7.25
0, 1941, 7.5
0, 1942, 7.75
0, 1943, 8.0
0, 1944, 8.25
0, 1945, 8.5
0, 1946, 8.75
0, 1947, 9.0
0, 1948, 9.25
0, 1949, 9.5
0, 1950, 9.75
0, 1951, 10.0
0, 1952, 10.25
0, 1953, 10.5
0, 1954, 10.75
0, 1955, 11.0
0, 1956, 11.25
0, 1957, 11.5
0, 1958, 11.75
0, 1959, 12.0
0, 1960, 12.25
0, 1961, 12.5
0, 1962, 12.75
0, 1963, 13.0
0, 1964, 13.25
0, 1965, 13.5
0, 1966, 13.75
0, 1967, 14.0
0, 1968, 14.25
0, 1969, 14.5
0, 1970, 14.75
0, 1971, 15.0
0, 1972, 15.25
0, 1973, 15.5
0, 1974, 15.75
0, 1975, 16.0
0, 1976, 16.25
0, 1977, 16.5
0, 1978, 16.75
0, 1979, 17.0
0, 1980, 17.25
0, 1981, 17.5
0, 1982, 17.75
0, 1983, 18.0
0, 1984, 18.25
0, 1985, 18.5
0, 1986, 18.75
0, 1987, 19.0
0, 1988, 19.25
0, 1989, 19.5
0, 1990, 19.75
0, 1991, 20.0
0, 1992, 20.25
0, 1993, 20.5
0, 1994, 20.75
0, 1995, 21.0
0, 1996, 21.25
0, 1997, 21.5
0, 1998, 21.75
0, 1999, 22.0
0, 2000, 21.75
0, 2001, 22.0
0, 2002, 22.25
0, 2003, 22.0
0, 2004, 21.75
0, 2005, 21.5
0, 2006, 21.25
0, 2007, 21.0
0, 2008, 20.75
0, 2009, 20.5
0, 2010, 20.25
0, 2011, 20.0
0, 2012, 19.75
0, 2013, 19.5
0, 2014, 19.25
0, 2015, 19.0
0, 2016, 18.75
0, 2017, 18.5
0, 2018, 18.25
0, 2019, 18.0
0, 2020, 17.75
0, 2021, 17.5
0, 2022, 17.25
0, 2023, 17.0
0, 2024, 16.75
0, 2025, 16.5
0, 2026, 16.25
0, 2027, 16.0
0, 2028, 15.75
0, 2029, 15.5
0, 2030, 15.25
0, 2031, 15.0
0, 2032, 14.75
0, 2033, 14.5
0, 2034, 14.25
0, 2035, 14.0
0, 2036, 13.75
0, 2037, 13.5
0, 2038, 13.25
0, 2039, 13.0
0, 2040, 12.75
0, 2041, 12.5
0, 2042, 12.25
0, 2043, 12.0
0, 2044, 11.75
0, 2045, 11.5
0, 2046, 11.25
0, 2047, 11.0
0, 2048, 10.75
0, 2049, 10.5
0, 2050, 10.25
0, 2051, 10.0
0, 2052, 9.75
0, 2053, 9.5
0, 2054, 9.25
0, 2055, 9.0
0, 2056, 8.75
0, 2057, 8.5
0, 2058, 8.25
0, 2059, 8.0
0, 2060, 7.75
0, 2061, 7.5
0, 2062, 7.25
0, 2063, 7.0
0, 2064, 6.75
0, 2065, 6.5
0, 2066, 6.25
0, 2067, 6.0
0, 2068, 5.75
0, 2069, 5.5
0, 2070, 5.25
0, 2071, 5.0
0, 2072, 4.75
0, 2073, 4.5
0, 2074, 4.25
0, 2075, 4.0
0, 2076, 3.75
0, 2077, 3.5
0, 2078, 3.25
0, 2079, 3.0
0, 2080, 2.75
0, 2081, 2.5
0, 2082, 2.25
0, 2083, 2.0
0, 2084, 1.75
0, 2085, 1.5
0, 2086, 1.25
0, 2087, 1.0
0, 2088, 0.75
0, 2089, 0.75
0, 2090, 0.75
0, 2091, 0.75
0, 2092, 0.75
0, 2093, 0.75
0, 2094, 0.75
0, 2095, 0.75
0, 2096, 0.75
0, 2097, 0.75
0, 2098, 0.75
0, 2099, 0.75
0, 2100, 0.75
0, 2101, 0.75
0, 2102, 0.75
0, 2103, 0.75
0, 2104, 0.75
0, 2105, 0.75
0, 2106, 0.75
0, 2107, 0.75
0, 2108, 0.75
0, 2109, 0.75
0, 2110, 0.75
0, 2111, 0.75
0, 2112, 0.75
0, 2113, 1.0
0, 2114, 1.25
0, 2115, 1.0
0, 2116, 0.75
0, 2117, 1.0
0, 2118, 1.25
0, 2119, 1.5
0, 2120, 1.75
0, 2121, 2.0
0, 2122, 2.25
0, 2123, 2.5
0, 2124, 2.75
0, 2125, 3.0
0, 2126, 3.25
0, 2127, 3.5
0, 2128, 3.75
0, 2129, 4.0
0, 2130, 4.25
0, 2131, 4.5
0, 2132, 4.75
0, 2133, 5.0
0, 2134, 5.25
0, 2135, 5.5
0, 2136, 5.75
0, 2137, 6.0
0, 2138, 6.25
0, 2139, 6.5
0, 2140, 6.75
0, 2141, 7.0
0, 2142, 7.25
0, 2143, 7.5
0, 2144, 7.75
0, 2145, 8.0
0, 2146, 8.25
0, 2147, 8.5
0, 2148, 8.75
0, 2149, 9.0
0, 2150, 9.25
0, 2151, 9.5
0, 2152, 9.75
0, 2153, 10.0
0, 2154, 10.25
0, 2155, 10.5
0, 2156, 10.75
0, 2157, 11.0
0, 2158, 11.25
0, 2159, 11.5
0, 2160, 11.75
0, 2161, 12.0
0, 2162, 12.25
0, 2163, 12.5
0, 2164, 12.75
0, 2165, 13.0
0, 2166, 13.25
0, 2167, 13.5
0, 2168, 13.75
0, 2169, 14.0
0, 2170, 14.25
0, 2171, 14.5
0, 2172, 14.75
0, 2173, 15.0
0, 2174, 15.25
0, 2175, 15.5
0, 2176, 15.75
0, 2177, 16.0
0, 2178, 16.25
0, 2179, 16.5
0, 2180, 16.75
0, 2181, 17.0
0, 2182, 17.25
0, 2183, 17.5
0, 2184, 17.75
0, 2185, 18.0
0, 2186, 18.25
0, 2187, 18.5
0, 2188, 18.75
0, 2189, 19.0
0, 2190, 19.25
0, 2191, 19.5
0, 2192, 19.75
0, 2193, 20.0
0, 2194, 20.25
0, 2195, 20.5
0, 2196, 20.75
0, 2197, 21.0
0, 2198, 21.25
0, 2199, 21.5
0, 2200, 21.75
0, 2201, 22.0
0, 2202, 22.25
0, 2203, 22.5
0, 2204, 22.75
0, 2205, 23.0
0, 2206, 22.75
0, 2207, 22.5
0, 2208, 22.25
0, 2209, 22.0
0, 2210, 21.75
0, 2211, 22.0
0, 2212, 21.75
0, 2213, 21.5
0, 2214, 21.25
0, 2215, 21.0
0, 2216, 20.75
0, 2217, 20.5
0, 2218, 20.25
0, 2219, 20.0
0, 2220, 19.75
0, 2221, 19.5
0, 2222, 19.25
0, 2223, 19.0
0, 2224, 18.75
0, 2225, 18.5
0, 2226, 18.25
0, 2227, 18.0
0, 2228, 17.75
0, 2229, 17.5
0, 2230, 17.25
0, 2231, 17.0
0, 2232, 17.25
0, 2233, 17.5
0, 2234, 17.25
0, 2235, 17.0
0, 2236, 16.75
0, 2237, 16.5
0, 2238, 16.25
0, 2239, 16.5
0, 2240, 16.75
0, 2241, 16.5
0, 2242, 16.75
0, 2243, 17.0
0, 2244, 17.25
0, 2245, 17.5
0, 2246, 17.75
0, 2247, 18.0
0, 2248, 17.75
0, 2249, 18.0
0, 2250, 18.25
0, 2251, 18.5
0, 2252, 18.75
0, 2253, 19.0
0, 2254, 19.25
0, 2255, 19.5
0, 2256, 19.75
0, 2257, 20.0
0, 2258, 20.25
0, 2259, 20.5
0, 2260, 20.75
0, 2261, 21.0
0, 2262, 21.25
0, 2263, 21.5
0, 2264, 21.75
0, 2265, 22.0
0, 2266, 22.25
0, 2267, 22.5
0, 2268, 22.75
0, 2269, 23.0
0, 2270, 23.25
0, 2271, 23.5
0, 2272, 23.75
0, 2273, 24.0
0, 2274, 24.25
0, 2275, 24.5
0, 2276, 24.75
0, 2277, 25.0
0, 2278, 25.25
0, 2279, 25.5
0, 2280, 25.75
0, 2281, 26.0
0, 2282, 26.25
0, 2283, 26.5
0, 2284, 26.75
0, 2285, 27.0
0, 2286, 27.25
0, 2287, 27.5
0, 2288, 27.75
0, 2289, 28.0
0, 2290, 28.25
0, 2291, 28.5
0, 2292, 28.75
0, 2293, 29.0
0, 2294, 29.25
0, 2295, 29.5
0, 2296, 29.75
0, 2297, 30.0
0, 2298, 30.25
0, 2299, 30.5
0, 2300, 30.75
0, 2301, 31.0
0, 2302, 31.25
0, 2303, 31.5
0, 2304, 31.75
0, 2305, 32.0
0, 2306, 32.25
0, 2307, 32.5
0, 2308, 32.75
0, 2309, 33.0
0, 2310, 33.25
0, 2311, 33.5
0, 2312, 33.75
0, 2313, 34.0
0, 2314, 34.25
0, 2315, 34.5
0, 2316, 34.75
0, 2317, 35.0
0, 2318, 35.25
0, 2319, 35.5
0, 2320, 35.75
0, 2321, 36.0
0, 2322, 36.25
0, 2323, 36.5
0, 2324, 36.75
0, 2325, 37.0
0, 2326, 37.25
0, 2327, 37.5
0, 2328, 37.75
0, 2329, 38.0
0, 2330, 38.25
0, 2331, 38.5
0, 2332, 38.25
0, 2333, 38.0
0, 2334, 37.75
0, 2335, 37.5
0, 2336, 37.25
0, 2337, 37.5
0, 2338, 37.25
0, 2339, 37.0
0, 2340, 36.75
0, 2341, 36.5
0, 2342, 36.25
0, 2343, 36.0
0, 2344, 36.25
0, 2345, 36.0
0, 2346, 35.75
0, 2347, 35.5
0, 2348, 35.25
0, 2349, 35.0
0, 2350, 34.75
0, 2351, 34.5
0, 2352, 34.25
0, 2353, 34.0
0, 2354, 33.75
0, 2355, 33.5
0, 2356, 33.25
0, 2357, 33.0
0, 2358, 32.75
0, 2359, 32.5
0, 2360, 32.25
0, 2361, 32.0
0, 2362, 31.75
0, 2363, 31.5
0, 2364, 31.25
0, 2365, 31.0
0, 2366, 30.75
0, 2367, 30.5
0, 2368, 30.25
0, 2369, 30.0
0, 2370, 29.75
0, 2371, 29.5
0, 2372, 29.25
0, 2373, 29.0
0, 2374, 28.75
0, 2375, 28.5
0, 2376, 28.25
0, 2377, 28.0
0, 2378, 27.75
0, 2379, 28.0
0, 2380, 27.75
0, 2381, 27.5
0, 2382, 27.25
0, 2383, 27.0
0, 2384, 26.75
0, 2385, 26.5
0, 2386, 26.75
0, 2387, 27.0
0, 2388, 26.75
0, 2389, 26.5
0, 2390, 26.25
0, 2391, 26.5
0, 2392, 26.75
0, 2393, 27.0
0, 2394, 27.25
0, 2395, 27.5
0, 2396, 27.75
0, 2397, 28.0
0, 2398, 28.25
0, 2399, 28.5
0, 2400, 28.75
0, 2401, 29.0
0, 2402, 29.25
0, 2403, 29.5
0, 2404, 29.75
0, 2405, 30.0
0, 2406, 30.25
0, 2407, 30.5
0, 2408, 30.75
0, 2409, 31.0
0, 2410, 31.25
0, 2411, 31.5
0, 2412, 31.75
0, 2413, 32.0
0, 2414, 32.25
0, 2415, 32.5
0, 2416, 32.75
0, 2417, 33.0
0, 2418, 33.25
0, 2419, 33.5
0, 2420, 33.75
0, 2421, 34.0
0, 2422, 34.25
0, 2423, 34.5
0, 2424, 34.75
0, 2425, 35.0
0, 2426, 35.25
0, 2427, 35.5
0, 2428, 35.75
0, 2429, 36.0
0, 2430, 36.25
0, 2431, 36.5
0, 2432, 36.75
0, 2433, 37.0
0, 2434, 37.25
0, 2435, 37.5
0, 2436, 37.75
0, 2437, 38.0
0, 2438, 38.25
0, 2439, 38.5
0, 2440, 38.75
0, 2441, 39.0
0, 2442, 39.25
0, 2443, 39.5
0, 2444, 39.75
0, 2445, 40.0
0, 2446, 40.25
0, 2447, 40.5
0, 2448, 40.75
0, 2449, 41.0
0, 2450, 41.25
0, 2451, 41.5
0, 2452, 41.75
0, 2453, 42.0
0, 2454, 42.25
0, 2455, 42.5
0, 2456, 42.75
0, 2457, 43.0
0, 2458, 43.25
0, 2459, 43.5
0, 2460, 43.75
0, 2461, 44.0
0, 2462, 44.25
0, 2463, 44.5
0, 2464, 44.75
0, 2465, 45.0
0, 2466, 45.25
0, 2467, 45.5
0, 2468, 45.75
0, 2469, 46.0
0, 2470, 46.25
0, 2471, 46.5
0, 2472, 46.75
0, 2473, 47.0
0, 2474, 47.25
0, 2475, 47.5
0, 2476, 47.75
0, 2477, 48.0
0, 2478, 48.25
0, 2479, 48.5
0, 2480, 48.75
0, 2481, 49.0
0, 2482, 49.25
0, 2483, 49.5
0, 2484, 49.75
0, 2485, 50.0
0, 2486, 50.25
0, 2487, 50.5
0, 2488, 50.75
0, 2489, 51.0
0, 2490, 51.25
0, 2491, 51.5
0, 2492, 51.75
0, 2493, 52.0
0, 2494, 52.25
0, 2495, 52.5
0, 2496, 52.75
0, 2497, 53.0
0, 2498, 53.25
0, 2499, 53.5
0, 2500, 53.75
0, 2501, 54.0
0, 2502, 54.25
0, 2503, 54.5
0, 2504, 54.75
0, 2505, 55.0
0, 2506, 55.25
0, 2507, 55.5
0, 2508, 55.75
0, 2509, 56.0
0, 2510, 56.25
0, 2511, 56.5
0, 2512, 56.75
0, 2513, 57.0
0, 2514, 57.25
0, 2515, 57.5
0, 2516, 57.75
0, 2517, 58.0
0, 2518, 58.25
0, 2519, 58.5
0, 2520, 58.75
0, 2521, 59.0
0, 2522, 59.25
0, 2523, 59.5
0, 2524, 59.75
0, 2525, 60.0
0, 2526, 60.25
0, 2527, 60.5
0, 2528, 60.75
0, 2529, 61.0
0, 2530, 61.25
0, 2531, 61.5
0, 2532, 61.75
0, 2533, 62.0
0, 2534, 62.25
0, 2535, 62.5
0, 2536, 62.75
0, 2537, 63.0
0, 2538, 63.25
0, 2539, 63.5
0, 2540, 63.75
0, 2541, 64.0
0, 2542, 64.25
0, 2543, 64.5
0, 2544, 64.75
0, 2545, 65.0
0, 2546, 65.25
0, 2547, 65.5
0, 2548, 65.75
0, 2549, 66.0
0, 2550, 66.25
0, 2551, 66.5
0, 2552, 66.75
0, 2553, 67.0
0, 2554, 67.25
0, 2555, 67.5
0, 2556, 67.75
0, 2557, 68.0
0, 2558, 68.25
0, 2559, 68.5
0, 2560, 68.75
0, 2561, 69.0
0, 2562, 69.25
0, 2563, 69.5
0, 2564, 69.75
0, 2565, 70.0
0, 2566, 70.25
0, 2567, 70.5
0, 2568, 70.75
0, 2569, 71.0
0, 2570, 70.75
0, 2571, 70.5
0, 2572, 70.25
0, 2573, 70.0
0, 2574, 69.75
0, 2575, 69.5
0, 2576, 69.25
0, 2577, 69.0
0, 2578, 68.75
0, 2579, 68.5
0, 2580, 68.25
0, 2581, 68.0
0, 2582, 67.75
0, 2583, 67.5
0, 2584, 67.25
0, 2585, 67.0
0, 2586, 66.75
0, 2587, 66.5
0, 2588, 66.25
0, 2589, 66.0
0, 2590, 65.75
0, 2591, 65.5
0, 2592, 65.25
0, 2593, 65.0
0, 2594, 64.75
0, 2595, 64.5
0, 2596, 64.25
0, 2597, 64.0
0, 2598, 63.75
0, 2599, 63.5
0, 2600, 63.25
0, 2601, 63.0
0, 2602, 62.75
0, 2603, 62.5
0, 2604, 62.25
0, 2605, 62.0
0, 2606, 61.75
0, 2607, 61.5
0, 2608, 61.25
0, 2609, 61.0
0, 2610, 60.75
0, 2611, 60.5
0, 2612, 60.25
0, 2613, 60.0
0, 2614, 59.75
0, 2615, 59.5
0, 2616, 59.25
0, 2617, 59.0
0, 2618, 58.75
0, 2619, 58.5
0, 2620, 58.25
0, 2621, 58.0
0, 2622, 57.75
0, 2623, 57.5
0, 2624, 57.25
0, 2625, 57.0
0, 2626, 56.75
0, 2627, 56.5
0, 2628, 56.25
0, 2629, 56.0
0, 2630, 55.75
0, 2631, 55.5
0, 2632, 55.25
0, 2633, 55.0
0, 2634, 54.75
0, 2635, 54.5
0, 2636, 54.25
0, 2637, 54.0
0, 2638, 53.75
0, 2639, 53.5
0, 2640, 53.25
0, 2641, 53.0
0, 2642, 52.75
0, 2643, 52.5
0, 2644, 52.25
0, 2645, 52.0
0, 2646, 51.75
0, 2647, 51.5
0, 2648, 51.25
0, 2649, 51.0
0, 2650, 50.75
0, 2651, 50.5
0, 2652, 50.25
0, 2653, 50.0
0, 2654, 49.75
0, 2655, 49.5
0, 2656, 49.25
0, 2657, 49.0
0, 2658, 48.75
0, 2659, 49.0
0, 2660, 48.75
0, 2661, 48.5
0, 2662, 48.25
0, 2663, 48.0
0, 2664, 48.25
0, 2665, 48.5
0, 2666, 48.75
0, 2667, 49.0
0, 2668, 48.75
0, 2669, 49.0
0, 2670, 49.25
0, 2671, 49.5
0, 2672, 49.75
0, 2673, 50.0
0, 2674, 50.25
0, 2675, 50.5
0, 2676, 50.75
0, 2677, 51.0
0, 2678, 51.25
0, 2679, 51.5
0, 2680, 51.75
0, 2681, 52.0
0, 2682, 52.25
0, 2683, 52.5
0, 2684, 52.75
0, 2685, 53.0
0, 2686, 53.25
0, 2687, 53.5
0, 2688, 53.75
0, 2689, 54.0
0, 2690, 54.25
0, 2691, 54.5
0, 2692, 54.75
0, 2693, 55.0
0, 2694, 55.25
0, 2695, 55.5
0, 2696, 55.25
0, 2697, 55.5
0, 2698, 55.75
0, 2699, 56.0
0, 2700, 56.25
0, 2701, 56.5
0, 2702, 56.75
0, 2703, 56.5
0, 2704, 56.25
0, 2705, 56.0
0, 2706, 56.25
0, 2707, 56.5
0, 2708, 56.75
0, 2709, 57.0
0, 2710, 56.75
0, 2711, 56.5
0, 2712, 56.25
0, 2713, 56.0
0, 2714, 55.75
0, 2715, 56.0
0, 2716, 55.75
0, 2717, 55.5
0, 2718, 55.25
0, 2719, 55.0
0, 2720, 54.75
0, 2721, 54.5
0, 2722, 54.75
0, 2723, 54.5
0, 2724, 54.25
0, 2725, 54.0
0, 2726, 53.75
0, 2727, 53.5
0, 2728, 53.25
0, 2729, 53.0
0, 2730, 52.75
0, 2731, 52.5
0, 2732, 52.25
0, 2733, 52.0
0, 2734, 51.75
0, 2735, 51.5
0, 2736, 51.25
0, 2737, 51.0
0, 2738, 50.75
0, 2739, 50.5
0, 2740, 50.25
0, 2741, 50.0
0, 2742, 49.75
0, 2743, 50.0
0, 2744, 49.75
0, 2745, 49.5
0, 2746, 49.25
0, 2747, 49.0
0, 2748, 48.75
0, 2749, 48.5
0, 2750, 48.75
0, 2751, 48.5
0, 2752, 48.25
0, 2753, 48.0
0, 2754, 47.75
0, 2755, 47.5
0, 2756, 47.25
0, 2757, 47.5
0, 2758, 47.25
0, 2759, 47.0
0, 2760, 46.75
0, 2761, 46.5
0, 2762, 46.25
0, 2763, 46.0
0, 2764, 46.25
0, 2765, 46.5
0, 2766, 46.25
0, 2767, 46.0
0, 2768, 46.25
0, 2769, 46.5
0, 2770, 46.75
0, 2771, 47.0
0, 2772, 47.25
0, 2773, 47.5
0, 2774, 47.75
0, 2775, 48.0
0, 2776, 48.25
0, 2777, 48.5
0, 2778, 48.75
0, 2779, 49.0
0, 2780, 49.25
0, 2781, 49.5
0, 2782, 49.75
0, 2783, 50.0
0, 2784, 50.25
0, 2785, 50.5
0, 2786, 50.75
0, 2787, 51.0
0, 2788, 51.25
0, 2789, 51.5
0, 2790, 51.75
0, 2791, 52.0
0, 2792, 52.25
0, 2793, 52.5
0, 2794, 52.75
0, 2795, 53.0
0, 2796, 53.25
0, 2797, 53.5
0, 2798, 53.75
0, 2799, 54.0
0, 2800, 54.25
0, 2801, 54.5
0, 2802, 54.75
0, 2803, 55.0
0, 2804, 55.25
0, 2805, 55.5
0, 2806, 55.75
0, 2807, 56.0
0, 2808, 56.25
0, 2809, 56.5
0, 2810, 56.75
0, 2811, 57.0
0, 2812, 57.25
0, 2813, 57.5
0, 2814, 57.75
0, 2815, 58.0
0, 2816, 58.25
0, 2817, 58.5
0, 2818, 58.75
0, 2819, 59.0
0, 2820, 59.25
0, 2821, 59.5
0, 2822, 59.75
0, 2823, 60.0
0, 2824, 60.25
0, 2825, 60.5
0, 2826, 60.75
0, 2827, 61.0
0, 2828, 61.25
0, 2829, 61.5
0, 2830, 61.75
0, 2831, 62.0
0, 2832, 62.25
0, 2833, 62.5
0, 2834, 62.75
0, 2835, 63.0
0, 2836, 63.25
0, 2837, 63.5
0, 2838, 63.75
0, 2839, 64.0
0, 2840, 64.25
0, 2841, 64.5
0, 2842, 64.75
0, 2843, 65.0
0, 2844, 65.25
0, 2845, 65.5
0, 2846, 65.75
0, 2847, 66.0
0, 2848, 66.25
0, 2849, 66.5
0, 2850, 66.75
0, 2851, 67.0
0, 2852, 67.25
0, 2853, 67.5
0, 2854, 67.75
0, 2855, 68.0
0, 2856, 68.25
0, 2857, 68.5
0, 2858, 68.75
0, 2859, 69.0
0, 2860, 69.25
0, 2861, 69.5
0, 2862, 69.75
0, 2863, 70.0
0, 2864, 69.75
0, 2865, 70.0
0, 2866, 70.25
0, 2867, 70.5
0, 2868, 70.75
0, 2869, 71.0
0, 2870, 70.75
0, 2871, 70.5
0, 2872, 70.25
0, 2873, 70.0
0, 2874, 69.75
0, 2875, 69.5
0, 2876, 69.25
0, 2877, 69.0
0, 2878, 68.75
0, 2879, 68.5
0, 2880, 68.25
0, 2881, 68.0
0, 2882, 67.75
0, 2883, 67.5
0, 2884, 67.25
0, 2885, 67.0
0, 2886, 66.75
0, 2887, 66.5
0, 2888, 66.25
0, 2889, 66.0
0, 2890, 65.75
0, 2891, 65.5
0, 2892, 65.25
0, 2893, 65.0
0, 2894, 64.75
0, 2895, 64.5
0, 2896, 64.25
0, 2897, 64.0
0, 2898, 63.75
0, 2899, 63.5
0, 2900, 63.25
0, 2901, 63.0
0, 2902, 62.75
0, 2903, 62.5
0, 2904, 62.25
0, 2905, 62.0
0, 2906, 61.75
0, 2907, 61.5
0, 2908, 61.25
0, 2909, 61.0
0, 2910, 60.75
0, 2911, 60.5
0, 2912, 60.25
0, 2913, 60.0
0, 2914, 59.75
0, 2915, 59.5
0, 2916, 59.25
0, 2917, 59.0
0, 2918, 58.75
0, 2919, 58.5
0, 2920, 58.25
0, 2921, 58.0
0, 2922, 57.75
0, 2923, 57.5
0, 2924, 57.25
0, 2925, 57.0
0, 2926, 56.75
0, 2927, 56.5
0, 2928, 56.25
0, 2929, 56.0
0, 2930, 55.75
0, 2931, 55.5
0, 2932, 55.25
0, 2933, 55.0
0, 2934, 54.75
0, 2935, 54.5
0, 2936, 54.25
0, 2937, 54.0
0, 2938, 53.75
0, 2939, 53.5
0, 2940, 53.25
0, 2941, 53.0
0, 2942, 52.75
0, 2943, 52.5
0, 2944, 52.25
0, 2945, 52.0
0, 2946, 51.75
0, 2947, 51.5
0, 2948, 51.25
0, 2949, 51.0
0, 2950, 50.75
0, 2951, 50.5
0, 2952, 50.25
0, 2953, 50.0
0, 2954, 49.75
0, 2955, 49.5
0, 2956, 49.25
0, 2957, 49.0
0, 2958, 48.75
0, 2959, 48.5
0, 2960, 48.25
0, 2961, 48.0
0, 2962, 47.75
0, 2963, 47.5
0, 2964, 47.25
0, 2965, 47.0
0, 2966, 46.75
0, 2967, 46.5
0, 2968, 46.25
0, 2969, 46.0
0, 2970, 45.75
0, 2971, 45.5
0, 2972, 45.25
0, 2973, 45.0
0, 2974, 44.75
0, 2975, 44.5
0, 2976, 44.25
0, 2977, 44.0
0, 2978, 43.75
0, 2979, 43.5
0, 2980, 43.25
0, 2981, 43.0
0, 2982, 42.75
0, 2983, 42.5
0, 2984, 42.25
0, 2985, 42.0
0, 2986, 41.75
0, 2987, 41.5
0, 2988, 41.25
0, 2989, 41.0
0, 2990, 40.75
0, 2991, 40.5
0, 2992, 40.25
0, 2993, 40.0
0, 2994, 39.75
0, 2995, 39.5
0, 2996, 39.25
0, 2997, 39.0
0, 2998, 38.75
0, 2999, 38.5
0, 3000, 38.25
0, 3001, 38.0
0, 3002, 37.75
0, 3003, 37.5
0, 3004, 37.25
0, 3005, 37.0
0, 3006, 36.75
0, 3007, 36.5
0, 3008, 36.25
0, 3009, 36.0
0, 3010, 35.75
0, 3011, 35.5
0, 3012, 35.25
0, 3013, 35.0
0, 3014, 34.75
0, 3015, 34.5
0, 3016, 34.25
0, 3017, 34.0
0, 3018, 33.75
0, 3019, 33.5
0, 3020, 33.25
0, 3021, 33.0
0, 3022, 32.75
0, 3023, 32.5
0, 3024, 32.25
0, 3025, 32.0
0, 3026, 31.75
0, 3027, 31.5
0, 3028, 31.25
0, 3029, 31.0
0, 3030, 30.75
0, 3031, 30.5
0, 3032, 30.25
0, 3033, 30.0
0, 3034, 29.75
0, 3035, 29.5
0, 3036, 29.25
0, 3037, 29.0
0, 3038, 28.75
0, 3039, 28.5
0, 3040, 28.25
0, 3041, 28.0
0, 3042, 27.75
0, 3043, 27.5
0, 3044, 27.25
0, 3045, 27.0
0, 3046, 26.75
0, 3047, 26.5
0, 3048, 26.25
0, 3049, 26.0
0, 3050, 25.75
0, 3051, 25.5
0, 3052, 25.25
0, 3053, 25.0
0, 3054, 24.75
0, 3055, 24.5
0, 3056, 24.25
0, 3057, 24.0
0, 3058, 23.75
0, 3059, 23.5
0, 3060, 23.25
0, 3061, 23.0
0, 3062, 22.75
0, 3063, 22.5
0, 3064, 22.25
0, 3065, 22.0
0, 3066, 21.75
0, 3067, 21.5
0, 3068, 21.25
0, 3069, 21.0
0, 3070, 20.75
0, 3071, 20.5
0, 3072, 20.25
0, 3073, 20.0
0, 3074, 19.75
0, 3075, 19.5
0, 3076, 19.25
0, 3077, 19.0
0, 3078, 18.75
0, 3079, 18.5
0, 3080, 18.25
0, 3081, 18.0
0, 3082, 17.75
0, 3083, 17.5
0, 3084, 17.25
0, 3085, 17.0
0, 3086, 16.75
0, 3087, 16.5
0, 3088, 16.25
0, 3089, 16.0
0, 3090, 15.75
0, 3091, 15.5
0, 3092, 15.25
0, 3093, 15.0
0, 3094, 14.75
0, 3095, 14.5
0, 3096, 14.25
0, 3097, 14.0
0, 3098, 13.75
0, 3099, 13.5
0, 3100, 13.25
0, 3101, 13.0
0, 3102, 12.75
0, 3103, 12.5
0, 3104, 12.25
0, 3105, 12.0
0, 3106, 11.75
0, 3107, 11.5
0, 3108, 11.25
0, 3109, 11.0
0, 3110, 10.75
0, 3111, 10.5
0, 3112, 10.25
0, 3113, 10.0
0, 3114, 9.75
0, 3115, 9.5
0, 3116, 9.25
0, 3117, 9.0
0, 3118, 8.75
0, 3119, 8.5
0, 3120, 8.25
0, 3121, 8.0
0, 3122, 7.75
0, 3123, 7.5
0, 3124, 7.25
0, 3125, 7.0
0, 3126, 6.75
0, 3127, 6.5
0, 3128, 6.25
0, 3129, 6.0
0, 3130, 5.75
0, 3131, 5.5
0, 3132, 5.25
0, 3133, 5.0
0, 3134, 4.75
0, 3135, 4.5
0, 3136, 4.25
0, 3137, 4.0
0, 3138, 3.75
0, 3139, 3.5
0, 3140, 3.25
0, 3141, 3.0
0, 3142, 3.25
0, 3143, 3.5
0, 3144, 3.75
0, 3145, 4.0
0, 3146, 4.25
0, 3147, 4.5
0, 3148, 4.75
0, 3149, 5.0
0, 3150, 5.25
0, 3151, 5.5
0, 3152, 5.75
0, 3153, 6.0
0, 3154, 6.25
0, 3155, 6.5
0, 3156, 6.75
0, 3157, 7.0
0, 3158, 7.25
0, 3159, 7.5
0, 3160, 7.75
0, 3161, 8.0
0, 3162, 8.25
0, 3163, 8.5
0, 3164, 8.75
0, 3165, 9.0
0, 3166, 9.25
0, 3167, 9.5
0, 3168, 9.75
0, 3169, 10.0
0, 3170, 10.25
0, 3171, 10.5
0, 3172, 10.75
0, 3173, 11.0
0, 3174, 11.25
0, 3175, 11.5
0, 3176, 11.75
0, 3177, 12.0
0, 3178, 12.25
0, 3179, 12.5
0, 3180, 12.75
0, 3181, 13.0
0, 3182, 13.25
0, 3183, 13.5
0, 3184, 13.75
0, 3185, 14.0
0, 3186, 14.25
0, 3187, 14.5
0, 3188, 14.75
0, 3189, 15.0
0, 3190, 15.25
0, 3191, 15.5
0, 3192, 15.75
0, 3193, 16.0
0, 3194, 16.25
0, 3195, 16.5
0, 3196, 16.75
0, 3197, 17.0
0, 3198, 17.25
0, 3199, 17.5
0, 3200, 17.75
0, 3201, 18.0
0, 3202, 18.25
0, 3203, 18.5
0, 3204, 18.75
0, 3205, 19.0
0, 3206, 19.25
0, 3207, 19.5
0, 3208, 19.75
0, 3209, 20.0
0, 3210, 20.25
0, 3211, 20.5
0, 3212, 20.75
0, 3213, 21.0
0, 3214, 21.25
0, 3215, 21.5
0, 3216, 21.75
0, 3217, 22.0
0, 3218, 22.25
0, 3219, 22.5
0, 3220, 22.75
0, 3221, 23.0
0, 3222, 23.25
0, 3223, 23.5
0, 3224, 23.75
0, 3225, 24.0
0, 3226, 24.25
0, 3227, 24.5
0, 3228, 24.75
0, 3229, 25.0
0, 3230, 25.25
0, 3231, 25.5
0, 3232, 25.75
0, 3233, 26.0
0, 3234, 26.25
0, 3235, 26.5
0, 3236, 26.75
0, 3237, 27.0
0, 3238, 27.25
0, 3239, 27.5
0, 3240, 27.75
0, 3241, 28.0
0, 3242, 28.25
0, 3243, 28.5
0, 3244, 28.75
0, 3245, 29.0
0, 3246, 29.25
0, 3247, 29.5
0, 3248, 29.75
0, 3249, 30.0
0, 3250, 30.25
0, 3251, 30.5
0, 3252, 30.75
0, 3253, 31.0
0, 3254, 31.25
0, 3255, 31.5
0, 3256, 31.75
0, 3257, 32.0
0, 3258, 32.25
0, 3259, 32.5
0, 3260, 32.75
0, 3261, 33.0
0, 3262, 33.25
0, 3263, 33.5
0, 3264, 33.75
0, 3265, 34.0
0, 3266, 34.25
0, 3267, 34.5
0, 3268, 34.75
0, 3269, 35.0
0, 3270, 35.25
0, 3271, 35.0
0, 3272, 34.75
0, 3273, 34.5
0, 3274, 34.25
0, 3275, 34.0
0, 3276, 33.75
0, 3277, 33.5
0, 3278, 33.25
0, 3279, 33.0
0, 3280, 32.75
0, 3281, 32.5
0, 3282, 32.25
0, 3283, 32.0
0, 3284, 31.75
0, 3285, 31.5
0, 3286, 31.25
0, 3287, 31.0
0, 3288, 30.75
0, 3289, 30.5
0, 3290, 30.25
0, 3291, 30.0
0, 3292, 29.75
0, 3293, 29.5
0, 3294, 29.25
0, 3295, 29.0
0, 3296, 28.75
0, 3297, 28.5
0, 3298, 28.25
0, 3299, 28.0
0, 3300, 27.75
0, 3301, 27.5
0, 3302, 27.25
0, 3303, 27.0
0, 3304, 26.75
0, 3305, 26.5
0, 3306, 26.25
0, 3307, 26.0
0, 3308, 25.75
0, 3309, 25.5
0, 3310, 25.25
0, 3311, 25.0
0, 3312, 24.75
0, 3313, 24.5
0, 3314, 24.25
0, 3315, 24.0
0, 3316, 23.75
0, 3317, 23.5
0, 3318, 23.25
0, 3319, 23.0
0, 3320, 22.75
0, 3321, 22.5
0, 3322, 22.25
0, 3323, 22.0
0, 3324, 21.75
0, 3325, 21.5
0, 3326, 21.25
0, 3327, 21.0
0, 3328, 20.75
0, 3329, 20.5
0, 3330, 20.25
0, 3331, 20.0
0, 3332, 19.75
0, 3333, 19.5
0, 3334, 19.25
0, 3335, 19.0
0, 3336, 18.75
0, 3337, 18.5
0, 3338, 18.25
0, 3339, 18.0
0, 3340, 17.75
0, 3341, 17.5
0, 3342, 17.25
0, 3343, 17.0
0, 3344, 16.75
0, 3345, 16.5
0, 3346, 16.25
0, 3347, 16.0
0, 3348, 15.75
0, 3349, 15.5
0, 3350, 15.25
0, 3351, 15.0
0, 3352, 14.75
0, 3353, 14.5
0, 3354, 14.25
0, 3355, 14.0
0, 3356, 13.75
0, 3357, 13.5
0, 3358, 13.25
0, 3359, 13.0
0, 3360, 12.75
0, 3361, 12.5
0, 3362, 12.25
0, 3363, 12.0
0, 3364, 11.75
0, 3365, 11.5
0, 3366, 11.25
0, 3367, 11.0
0, 3368, 10.75
0, 3369, 10.5
0, 3370, 10.25
0, 3371, 10.0
0, 3372, 9.75
0, 3373, 9.5
0, 3374, 9.25
0, 3375, 9.0
0, 3376, 8.75
0, 3377, 8.5
0, 3378, 8.25
0, 3379, 8.0
0, 3380, 7.75
0, 3381, 7.5
0, 3382, 7.25
0, 3383, 7.0
0, 3384, 6.75
0, 3385, 6.5
0, 3386, 6.25
0, 3387, 6.0
0, 3388, 5.75
0, 3389, 5.5
0, 3390, 5.25
0, 3391, 5.0
0, 3392, 4.75
0, 3393, 4.5
0, 3394, 4.25
0, 3395, 4.0
0, 3396, 3.75
0, 3397, 3.5
0, 3398, 3.25
0, 3399, 3.0
0, 3400, 2.75
0, 3401, 2.5
0, 3402, 2.25
0, 3403, 2.0
0, 3404, 1.75
0, 3405, 1.5
0, 3406, 1.25
0, 3407, 1.0
0, 3408, 0.75
0, 3409, 0.75
0, 3410, 0.75
0, 3411, 0.75
0, 3412, 0.75
0, 3413, 0.75
0, 3414, 0.75
0, 3415, 0.75
0, 3416, 0.75
0, 3417, 0.75
0, 3418, 0.75
0, 3419, 0.75
0, 3420, 0.75
0, 3421, 0.75
0, 3422, 0.75
0, 3423, 0.75
0, 3424, 0.75
0, 3425, 0.75
0, 3426, 0.75
0, 3427, 0.75
0, 3428, 0.75
0, 3429, 0.75
0, 3430, 0.75
0, 3431, 0.75
0, 3432, 0.75
0, 3433, 0.75
0, 3434, 0.75
0, 3435, 0.75
0, 3436, 0.75
0, 3437, 0.75
0, 3438, 0.75
0, 3439, 0.75
0, 3440, 0.75
0, 3441, 0.75
0, 3442, 0.75
0, 3443, 0.75
0, 3444, 0.75
0, 3445, 0.75
0, 3446, 0.75
0, 3447, 0.75
0, 3448, 0.75
0, 3449, 0.75
0, 3450, 0.75
0, 3451, 0.75
0, 3452, 0.75
0, 3453, 0.75
0, 3454, 0.75
0, 3455, 0.75
0, 3456, 0.75
0, 3457, 0.75
0, 3458, 0.75
0, 3459, 0.75
0, 3460, 0.75
0, 3461, 0.75
0, 3462, 0.75
0, 3463, 0.75
0, 3464, 0.75
0, 3465, 0.75
0, 3466, 0.75
0, 3467, 0.75
0, 3468, 0.75
0, 3469, 0.75
0, 3470, 0.75
0, 3471, 0.75
0, 3472, 0.75
0, 3473, 0.75
0, 3474, 0.75
0, 3475, 0.75
0, 3476, 0.75
0, 3477, 0.75
0, 3478, 1.0
0, 3479, 1.25
0, 3480, 1.5
0, 3481, 1.75
0, 3482, 2.0
0, 3483, 2.25
0, 3484, 2.5
0, 3485, 2.75
0, 3486, 3.0
0, 3487, 3.25
0, 3488, 3.5
0, 3489, 3.75
0, 3490, 4.0
0, 3491, 4.25
0, 3492, 4.5
0, 3493, 4.75
0, 3494, 5.0
0, 3495, 5.25
0, 3496, 5.5
0, 3497, 5.75
0, 3498, 6.0
0, 3499, 6.25
0, 3500, 6.5
0, 3501, 6.75
0, 3502, 7.0
0, 3503, 7.25
0, 3504, 7.5
0, 3505, 7.75
0, 3506, 8.0
0, 3507, 8.25
0, 3508, 8.5
0, 3509, 8.75
0, 3510, 9.0
0, 3511, 9.25
0, 3512, 9.5
0, 3513, 9.75
0, 3514, 10.0
0, 3515, 10.25
0, 3516, 10.5
0, 3517, 10.75
0, 3518, 11.0
0, 3519, 11.25
0, 3520, 11.5
0, 3521, 11.75
0, 3522, 12.0
0, 3523, 12.25
0, 3524, 12.5
0, 3525, 12.75
0, 3526, 13.0
0, 3527, 13.25
0, 3528, 13.5
0, 3529, 13.75
0, 3530, 14.0
0, 3531, 14.25
0, 3532, 14.5
0, 3533, 14.75
0, 3534, 15.0
0, 3535, 15.25
0, 3536, 15.5
0, 3537, 15.75
0, 3538, 16.0
0, 3539, 16.25
0, 3540, 16.5
0, 3541, 16.75
0, 3542, 17.0
0, 3543, 17.25
0, 3544, 17.5
0, 3545, 17.75
0, 3546, 18.0
0, 3547, 18.25
0, 3548, 18.5
0, 3549, 18.75
0, 3550, 19.0
0, 3551, 19.25
0, 3552, 19.5
0, 3553, 19.75
0, 3554, 20.0
0, 3555, 20.25
0, 3556, 20.5
0, 3557, 20.75
0, 3558, 21.0
0, 3559, 21.25
0, 3560, 21.5
0, 3561, 21.75
0, 3562, 22.0
0, 3563, 22.25
0, 3564, 22.5
0, 3565, 22.75
0, 3566, 23.0
0, 3567, 23.25
0, 3568, 23.5
0, 3569, 23.75
0, 3570, 24.0
0, 3571, 23.75
0, 3572, 23.5
0, 3573, 23.25
0, 3574, 23.0
0, 3575, 22.75
0, 3576, 23.0
0, 3577, 22.75
0, 3578, 22.5
0, 3579, 22.25
0, 3580, 22.0
0, 3581, 21.75
0, 3582, 21.5
0, 3583, 21.25
0, 3584, 21.0
0, 3585, 20.75
0, 3586, 20.5
0, 3587, 20.25
0, 3588, 20.0
0, 3589, 19.75
0, 3590, 19.5
0, 3591, 19.25
0, 3592, 19.0
0, 3593, 18.75
0, 3594, 18.5
0, 3595, 18.25
0, 3596, 18.0
0, 3597, 17.75
0, 3598, 17.5
0, 3599, 17.25
0, 3600, 17.0
0, 3601, 16.75
0, 3602, 16.5
0, 3603, 16.25
0, 3604, 16.0
0, 3605, 15.75
0, 3606, 15.5
0, 3607, 15.25
0, 3608, 15.0
0, 3609, 14.75
0, 3610, 14.5
0, 3611, 14.25
0, 3612, 14.0
0, 3613, 13.75
0, 3614, 13.5
0, 3615, 13.25
0, 3616, 13.0
0, 3617, 12.75
0, 3618, 12.5
0, 3619, 12.25
0, 3620, 12.0
0, 3621, 11.75
0, 3622, 11.5
0, 3623, 11.25
0, 3624, 11.0
0, 3625, 10.75
0, 3626, 10.5
0, 3627, 10.25
0, 3628, 10.0
0, 3629, 9.75
0, 3630, 9.5
0, 3631, 9.25
0, 3632, 9.0
0, 3633, 8.75
0, 3634, 8.5
0, 3635, 8.25
0, 3636, 8.0
0, 3637, 7.75
0, 3638, 7.5
0, 3639, 7.25
0, 3640, 7.0
0, 3641, 6.75
0, 3642, 6.5
0, 3643, 6.25
0, 3644, 6.0
0, 3645, 5.75
0, 3646, 5.5
0, 3647, 5.25
0, 3648, 5.0
0, 3649, 4.75
0, 3650, 4.5
0, 3651, 4.25
0, 3652, 4.0
0, 3653, 3.75
0, 3654, 3.5
0, 3655, 3.25
0, 3656, 3.0
0, 3657, 2.75
0, 3658, 2.5
0, 3659, 2.25
0, 3660, 2.5
0, 3661, 2.75
0, 3662, 2.5
0, 3663, 2.25
0, 3664, 2.0
0, 3665, 1.75
0, 3666, 2.0
0, 3667, 2.25
0, 3668, 2.5
0, 3669, 2.75
0, 3670, 3.0
0, 3671, 3.25
0, 3672, 3.5
0, 3673, 3.75
0, 3674, 4.0
0, 3675, 4.25
0, 3676, 4.5
0, 3677, 4.75
0, 3678, 5.0
0, 3679, 5.25
0, 3680, 5.5
0, 3681, 5.75
0, 3682, 6.0
0, 3683, 6.25
0, 3684, 6.5
0, 3685, 6.75
0, 3686, 7.0
0, 3687, 7.25
0, 3688, 7.5
0, 3689, 7.75
0, 3690, 8.0
0, 3691, 8.25
0, 3692, 8.5
0, 3693, 8.75
0, 3694, 9.0
0, 3695, 9.25
0, 3696, 9.5
0, 3697, 9.75
0, 3698, 10.0
0, 3699, 10.25
0, 3700, 10.5
0, 3701, 10.75
0, 3702, 11.0
0, 3703, 11.25
0, 3704, 11.5
0, 3705, 11.75
0, 3706, 12.0
0, 3707, 12.25
0, 3708, 12.5
0, 3709, 12.75
0, 3710, 13.0
0, 3711, 13.25
0, 3712, 13.5
0, 3713, 13.75
0, 3714, 14.0
0, 3715, 14.25
0, 3716, 14.5
0, 3717, 14.75
0, 3718, 15.0
0, 3719, 15.25
0, 3720, 15.5
0, 3721, 15.75
0, 3722, 16.0
0, 3723, 16.25
0, 3724, 16.5
0, 3725, 16.75
0, 3726, 17.0
0, 3727, 17.25
0, 3728, 17.5
0, 3729, 17.75
0, 3730, 18.0
0, 3731, 18.25
0, 3732, 18.5
0, 3733, 18.75
0, 3734, 19.0
0, 3735, 19.25
0, 3736, 19.5
0, 3737, 19.75
0, 3738, 20.0
0, 3739, 20.25
0, 3740, 20.5
0, 3741, 20.75
0, 3742, 21.0
0, 3743, 21.25
0, 3744, 21.5
0, 3745, 21.75
0, 3746, 22.0
0, 3747, 22.25
0, 3748, 22.5
0, 3749, 22.75
0, 3750, 23.0
0, 3751, 23.25
0, 3752, 23.5
0, 3753, 23.75
0, 3754, 24.0
0, 3755, 24.25
0, 3756, 24.5
0, 3757, 24.75
0, 3758, 25.0
0, 3759, 25.25
0, 3760, 25.5
0, 3761, 25.75
0, 3762, 26.0
0, 3763, 26.25
0, 3764, 26.5
0, 3765, 26.75
0, 3766, 27.0
0, 3767, 27.25
0, 3768, 27.5
0, 3769, 27.75
0, 3770, 28.0
0, 3771, 28.25
0, 3772, 28.5
0, 3773, 28.75
0, 3774, 29.0
0, 3775, 29.25
0, 3776, 29.5
0, 3777, 29.75
0, 3778, 30.0
0, 3779, 30.25
0, 3780, 30.5
0, 3781, 30.75
0, 3782, 31.0
0, 3783, 31.25
0, 3784, 31.5
0, 3785, 31.75
0, 3786, 32.0
0, 3787, 32.25
0, 3788, 32.5
0, 3789, 32.75
0, 3790, 33.0
0, 3791, 33.25
0, 3792, 33.5
0, 3793, 33.75
0, 3794, 34.0
0, 3795, 33.75
0, 3796, 33.5
0, 3797, 33.25
0, 3798, 33.0
0, 3799, 32.75
0, 3800, 32.5
0, 3801, 32.25
0, 3802, 32.0
0, 3803, 31.75
0, 3804, 31.5
0, 3805, 31.25
0, 3806, 31.0
0, 3807, 30.75
0, 3808, 30.5
0, 3809, 30.25
0, 3810, 30.0
0, 3811, 29.75
0, 3812, 29.5
0, 3813, 29.25
0, 3814, 29.0
0, 3815, 28.75
0, 3816, 28.5
0, 3817, 28.25
0, 3818, 28.0
0, 3819, 27.75
0, 3820, 27.5
0, 3821, 27.25
0, 3822, 27.0
0, 3823, 26.75
0, 3824, 26.5
0, 3825, 26.25
0, 3826, 26.0
0, 3827, 25.75
0, 3828, 25.5
0, 3829, 25.25
0, 3830, 25.0
0, 3831, 24.75
0, 3832, 24.5
0, 3833, 24.25
0, 3834, 24.0
0, 3835, 23.75
0, 3836, 23.5
0, 3837, 23.25
0, 3838, 23.0
0, 3839, 22.75
0, 3840, 22.5
0, 3841, 22.25
0, 3842, 22.0
0, 3843, 21.75
0, 3844, 21.5
0, 3845, 21.25
0, 3846, 21.0
0, 3847, 20.75
0, 3848, 20.5
0, 3849, 20.25
0, 3850, 20.0
0, 3851, 19.75
0, 3852, 19.5
0, 3853, 19.25
0, 3854, 19.0
0, 3855, 18.75
0, 3856, 18.5
0, 3857, 18.25
0, 3858, 18.0
0, 3859, 17.75
0, 3860, 17.5
0, 3861, 17.25
0, 3862, 17.0
0, 3863, 16.75
0, 3864, 16.5
0, 3865, 16.25
0, 3866, 16.0
0, 3867, 15.75
0, 3868, 15.5
0, 3869, 15.25
0, 3870, 15.0
0, 3871, 14.75
0, 3872, 14.5
0, 3873, 14.25
0, 3874, 14.0
0, 3875, 13.75
0, 3876, 13.5
0, 3877, 13.25
0, 3878, 13.0
0, 3879, 12.75
0, 3880, 12.5
0, 3881, 12.25
0, 3882, 12.0
0, 3883, 11.75
0, 3884, 11.5
0, 3885, 11.25
0, 3886, 11.0
0, 3887, 10.75
0, 3888, 10.5
0, 3889, 10.25
0, 3890, 10.0
0, 3891, 9.75
0, 3892, 9.5
0, 3893, 9.25
0, 3894, 9.0
0, 3895, 8.75
0, 3896, 8.5
0, 3897, 8.25
0, 3898, 8.0
0, 3899, 7.75
0, 3900, 7.5
0, 3901, 7.25
0, 3902, 7.0
0, 3903, 6.75
0, 3904, 6.5
0, 3905, 6.75
0, 3906, 7.0
0, 3907, 6.75
0, 3908, 6.5
0, 3909, 6.25
0, 3910, 6.0
0, 3911, 5.75
0, 3912, 6.0
0, 3913, 6.25
0, 3914, 6.0
0, 3915, 5.75
0, 3916, 5.5
0, 3917, 5.25
0, 3918, 5.0
0, 3919, 5.25
0, 3920, 5.5
0, 3921, 5.25
0, 3922, 5.0
0, 3923, 5.25
0, 3924, 5.5
0, 3925, 5.75
0, 3926, 6.0
0, 3927, 6.25
0, 3928, 6.5
0, 3929, 6.75
0, 3930, 7.0
0, 3931, 7.25
0, 3932, 7.5
0, 3933, 7.75
0, 3934, 8.0
0, 3935, 8.25
0, 3936, 8.5
0, 3937, 8.75
0, 3938, 9.0
0, 3939, 9.25
0, 3940, 9.5
0, 3941, 9.75
0, 3942, 10.0
0, 3943, 10.25
0, 3944, 10.5
0, 3945, 10.75
0, 3946, 11.0
0, 3947, 11.25
0, 3948, 11.5
0, 3949, 11.75
0, 3950, 12.0
0, 3951, 12.25
0, 3952, 12.5
0, 3953, 12.75
0, 3954, 13.0
0, 3955, 13.25
0, 3956, 13.5
0, 3957, 13.75
0, 3958, 14.0
0, 3959, 14.25
0, 3960, 14.5
0, 3961, 14.75
0, 3962, 15.0
0, 3963, 15.25
0, 3964, 15.5
0, 3965, 15.75
0, 3966, 16.0
0, 3967, 16.25
0, 3968, 16.5
0, 3969, 16.75
0, 3970, 17.0
0, 3971, 17.25
0, 3972, 17.5
0, 3973, 17.75
0, 3974, 18.0
0, 3975, 18.25
0, 3976, 18.5
0, 3977, 18.75
0, 3978, 19.0
0, 3979, 19.25
0, 3980, 19.5
0, 3981, 19.75
0, 3982, 20.0
0, 3983, 20.25
0, 3984, 20.5
0, 3985, 20.75
0, 3986, 21.0
0, 3987, 21.25
0, 3988, 21.5
0, 3989, 21.75
0, 3990, 22.0
0, 3991, 22.25
0, 3992, 22.5
0, 3993, 22.75
0, 3994, 23.0
0, 3995, 23.25
0, 3996, 23.5
0, 3997, 23.75
0, 3998, 24.0
0, 3999, 24.25
0, 4000, 24.5
0, 4001, 24.75
0, 4002, 25.0
0, 4003, 25.25
0, 4004, 25.5
0, 4005, 25.75
0, 4006, 26.0
0, 4007, 26.25
0, 4008, 26.5
0, 4009, 26.75
0, 4010, 27.0
0, 4011, 27.25
0, 4012, 27.5
0, 4013, 27.75
0, 4014, 28.0
0, 4015, 28.25
0, 4016, 28.5
0, 4017, 28.75
0, 4018, 29.0
0, 4019, 29.25
0, 4020, 29.0
0, 4021, 29.25
0, 4022, 29.5
0, 4023, 29.75
0, 4024, 30.0
0, 4025, 30.25
0, 4026, 30.0
0, 4027, 29.75
0, 4028, 29.5
0, 4029, 29.25
0, 4030, 29.0
0, 4031, 28.75
0, 4032, 28.5
0, 4033, 28.25
0, 4034, 28.0
0, 4035, 27.75
0, 4036, 27.5
0, 4037, 27.25
0, 4038, 27.0
0, 4039, 26.75
0, 4040, 26.5
0, 4041, 26.25
0, 4042, 26.0
0, 4043, 25.75
0, 4044, 25.5
0, 4045, 25.25
0, 4046, 25.0
0, 4047, 24.75
0, 4048, 24.5
0, 4049, 24.25
0, 4050, 24.0
0, 4051, 23.75
0, 4052, 23.5
0, 4053, 23.25
0, 4054, 23.0
0, 4055, 22.75
0, 4056, 22.5
0, 4057, 22.25
0, 4058, 22.0
0, 4059, 21.75
0, 4060, 21.5
0, 4061, 21.25
0, 4062, 21.0
0, 4063, 20.75
0, 4064, 20.5
0, 4065, 20.25
0, 4066, 20.0
0, 4067, 19.75
0, 4068, 19.5
0, 4069, 19.25
0, 4070, 19.0
0, 4071, 18.75
0, 4072, 18.5
0, 4073, 18.25
0, 4074, 18.0
0, 4075, 17.75
0, 4076, 17.5
0, 4077, 17.25
0, 4078, 17.0
0, 4079, 16.75
0, 4080, 16.5
0, 4081, 16.25
0, 4082, 16.0
0, 4083, 15.75
0, 4084, 15.5
0, 4085, 15.25
0, 4086, 15.0
0, 4087, 14.75
0, 4088, 14.5
0, 4089, 14.25
0, 4090, 14.0
0, 4091, 13.75
0, 4092, 13.5
0, 4093, 13.25
0, 4094, 13.0
0, 4095, 12.75
0, 4096, 12.5
0, 4097, 12.25
0, 4098, 12.0
0, 4099, 11.75
0, 4100, 11.5
0, 4101, 11.25
0, 4102, 11.0
0, 4103, 10.75
0, 4104, 10.5
0, 4105, 10.25
0, 4106, 10.0
0, 4107, 9.75
0, 4108, 9.5
0, 4109, 9.25
0, 4110, 9.0
0, 4111, 8.75
0, 4112, 8.5
0, 4113, 8.25
0, 4114, 8.0
0, 4115, 7.75
0, 4116, 7.5
0, 4117, 7.25
0, 4118, 7.0
0, 4119, 6.75
0, 4120, 6.5
0, 4121, 6.25
0, 4122, 6.0
0, 4123, 5.75
0, 4124, 5.5
0, 4125, 5.25
0, 4126, 5.0
0, 4127, 4.75
0, 4128, 4.5
0, 4129, 4.25
0, 4130, 4.0
0, 4131, 3.75
0, 4132, 3.5
0, 4133, 3.25
0, 4134, 3.0
0, 4135, 2.75
0, 4136, 3.0
0, 4137, 3.25
0, 4138, 3.5
0, 4139, 3.75
0, 4140, 4.0
0, 4141, 4.25
0, 4142, 4.5
0, 4143, 4.75
0, 4144, 5.0
0, 4145, 5.25
0, 4146, 5.5
0, 4147, 5.75
0, 4148, 6.0
0, 4149, 6.25
0, 4150, 6.5
0, 4151, 6.75
0, 4152, 7.0
0, 4153, 7.25
0, 4154, 7.5
0, 4155, 7.75
0, 4156, 8.0
0, 4157, 8.25
0, 4158, 8.5
0, 4159, 8.75
0, 4160, 9.0
0, 4161, 9.25
0, 4162, 9.5
0, 4163, 9.75
0, 4164, 10.0
0, 4165, 10.25
0, 4166, 10.5
0, 4167, 10.75
0, 4168, 11.0
0, 4169, 11.25
0, 4170, 11.5
0, 4171, 11.75
0, 4172, 12.0
0, 4173, 12.25
0, 4174, 12.5
0, 4175, 12.75
0, 4176, 13.0
0, 4177, 13.25
0, 4178, 13.5
0, 4179, 13.75
0, 4180, 14.0
0, 4181, 14.25
0, 4182, 14.5
0, 4183, 14.75
0, 4184, 15.0
0, 4185, 15.25
0, 4186, 15.5
0, 4187, 15.75
0, 4188, 16.0
0, 4189, 16.25
0, 4190, 16.5
0, 4191, 16.75
0, 4192, 17.0
0, 4193, 17.25
0, 4194, 17.5
0, 4195, 17.75
0, 4196, 18.0
0, 4197, 18.25
0, 4198, 18.5
0, 4199, 18.75
0, 4200, 19.0
0, 4201, 19.25
0, 4202, 19.5
0, 4203, 19.75
0, 4204, 20.0
0, 4205, 20.25
0, 4206, 20.5
0, 4207, 20.75
0, 4208, 21.0
0, 4209, 21.25
0, 4210, 21.5
0, 4211, 21.75
0, 4212, 22.0
0, 4213, 22.25
0, 4214, 22.5
0, 4215, 22.75
0, 4216, 23.0
0, 4217, 23.25
0, 4218, 23.5
0, 4219, 23.75
0, 4220, 24.0
0, 4221, 24.25
0, 4222, 24.5
0, 4223, 24.75
0, 4224, 25.0
0, 4225, 25.25
0, 4226, 25.5
0, 4227, 25.75
0, 4228, 26.0
0, 4229, 26.25
0, 4230, 26.5
0, 4231, 26.75
0, 4232, 27.0
0, 4233, 27.25
0, 4234, 27.5
0, 4235, 27.75
0, 4236, 28.0
0, 4237, 28.25
0, 4238, 28.5
0, 4239, 28.75
0, 4240, 29.0
0, 4241, 29.25
0, 4242, 29.5
0, 4243, 29.75
0, 4244, 30.0
0, 4245, 30.25
0, 4246, 30.5
0, 4247, 30.75
0, 4248, 31.0
0, 4249, 31.25
0, 4250, 31.5
0, 4251, 31.75
0, 4252, 32.0
0, 4253, 32.25
0, 4254, 32.5
0, 4255, 32.75
0, 4256, 33.0
0, 4257, 33.25
0, 4258, 33.5
0, 4259, 33.75
0, 4260, 34.0
0, 4261, 34.25
0, 4262, 34.5
0, 4263, 34.75
0, 4264, 35.0
0, 4265, 35.25
0, 4266, 35.5
0, 4267, 35.75
0, 4268, 35.5
0, 4269, 35.75
0, 4270, 36.0
0, 4271, 35.75
0, 4272, 35.5
0, 4273, 35.25
0, 4274, 35.0
0, 4275, 34.75
0, 4276, 34.5
0, 4277, 34.25
0, 4278, 34.0
0, 4279, 33.75
0, 4280, 33.5
0, 4281, 33.25
0, 4282, 33.0
0, 4283, 32.75
0, 4284, 32.5
0, 4285, 32.25
0, 4286, 32.0
0, 4287, 31.75
0, 4288, 31.5
0, 4289, 31.25
0, 4290, 31.0
0, 4291, 30.75
0, 4292, 30.5
0, 4293, 30.25
0, 4294, 30.0
0, 4295, 29.75
0, 4296, 29.5
0, 4297, 29.25
0, 4298, 29.0
0, 4299, 28.75
0, 4300, 28.5
0, 4301, 28.25
0, 4302, 28.0
0, 4303, 27.75
0, 4304, 27.5
0, 4305, 27.25
0, 4306, 27.0
0, 4307, 26.75
0, 4308, 26.5
0, 4309, 26.25
0, 4310, 26.0
0, 4311, 25.75
0, 4312, 25.5
0, 4313, 25.25
0, 4314, 25.0
0, 4315, 24.75
0, 4316, 24.5
0, 4317, 24.25
0, 4318, 24.0
0, 4319, 23.75
0, 4320, 23.5
0, 4321, 23.25
0, 4322, 23.0
0, 4323, 22.75
0, 4324, 22.5
0, 4325, 22.25
0, 4326, 22.0
0, 4327, 21.75
0, 4328, 21.5
0, 4329, 21.25
0, 4330, 21.0
0, 4331, 20.75
0, 4332, 20.5
0, 4333, 20.25
0, 4334, 20.0
0, 4335, 19.75
0, 4336, 19.5
0, 4337, 19.25
0, 4338, 19.0
0, 4339, 18.75
0, 4340, 18.5
0, 4341, 18.25
0, 4342, 18.0
0, 4343, 17.75
0, 4344, 17.5
0, 4345, 17.25
0, 4346, 17.0
0, 4347, 16.75
0, 4348, 16.5
0, 4349, 16.25
0, 4350, 16.0
0, 4351, 15.75
0, 4352, 15.5
0, 4353, 15.25
0, 4354, 15.0
0, 4355, 14.75
0, 4356, 14.5
0, 4357, 14.25
0, 4358, 14.0
0, 4359, 13.75
0, 4360, 13.5
0, 4361, 13.25
0, 4362, 13.0
0, 4363, 12.75
0, 4364, 12.5
0, 4365, 12.25
0, 4366, 12.0
0, 4367, 11.75
0, 4368, 11.5
0, 4369, 11.25
0, 4370, 11.0
0, 4371, 10.75
0, 4372, 10.5
0, 4373, 10.25
0, 4374, 10.0
0, 4375, 9.75
0, 4376, 9.5
0, 4377, 9.25
0, 4378, 9.0
0, 4379, 8.75
0, 4380, 8.5
0, 4381, 8.25
0, 4382, 8.0
0, 4383, 7.75
0, 4384, 7.5
0, 4385, 7.25
0, 4386, 7.0
0, 4387, 6.75
0, 4388, 6.5
0, 4389, 6.25
0, 4390, 6.0
0, 4391, 5.75
0, 4392, 5.5
0, 4393, 5.25
0, 4394, 5.0
0, 4395, 4.75
0, 4396, 4.5
0, 4397, 4.25
0, 4398, 4.0
0, 4399, 3.75
0, 4400, 3.5
0, 4401, 3.25
0, 4402, 3.0
0, 4403, 2.75
0, 4404, 2.5
0, 4405, 2.25
0, 4406, 2.0
0, 4407, 1.75
0, 4408, 1.5
0, 4409, 1.25
0, 4410, 1.0
0, 4411, 0.75
0, 4412, 0.75
0, 4413, 0.75
0, 4414, 0.75
0, 4415, 0.75
0, 4416, 0.75
0, 4417, 0.75
0, 4418, 0.75
0, 4419, 0.75
0, 4420, 0.75
0, 4421, 0.75
0, 4422, 0.75
0, 4423, 0.75
0, 4424, 0.75
0, 4425, 0.75
0, 4426, 0.75
0, 4427, 0.75
0, 4428, 0.75
0, 4429, 0.75
0, 4430, 0.75
0, 4431, 0.75
0, 4432, 0.75
0, 4433, 0.75
0, 4434, 0.75
0, 4435, 0.75
0, 4436, 0.75
0, 4437, 1.0
0, 4438, 1.25
0, 4439, 1.5
0, 4440, 1.75
0, 4441, 2.0
0, 4442, 2.25
0, 4443, 2.5
0, 4444, 2.75
0, 4445, 3.0
0, 4446, 3.25
0, 4447, 3.5
0, 4448, 3.75
0, 4449, 4.0
0, 4450, 4.25
0, 4451, 4.5
0, 4452, 4.75
0, 4453, 5.0
0, 4454, 5.25
0, 4455, 5.5
0, 4456, 5.75
0, 4457, 6.0
0, 4458, 6.25
0, 4459, 6.5
0, 4460, 6.75
0, 4461, 7.0
0, 4462, 7.25
0, 4463, 7.5
0, 4464, 7.75
0, 4465, 8.0
0, 4466, 8.25
0, 4467, 8.5
0, 4468, 8.75
0, 4469, 9.0
0, 4470, 9.25
0, 4471, 9.5
0, 4472, 9.75
0, 4473, 10.0
0, 4474, 10.25
0, 4475, 10.5
0, 4476, 10.75
0, 4477, 11.0
0, 4478, 11.25
0, 4479, 11.5
0, 4480, 11.75
0, 4481, 12.0
0, 4482, 12.25
0, 4483, 12.5
0, 4484, 12.75
0, 4485, 13.0
0, 4486, 13.25
0, 4487, 13.5
0, 4488, 13.75
0, 4489, 14.0
0, 4490, 14.25
0, 4491, 14.5
0, 4492, 14.75
0, 4493, 15.0
0, 4494, 15.25
0, 4495, 15.5
0, 4496, 15.75
0, 4497, 16.0
0, 4498, 16.25
0, 4499, 16.5
0, 4500, 16.75
0, 4501, 17.0
0, 4502, 17.25
0, 4503, 17.5
0, 4504, 17.75
0, 4505, 18.0
0, 4506, 18.25
0, 4507, 18.5
0, 4508, 18.75
0, 4509, 19.0
0, 4510, 19.25
0, 4511, 19.5
0, 4512, 19.75
0, 4513, 20.0
0, 4514, 20.25
0, 4515, 20.5
0, 4516, 20.75
0, 4517, 21.0
0, 4518, 21.25
0, 4519, 21.5
0, 4520, 21.75
0, 4521, 22.0
0, 4522, 22.25
0, 4523, 22.5
0, 4524, 22.75
0, 4525, 23.0
0, 4526, 23.25
0, 4527, 23.5
0, 4528, 23.75
0, 4529, 24.0
0, 4530, 24.25
0, 4531, 24.5
0, 4532, 24.75
0, 4533, 25.0
0, 4534, 25.25
0, 4535, 25.5
0, 4536, 25.75
0, 4537, 26.0
0, 4538, 26.25
0, 4539, 26.5
0, 4540, 26.75
0, 4541, 27.0
0, 4542, 27.25
0, 4543, 27.5
0, 4544, 27.75
0, 4545, 28.0
0, 4546, 28.25
0, 4547, 28.5
0, 4548, 28.75
0, 4549, 29.0
0, 4550, 29.25
0, 4551, 29.5
0, 4552, 29.75
0, 4553, 30.0
0, 4554, 30.25
0, 4555, 30.5
0, 4556, 30.75
0, 4557, 31.0
0, 4558, 31.25
0, 4559, 31.5
0, 4560, 31.75
0, 4561, 32.0
0, 4562, 32.25
0, 4563, 32.5
0, 4564, 32.75
0, 4565, 33.0
0, 4566, 33.25
0, 4567, 33.5
0, 4568, 33.75
0, 4569, 34.0
0, 4570, 34.25
0, 4571, 34.5
0, 4572, 34.75
0, 4573, 35.0
0, 4574, 35.25
0, 4575, 35.5
0, 4576, 35.75
0, 4577, 36.0
0, 4578, 36.25
0, 4579, 36.5
0, 4580, 36.75
0, 4581, 37.0
0, 4582, 37.25
0, 4583, 37.5
0, 4584, 37.75
0, 4585, 38.0
0, 4586, 38.25
0, 4587, 38.5
0, 4588, 38.75
0, 4589, 39.0
0, 4590, 39.25
0, 4591, 39.5
0, 4592, 39.75
0, 4593, 40.0
0, 4594, 40.25
0, 4595, 40.5
0, 4596, 40.75
0, 4597, 41.0
0, 4598, 41.25
0, 4599, 41.5
0, 4600, 41.75
0, 4601, 42.0
0, 4602, 42.25
0, 4603, 42.5
0, 4604, 42.75
0, 4605, 43.0
0, 4606, 43.25
0, 4607, 43.5
0, 4608, 43.75
0, 4609, 44.0
0, 4610, 44.25
0, 4611, 44.5
0, 4612, 44.75
0, 4613, 45.0
0, 4614, 45.25
0, 4615, 45.5
0, 4616, 45.75
0, 4617, 46.0
0, 4618, 46.25
0, 4619, 46.5
0, 4620, 46.75
0, 4621, 47.0
0, 4622, 47.25
0, 4623, 47.5
0, 4624, 47.75
0, 4625, 48.0
0, 4626, 48.25
0, 4627, 48.5
0, 4628, 48.75
0, 4629, 49.0
0, 4630, 49.25
0, 4631, 49.5
0, 4632, 49.75
0, 4633, 50.0
0, 4634, 50.25
0, 4635, 50.5
0, 4636, 50.75
0, 4637, 51.0
0, 4638, 51.25
0, 4639, 51.5
0, 4640, 51.75
0, 4641, 52.0
0, 4642, 52.25
0, 4643, 52.5
0, 4644, 52.75
0, 4645, 53.0
0, 4646, 53.25
0, 4647, 53.5
0, 4648, 53.75
0, 4649, 54.0
0, 4650, 54.25
0, 4651, 54.5
0, 4652, 54.75
0, 4653, 55.0
0, 4654, 55.25
0, 4655, 55.5
0, 4656, 55.75
0, 4657, 56.0
0, 4658, 56.25
0, 4659, 56.5
0, 4660, 56.75
0, 4661, 57.0
0, 4662, 57.25
0, 4663, 57.5
0, 4664, 57.75
0, 4665, 58.0
0, 4666, 58.25
0, 4667, 58.5
0, 4668, 58.75
0, 4669, 58.5
0, 4670, 58.25
0, 4671, 58.0
0, 4672, 57.75
0, 4673, 57.5
0, 4674, 57.25
0, 4675, 57.0
0, 4676, 56.75
0, 4677, 56.5
0, 4678, 56.25
0, 4679, 56.0
0, 4680, 55.75
0, 4681, 55.5
0, 4682, 55.25
0, 4683, 55.0
0, 4684, 54.75
0, 4685, 54.5
0, 4686, 54.25
0, 4687, 54.0
0, 4688, 53.75
0, 4689, 53.5
0, 4690, 53.25
0, 4691, 53.0
0, 4692, 52.75
0, 4693, 52.5
0, 4694, 52.25
0, 4695, 52.0
0, 4696, 51.75
0, 4697, 51.5
0, 4698, 51.25
0, 4699, 51.0
0, 4700, 50.75
0, 4701, 50.5
0, 4702, 50.25
0, 4703, 50.0
0, 4704, 49.75
0, 4705, 49.5
0, 4706, 49.25
0, 4707, 49.0
0, 4708, 48.75
0, 4709, 48.5
0, 4710, 48.25
0, 4711, 48.0
0, 4712, 47.75
0, 4713, 47.5
0, 4714, 47.25
0, 4715, 47.0
0, 4716, 46.75
0, 4717, 46.5
0, 4718, 46.25
0, 4719, 46.0
0, 4720, 45.75
0, 4721, 45.5
0, 4722, 45.25
0, 4723, 45.0
0, 4724, 44.75
0, 4725, 44.5
0, 4726, 44.25
0, 4727, 44.0
0, 4728, 43.75
0, 4729, 43.5
0, 4730, 43.25
0, 4731, 43.0
0, 4732, 42.75
0, 4733, 42.5
0, 4734, 42.25
0, 4735, 42.0
0, 4736, 41.75
0, 4737, 41.5
0, 4738, 41.25
0, 4739, 41.0
0, 4740, 40.75
0, 4741, 40.5
0, 4742, 40.25
0, 4743, 40.0
0, 4744, 39.75
0, 4745, 39.5
0, 4746, 39.25
0, 4747, 39.0
0, 4748, 38.75
0, 4749, 38.5
0, 4750, 38.25
0, 4751, 38.0
0, 4752, 37.75
0, 4753, 37.5
0, 4754, 37.25
0, 4755, 37.0
0, 4756, 36.75
0, 4757, 36.5
0, 4758, 36.25
0, 4759, 36.0
0, 4760, 35.75
0, 4761, 35.5
0, 4762, 35.25
0, 4763, 35.0
0, 4764, 34.75
0, 4765, 34.5
0, 4766, 34.25
0, 4767, 34.0
0, 4768, 33.75
0, 4769, 33.5
0, 4770, 33.25
0, 4771, 33.0
0, 4772, 32.75
0, 4773, 32.5
0, 4774, 32.25
0, 4775, 32.0
0, 4776, 31.75
0, 4777, 31.5
0, 4778, 31.25
0, 4779, 31.0
0, 4780, 30.75
0, 4781, 30.5
0, 4782, 30.25
0, 4783, 30.0
0, 4784, 29.75
0, 4785, 29.5
0, 4786, 29.25
0, 4787, 29.0
0, 4788, 28.75
0, 4789, 28.5
0, 4790, 28.25
0, 4791, 28.0
0, 4792, 27.75
0, 4793, 27.5
0, 4794, 27.25
0, 4795, 27.0
0, 4796, 26.75
0, 4797, 26.5
0, 4798, 26.25
0, 4799, 26.0
0, 4800, 25.75
0, 4801, 25.5
0, 4802, 25.25
0, 4803, 25.0
0, 4804, 24.75
0, 4805, 24.5
0, 4806, 24.25
0, 4807, 24.0
0, 4808, 23.75
0, 4809, 23.5
0, 4810, 23.25
0, 4811, 23.0
0, 4812, 22.75
0, 4813, 22.5
0, 4814, 22.25
0, 4815, 22.0
0, 4816, 21.75
0, 4817, 21.5
0, 4818, 21.25
0, 4819, 21.0
0, 4820, 20.75
0, 4821, 20.5
0, 4822, 20.25
0, 4823, 20.0
0, 4824, 19.75
0, 4825, 19.5
0, 4826, 19.25
0, 4827, 19.0
0, 4828, 18.75
0, 4829, 18.5
0, 4830, 18.25
0, 4831, 18.0
0, 4832, 17.75
0, 4833, 17.5
0, 4834, 17.25
0, 4835, 17.0
0, 4836, 16.75
0, 4837, 16.5
0, 4838, 16.25
0, 4839, 16.0
0, 4840, 15.75
0, 4841, 15.5
0, 4842, 15.25
0, 4843, 15.0
0, 4844, 14.75
0, 4845, 14.5
0, 4846, 14.25
0, 4847, 14.0
0, 4848, 13.75
0, 4849, 13.5
0, 4850, 13.75
0, 4851, 14.0
0, 4852, 13.75
0, 4853, 13.5
0, 4854, 13.75
0, 4855, 14.0
0, 4856, 14.25
0, 4857, 14.5
0, 4858, 14.75
0, 4859, 15.0
0, 4860, 15.25
0, 4861, 15.5
0, 4862, 15.75
0, 4863, 16.0
0, 4864, 16.25
0, 4865, 16.5
0, 4866, 16.75
0, 4867, 17.0
0, 4868, 17.25
0, 4869, 17.5
0, 4870, 17.75
0, 4871, 18.0
0, 4872, 18.25
0, 4873, 18.5
0, 4874, 18.75
0, 4875, 19.0
0, 4876, 19.25
0, 4877, 19.5
0, 4878, 19.75
0, 4879, 20.0
0, 4880, 20.25
0, 4881, 20.5
0, 4882, 20.75
0, 4883, 21.0
0, 4884, 21.25
0, 4885, 21.5
0, 4886, 21.75
0, 4887, 22.0
0, 4888, 22.25
0, 4889, 22.5
0, 4890, 22.75
0, 4891, 23.0
0, 4892, 23.25
0, 4893, 23.5
0, 4894, 23.75
0, 4895, 24.0
0, 4896, 24.25
0, 4897, 24.5
0, 4898, 24.75
0, 4899, 25.0
0, 4900, 25.25
0, 4901, 25.5
0, 4902, 25.75
0, 4903, 26.0
0, 4904, 26.25
0, 4905, 26.5
0, 4906, 26.75
0, 4907, 27.0
0, 4908, 27.25
0, 4909, 27.5
0, 4910, 27.75
0, 4911, 28.0
0, 4912, 28.25
0, 4913, 28.5
0, 4914, 28.75
0, 4915, 29.0
0, 4916, 29.25
0, 4917, 29.5
0, 4918, 29.75
0, 4919, 30.0
0, 4920, 30.25
0, 4921, 30.5
0, 4922, 30.75
0, 4923, 31.0
0, 4924, 31.25
0, 4925, 31.5
0, 4926, 31.75
0, 4927, 32.0
0, 4928, 32.25
0, 4929, 32.5
0, 4930, 32.75
0, 4931, 33.0
0, 4932, 33.25
0, 4933, 33.5
0, 4934, 33.75
0, 4935, 34.0
0, 4936, 34.25
0, 4937, 34.5
0, 4938, 34.75
0, 4939, 35.0
0, 4940, 35.25
0, 4941, 35.5
0, 4942, 35.75
0, 4943, 36.0
0, 4944, 36.25
0, 4945, 36.5
0, 4946, 36.75
0, 4947, 37.0
0, 4948, 37.25
0, 4949, 37.5
0, 4950, 37.75
0, 4951, 38.0
0, 4952, 38.25
0, 4953, 38.5
0, 4954, 38.75
0, 4955, 39.0
0, 4956, 39.25
0, 4957, 39.5
0, 4958, 39.75
0, 4959, 40.0
0, 4960, 40.25
0, 4961, 40.5
0, 4962, 40.75
0, 4963, 41.0
0, 4964, 41.25
0, 4965, 41.5
0, 4966, 41.75
0, 4967, 42.0
0, 4968, 42.25
0, 4969, 42.5
0, 4970, 42.75
0, 4971, 43.0
0, 4972, 43.25
0, 4973, 43.5
0, 4974, 43.75
0, 4975, 44.0
0, 4976, 44.25
0, 4977, 44.5
0, 4978, 44.75
0, 4979, 45.0
0, 4980, 45.25
0, 4981, 45.5
0, 4982, 45.75
0, 4983, 46.0
0, 4984, 46.25
0, 4985, 46.5
0, 4986, 46.75
0, 4987, 47.0
0, 4988, 47.25
0, 4989, 47.5
0, 4990, 47.75
0, 4991, 48.0
0, 4992, 48.25
0, 4993, 48.5
0, 4994, 48.75
0, 4995, 49.0
0, 4996, 49.25
0, 4997, 49.5
0, 4998, 49.75
0, 4999, 50.0
